Data:=[[[-3/2, -1, -1/3, 3/2, 3], [1, 3, 2, 5, 4]],
[[-2, -1/4, 0, 1/3, 2], [1, 4, 2, 5, 3]],
[[-4, -2, -3/2, -1, 2], [2, 4, 1, 3, 5]],
[[-2, -1/4, 0, 1/3, 2], [1, 4, 2, 5, 3]],
[[-2, -1, 0, 1/2, 3/2], [4, 2, 1, 3, 5]],
[[-2, -1, 1/3, 3, 7], [2, 4, 1, 5, 3]],
[[-4, -2, -1/4, 1/3, 2], [1, 4, 2, 3, 5]],
[[-6, -2, -3/2, -1, 2], [4, 2, 1, 3, 5]],
[[-4, -2, -3/2, -1, 2], [2, 4, 1, 3, 5]],
[[-4, -2, -1/4, 1/3, 2], [1, 4, 2, 3, 5]],
[[-2, -3/2, -1/3, 0, 2], [1, 3, 2, 4, 5]],
[[-4, -2, 0, 2, 5], [3, 1, 2, 5, 4]],
[[-4, -2, 0, 2, 5], [3, 1, 2, 5, 4]],
[[-2, 0, 2, 3, 5], [4, 2, 1, 3, 5]],
[[-3/2, -1, -1/3, 3/2, 3], [1, 3, 2, 5, 4]],
[[-6, -4, -2, 0, 3], [3, 1, 2, 5, 4]],
[[-4, -2, 0, 2, 5], [3, 1, 2, 5, 4]],
[[-2, -1/4, 0, 1/3, 2], [1, 4, 2, 5, 3]],
[[-2, -1, 0, 1/2, 3/2], [4, 2, 1, 3, 5]],
[[-4, -1, 3/2, 3, 7], [1, 4, 2, 3, 5]],
[[-4, -1, 1/2, 2, 5], [2, 4, 1, 5, 3]],
[[-3/2, -1, -1/3, 3/2, 3], [1, 3, 2, 5, 4]],
[[-4, -3/2, -1/4, 1/2, 5], [4, 2, 1, 3, 5]],
[[-2, -1, 0, 1/2, 3/2], [4, 2, 1, 3, 5]],
[[-2, -1, 1/3, 3, 7], [2, 4, 1, 5, 3]],
[[-4, -2, -1/4, 1/3, 2], [1, 4, 2, 3, 5]]
]:
Perms:= [ [1, 2, 3, 4, 5] ,[1, 2, 3, 5, 4]
            ,[1, 2, 4, 5, 3] ,[1, 3, 2, 4, 5]
            ,[1, 3, 2, 5, 4] ,[1, 4, 2, 3, 5]
            ,[1, 5, 2, 3, 4] ,[1, 4, 2, 5, 3]
            ,[1, 5, 2, 4, 3] ,[1, 3, 4, 5, 2]
            ,[1, 4, 3, 5, 2] ,[1, 5, 3, 4, 2]
            ,[2, 1, 3, 4, 5] ,[2, 1, 3, 5, 4]
            ,[2, 1, 4, 5, 3] ,[3, 1, 2, 4, 5]
            ,[3, 1, 2, 5, 4] ,[4, 1, 2, 3, 5]
            ,[4, 1, 2, 5, 3] ,[3, 1, 4, 5, 2]
            ,[4, 1, 3, 5, 2] ,[2, 3, 1, 4, 5]
            ,[2, 3, 1, 5, 4] ,[2, 4, 1, 3, 5]
            ,[2, 4, 1, 5, 3] ,[3, 2, 1, 4, 5]
            ,[3, 2, 1, 5, 4] ,[4, 2, 1, 3, 5]
            ,[3, 4, 1, 2, 5] ,[4, 3, 1, 2, 5]
           ]:
for pi in Perms do
 data[pi]:=[]:
end do:

for Pair in Data do
  data[Pair[2]]:=[data[Pair[2]][],Pair]:
end do:

file:= fopen("badideals",WRITE):
for pi in Perms do
 fprintf(file,"######################################\n"):
 fprintf(file,"######### %a #########\n",pi):
 fprintf(file,"######################################\n"):
 for Pair in data[pi] do
  fprintf(file," %a,\n",Pair):
 end do:
end do:

fclose(file):

