##############################################################################
#
#  Data for the enumerative problem
#  We3 Xe4  = 3 on Pieri
#  1000 iterations planned  
#
##############################################################################
FlagVariety:=[1, 2, 5]:
Label := "We3 Xe4 ":
EnumerativeProblem:=[ [2, 1, 3, 4, 5] ,[2, 1, 3, 4, 5]
                     ,[2, 1, 3, 4, 5] ,[1, 3, 2, 4, 5]
                     ,[1, 3, 2, 4, 5] ,[1, 3, 2, 4, 5]
                     ,[1, 3, 2, 4, 5]]:
NumberOfSolutions := 3:
Necklaces:=[ [1, 2, 3, 4, 5, 6] ,[1, 3, 2, 4, 5, 6]
            ,[1, 4, 2, 3, 5, 6] ,[2, 4, 1, 3, 5, 6]
           ]:
Points:=[[11, 82],[19, 81],[28, 78],[35, 75],[43, 71],[50, 66],[56, 61]
       ,[62, 55],[67, 49],[72, 42],[76, 34],[79, 26],[81, 18],[82, 10]
       ,[83, 1],[83, -7],[82, -15],[80, -24],[77, -31],[73, -39],[69, -46]
       ,[64, -53],[58, -59],[52, -65],[45, -70],[38, -74],[30, -77],[22, -80]
       ,[14, -82],[6, -83] ]:
PointSelection := "QuasiUniformPointsAss(30,83)":
Machine := "Pieri":
NumberOfIterations := 1000:
##############################################################################
Instance:=10000:
PreTime:=   1690.15:
GroebnerTime:=    584.38:
RealTime:=    759.12:
Table:=[[0,10000]
       ,[1770,8230]
       ,[4976,5024]
       ,[5746,4254]]:
CoefficientHeight:=   32.5:
