##############################################################################
#
#  Data for the enumerative problem
#  W2 X2 W Xe2  = 2 on Schur
#  1000 iterations planned  
#
##############################################################################
FlagVariety:=[1, 2, 5]:
Label := "W2 X2 W Xe2 ":
EnumerativeProblem:=[ [3, 1, 2, 4, 5] ,[1, 4, 2, 3, 5]
                     ,[2, 1, 3, 4, 5] ,[1, 3, 2, 4, 5]
                     ,[1, 3, 2, 4, 5]]:
NumberOfSolutions := 2:
Necklaces:=[ [1, 2, 3, 4] ,[1, 3, 2, 4]
            ,[1, 4, 2, 3] ,[2, 1, 3, 4]
            ,[3, 1, 2, 4] ,[2, 3, 1, 4]
           ]:
Points:=[[10, 100],[18, 99],[26, 98],[33, 95],[40, 93],[47, 89],[54, 85]
       ,[60, 81],[66, 76],[72, 71],[77, 65],[82, 59],[86, 53],[90, 46]
       ,[93, 39],[96, 32],[98, 24],[100, 17],[101, 9],[101, 1],[101, -6]
       ,[100, -14],[99, -22],[97, -29],[94, -37],[91, -44],[87, -51],[83, -57]
       ,[79, -63],[74, -69],[68, -75],[62, -80],[56, -84],[49, -88],[42, -92]
       ,[35, -95],[28, -97],[20, -99],[13, -100],[5, -101] ]:
PointSelection := "QuasiUniformPointsAss(40,101)":
Machine := "Schur":
NumberOfIterations := 1000:
##############################################################################
Instance:=10000:
PreTime:=    664.98:
GroebnerTime:=    259.23:
RealTime:=    367.79:
Table:=[[2088,7912]
       ,[2004,7996]
       ,[0,10000]
       ,[0,10000]
       ,[0,10000]
       ,[351,9649]]:
CoefficientHeight:=   16.1:
