##############################################################################
#
#  Data for the enumerative problem
#  A214 Ye4 We2  = 5 on Schur
#  1000 iterations planned  
#
##############################################################################
FlagVariety:=[1, 3, 5]:
Label := "A214 Ye4 We2 ":
EnumerativeProblem:=[ [2, 1, 4, 3, 5] ,[1, 2, 4, 3, 5]
                     ,[1, 2, 4, 3, 5] ,[1, 2, 4, 3, 5]
                     ,[1, 2, 4, 3, 5] ,[2, 1, 3, 4, 5]
                     ,[2, 1, 3, 4, 5]]:
NumberOfSolutions := 5:
Necklaces:=[ [1, 2, 3, 4, 5, 6] ,[1, 2, 3, 5, 4, 6]
            ,[1, 2, 3, 6, 4, 5] ,[1, 2, 4, 5, 3, 6]
            ,[1, 2, 4, 6, 3, 5] ,[1, 2, 5, 6, 3, 4]
            ,[1, 3, 4, 5, 2, 6] ,[1, 3, 4, 6, 2, 5]
            ,[2, 3, 4, 5, 1, 6]]:
Points:=[[9, 66],[16, 65],[22, 63],[28, 61],[34, 57],[40, 54],[45, 49]
       ,[50, 44],[54, 39],[58, 34],[61, 27],[64, 21],[65, 15],[67, 8]
       ,[67, 1],[67, -6],[66, -12],[64, -19],[62, -25],[59, -32],[56, -37]
       ,[52, -43],[47, -48],[42, -52],[36, -56],[31, -60],[24, -62],[18, -65]
       ,[11, -66],[5, -67] ]:
PointSelection := "QuasiUniformPointsAss(30,67)":
Machine := "Schur":
NumberOfIterations := 1000:
##############################################################################
Instance:=15000:
PreTime:=   1165.83:
GroebnerTime:=   1555.13:
RealTime:=   1235.25:
Table:=[[0,0,15000]
       ,[987,2232,11781]
       ,[3074,4867,7059]
       ,[70,7596,7334]
       ,[619,8416,5965]
       ,[619,6536,7845]
       ,[3452,6583,4965]
       ,[86,9251,5663]
       ,[3615,1930,9455]]:
CoefficientHeight:=   41.7:
