#BadIdeals here, if any
##############################################################################
#
#  Data for the enumerative problem
#  We3 Ye5  = 5 on hermes
#  25000 iterations planned  
#
##############################################################################
FlagVariety:=[1, 3, 5]:
Label := "We3 Ye5 ":
EnumerativeProblem:=[ [2, 1, 3, 4, 5] ,[2, 1, 3, 4, 5]
                     ,[2, 1, 3, 4, 5] ,[1, 2, 4, 3, 5]
                     ,[1, 2, 4, 3, 5] ,[1, 2, 4, 3, 5]
                     ,[1, 2, 4, 3, 5] ,[1, 2, 4, 3, 5]
                    ]:
NumberOfSolutions := 5:
Necklaces:=[ [1, 2, 3, 4, 5, 6, 7] ,[1, 3, 2, 4, 5, 6, 7]
            ,[1, 4, 2, 3, 5, 6, 7] ,[2, 4, 1, 3, 5, 6, 7]
            ,[2, 5, 1, 3, 4, 6, 7]]:
Points:=[[11, 82],[19, 81],[28, 78],[35, 75],[43, 71],[50, 66],[56, 61]
       ,[62, 55],[67, 49],[72, 42],[76, 34],[79, 26],[81, 18],[82, 10]
       ,[83, 1],[83, -7],[82, -15],[80, -24],[77, -31],[73, -39],[69, -46]
       ,[64, -53],[58, -59],[52, -65],[45, -70],[38, -74],[30, -77],[22, -80]
       ,[14, -82],[6, -83] ]:
PointSelection := "QuasiUniformPointsAss(30,83)":
Machine := "rcf1537-8":
NumberOfIterations := 25000:
##############################################################################
Instance:=25000:
PreTime:=   3554.39:
GroebnerTime:=   3882.35:
RealTime:=   2615.38:
Table:=[[0,0,25000]
       ,[3613,3674,17713]
       ,[4112,10695,10193]
       ,[4503,8287,12210]
       ,[194,17240,7566]]:
CoefficientHeight:=   57.8:

