##############################################################################
#
#  Data for the enumerative problem
#  Y11 Ye3 We3  = 3 on Schur
#  1000 iterations planned  
#
##############################################################################
FlagVariety:=[1, 3, 5]:
Label := "Y11 Ye3 We3 ":
EnumerativeProblem:=[ [1, 3, 4, 2, 5] ,[1, 2, 4, 3, 5]
                     ,[1, 2, 4, 3, 5] ,[1, 2, 4, 3, 5]
                     ,[2, 1, 3, 4, 5] ,[2, 1, 3, 4, 5]
                     ,[2, 1, 3, 4, 5]]:
NumberOfSolutions := 3:
Necklaces:=[ [1, 2, 3, 4, 5, 6] ,[1, 2, 4, 3, 5, 6]
            ,[1, 2, 5, 3, 4, 6] ,[1, 2, 6, 3, 4, 5]
            ,[1, 3, 4, 2, 5, 6] ,[1, 3, 5, 2, 4, 6]
            ,[1, 3, 6, 2, 4, 5] ,[1, 4, 5, 2, 3, 6]
            ,[2, 3, 4, 1, 5, 6] ,[2, 3, 5, 1, 4, 6]
           ]:
Points:=[[9, 66],[16, 65],[22, 63],[28, 61],[34, 57],[40, 54],[45, 49]
       ,[50, 44],[54, 39],[58, 34],[61, 27],[64, 21],[65, 15],[67, 8]
       ,[67, 1],[67, -6],[66, -12],[64, -19],[62, -25],[59, -32],[56, -37]
       ,[52, -43],[47, -48],[42, -52],[36, -56],[31, -60],[24, -62],[18, -65]
       ,[11, -66],[5, -67] ]:
PointSelection := "QuasiUniformPointsAss(30,67)":
Machine := "Schur":
NumberOfIterations := 1000:
##############################################################################
Instance:=10000:
PreTime:=    759.54:
GroebnerTime:=    473.46:
RealTime:=    491.52:
Table:=[[0,10000]
       ,[2004,7996]
       ,[3130,6870]
       ,[0,10000]
       ,[3529,6471]
       ,[3712,6288]
       ,[1923,8077]
       ,[5049,4951]
       ,[1685,8315]
       ,[5072,4928]]:
CoefficientHeight:=   19.3:
