##############################################################################
#
#  Data for the enumerative problem
#  We4 Ye4  = 2 on Pieri
#  1000 iterations planned  
#
##############################################################################
FlagVariety:=[1, 3, 5]:
Label := "We4 Ye4 ":
EnumerativeProblem:=[ [2, 1, 3, 4, 5] ,[2, 1, 3, 4, 5]
                     ,[2, 1, 3, 4, 5] ,[2, 1, 3, 4, 5]
                     ,[1, 2, 4, 3, 5] ,[1, 2, 4, 3, 5]
                     ,[1, 2, 4, 3, 5] ,[1, 2, 4, 3, 5]
                    ]:
NumberOfSolutions := 2:
Necklaces:=[ [1, 2, 3, 4, 5, 6, 7] ,[1, 2, 4, 3, 5, 6, 7]
            ,[1, 2, 5, 3, 4, 6, 7] ,[1, 3, 4, 2, 5, 6, 7]
            ,[1, 3, 5, 2, 4, 6, 7] ,[1, 3, 6, 2, 4, 5, 7]
            ,[1, 4, 5, 2, 3, 6, 7] ,[2, 4, 6, 1, 3, 5, 7]
           ]:
Points:=[[11, 82],[19, 81],[28, 78],[35, 75],[43, 71],[50, 66],[56, 61]
       ,[62, 55],[67, 49],[72, 42],[76, 34],[79, 26],[81, 18],[82, 10]
       ,[83, 1],[83, -7],[82, -15],[80, -24],[77, -31],[73, -39],[69, -46]
       ,[64, -53],[58, -59],[52, -65],[45, -70],[38, -74],[30, -77],[22, -80]
       ,[14, -82],[6, -83] ]:
PointSelection := "QuasiUniformPointsAss(30,83)":
Machine := "Pieri":
NumberOfIterations := 1000:
##############################################################################
Instance:=10000:
PreTime:=   1782.57:
GroebnerTime:=    897.04:
RealTime:=    828.34:
Table:=[[0,10000]
       ,[0,10000]
       ,[0,10000]
       ,[0,10000]
       ,[241,9759]
       ,[445,9555]
       ,[615,9385]
       ,[0,10000]]:
CoefficientHeight:=   62.7:
