##############################################################################
#
#  Data for the enumerative problem
#  Y2 W2 Ye3 W  = 2 on Noether
#
##############################################################################
FlagVariety:=[1, 3, 5]:
Label := "Y2 W2 Ye3 W ":
EnumerativeProblem:=[ [1, 2, 5, 3, 4] ,[3, 1, 2, 4, 5]
                     ,[1, 2, 4, 3, 5] ,[1, 2, 4, 3, 5]
                     ,[1, 2, 4, 3, 5] ,[2, 1, 3, 4, 5]
                    ]:
NumberOfSolutions := 2:
Necklaces:=[ [1, 2, 3, 4, 5] ,[1, 2, 3, 5, 4]
            ,[1, 2, 4, 5, 3] ,[1, 3, 4, 5, 2]
            ,[2, 1, 3, 4, 5] ,[2, 1, 3, 5, 4]
            ,[2, 1, 4, 5, 3] ,[3, 1, 2, 4, 5]
            ,[3, 1, 2, 5, 4] ,[4, 1, 2, 3, 5]
           ]:
Points:=[[10, 100],[18, 99],[26, 98],[33, 95],[40, 93],[47, 89],[54, 85]
       ,[60, 81],[66, 76],[72, 71],[77, 65],[82, 59],[86, 53],[90, 46]
       ,[93, 39],[96, 32],[98, 24],[100, 17],[101, 9],[101, 1],[101, -6]
       ,[100, -14],[99, -22],[97, -29],[94, -37],[91, -44],[87, -51],[83, -57]
       ,[79, -63],[74, -69],[68, -75],[62, -80],[56, -84],[49, -88],[42, -92]
       ,[35, -95],[28, -97],[20, -99],[13, -100],[5, -101] ]:
PointSelection := "QuasiUniformPointsAss(40,101)":
Machine := "Noether":
##############################################################################
Instance:=25000:
PreTime:=   4207.22:
GroebnerTime:=   2121.81:
RealTime:=   2268.93:
Table:=[[108,24892]
       ,[4097,20903]
       ,[1048,23952]
       ,[0,25000]
       ,[9701,15299]
       ,[5460,19540]
       ,[0,25000]
       ,[4253,20747]
       ,[0,25000]
       ,[0,25000]]:
CoefficientHeight:=   24.7:
