##############################################################################
#
#  Data for the enumerative problem
#  A31526 A21436e2 Xe2  = 8 on Noether
#
##############################################################################
FlagVariety:=[1, 3, 5, 6]:
Label := "A31526 A21436e2 Xe2 ":
EnumerativeProblem:=[ [3, 1, 5, 2, 6, 4] ,[2, 1, 4, 3, 6, 5]
                     ,[2, 1, 4, 3, 6, 5] ,[1, 2, 4, 3, 5, 6]
                     ,[1, 2, 4, 3, 5, 6]]:
NumberOfSolutions := 8:
Necklaces:=[ [1, 2, 3, 4] ,[1, 3, 2, 4]
            ,[1, 4, 2, 3] ,[2, 3, 1, 4]
           ]:
Points:=[[3, 80],[6, 80],[8, 80],[11, 79],[13, 79],[16, 78],[18, 78]
       ,[21, 77],[23, 77],[25, 76],[28, 75],[30, 74],[32, 73],[34, 72]
       ,[37, 71],[39, 70],[41, 69],[43, 67],[45, 66],[47, 65],[49, 63]
       ,[51, 61],[53, 60],[55, 58],[57, 56],[58, 55],[60, 53],[62, 51]
       ,[63, 49],[65, 47],[66, 45],[68, 43],[69, 41],[70, 39],[71, 36]
       ,[72, 34],[73, 32],[74, 30],[75, 27],[76, 25],[77, 23],[77, 20]
       ,[78, 18],[79, 15],[79, 13],[79, 10],[80, 8],[80, 5],[80, 3]
       ,[80, 0],[80, -2],[80, -5],[80, -7],[79, -10],[79, -12],[79, -14]
       ,[78, -17],[78, -19],[77, -22],[76, -24],[76, -26],[75, -29],[74, -31]
       ,[73, -33],[72, -36],[70, -38],[69, -40],[68, -42],[67, -44],[65, -46]
       ,[64, -48],[62, -50],[61, -52],[59, -54],[57, -56],[56, -58],[54, -59]
       ,[52, -61],[50, -63],[48, -64],[46, -65],[44, -67],[42, -68],[40, -69]
       ,[37, -71],[35, -72],[33, -73],[31, -74],[28, -75],[26, -76],[24, -76]
       ,[21, -77],[19, -78],[16, -78],[14, -79],[12, -79],[9, -79],[7, -80]
       ,[4, -80],[2, -80] ]:
PointSelection := "QuasiUniformPointsAss(100,80)":
Machine := "Noether":
##############################################################################
Instance:=500000:
PreTime:= 137023.00:
GroebnerTime:= 422674.39:
RealTime:=  86525.79:
Table:=[[0,0,496029,0,3971]
       ,[156059,0,340283,0,3658]
       ,[443703,0,56297,0,0]
       ,[55549,0,444379,0,72]]:
CoefficientHeight:=  130.4:
