[6, [5, 6, 8, 9], [5, 6, 8, 9], [5, 6, 8, 9], [3, 5, 6, 9], [3, 4, 7, 9]]
 
[6, [3, 7, 8, 9], [3, 7, 8, 9], [3, 7, 8, 9], [4, 5, 7, 9], [2, 6, 7, 9]]
 
[6, [4, 6, 8, 9], [2, 7, 8, 9], [2, 7, 8, 9], [2, 7, 8, 9], [2, 6, 8, 9]]
 
[6, [5, 7, 8, 9], [5, 7, 8, 9], [5, 7, 8, 9], [5, 7, 8, 9], [3, 6, 8, 9], [2, 3, 4, 9]]
 
[6, [5, 7, 8, 9], [5, 7, 8, 9], [5, 7, 8, 9], [5, 7, 8, 9], [3, 5, 8, 9], [2, 3, 5, 9]]
 
[6, [5, 7, 8, 9], [5, 7, 8, 9], [5, 7, 8, 9], [5, 7, 8, 9], [3, 4, 8, 9], [2, 3, 6, 9]]
 
[6, [5, 7, 8, 9], [5, 7, 8, 9], [5, 7, 8, 9], [4, 7, 8, 9], [4, 6, 8, 9], [2, 3, 4, 9]]
 
[6, [5, 7, 8, 9], [5, 7, 8, 9], [5, 7, 8, 9], [5, 6, 8, 9], [3, 7, 8, 9], [2, 3, 4, 9]]
 
[6, [5, 7, 8, 9], [5, 7, 8, 9], [5, 7, 8, 9], [4, 7, 8, 9], [4, 5, 8, 9], [2, 3, 5, 9]]
 
[6, [5, 7, 8, 9], [5, 7, 8, 9], [5, 7, 8, 9], [4, 6, 7, 9], [4, 5, 8, 9], [3, 4, 5, 9]]
 
[6, [5, 7, 8, 9], [5, 7, 8, 9], [5, 6, 8, 9], [4, 7, 8, 9], [4, 7, 8, 9], [2, 3, 4, 9]]
 
[6, [5, 6, 8, 9], [5, 6, 8, 9], [5, 6, 8, 9], [5, 6, 8, 9], [5, 6, 8, 9], [2, 3, 6, 9]]
 
[6, [5, 6, 8, 9], [4, 7, 8, 9], [4, 7, 8, 9], [4, 7, 8, 9], [3, 7, 8, 9], [3, 4, 5, 9]]
 
[6, [5, 6, 8, 9], [5, 6, 8, 9], [5, 6, 8, 9], [5, 6, 8, 9], [3, 7, 8, 9], [2, 3, 7, 9]]
 
[6, [5, 6, 8, 9], [5, 6, 8, 9], [5, 6, 8, 9], [4, 7, 8, 9], [4, 5, 8, 9], [2, 3, 8, 9]]
 
[6, [5, 6, 8, 9], [5, 6, 8, 9], [5, 6, 8, 9], [5, 6, 8, 9], [3, 6, 8, 9], [2, 3, 8, 9]]
 
[6, [5, 6, 8, 9], [5, 6, 8, 9], [5, 6, 8, 9], [5, 6, 8, 9], [4, 5, 6, 9], [3, 4, 8, 9]]
 
[6, [5, 6, 8, 9], [5, 6, 8, 9], [5, 6, 8, 9], [4, 6, 8, 9], [3, 7, 8, 9], [2, 3, 8, 9]]
 
[6, [5, 6, 8, 9], [4, 7, 8, 9], [2, 7, 8, 9], [2, 7, 8, 9], [2, 7, 8, 9], [2, 7, 8, 9]]
 
[6, [5, 6, 8, 9], [3, 7, 8, 9], [3, 7, 8, 9], [3, 7, 8, 9], [3, 7, 8, 9], [4, 5, 6, 9]]
 
[6, [5, 6, 8, 9], [5, 6, 7, 9], [5, 6, 7, 9], [5, 6, 7, 9], [3, 7, 8, 9], [4, 5, 6, 9]]
 
[6, [5, 6, 8, 9], [3, 7, 8, 9], [3, 7, 8, 9], [2, 7, 8, 9], [2, 7, 8, 9], [2, 7, 8, 9]]
 
[6, [5, 6, 7, 9], [5, 6, 7, 9], [5, 6, 7, 9], [5, 6, 7, 9], [3, 7, 8, 9], [4, 5, 7, 9]]
 
[6, [5, 6, 7, 9], [5, 6, 7, 9], [5, 6, 7, 9], [5, 6, 7, 9], [5, 6, 7, 9], [3, 6, 7, 9]]
 
[6, [5, 6, 7, 9], [5, 6, 7, 9], [5, 6, 7, 9], [3, 7, 8, 9], [4, 6, 7, 9], [4, 5, 8, 9]]
 
[6, [5, 6, 7, 9], [5, 6, 7, 9], [5, 6, 7, 9], [5, 6, 7, 9], [4, 5, 8, 9], [3, 6, 8, 9]]
 
[6, [5, 7, 8, 9], [5, 7, 8, 9], [5, 7, 8, 9], [5, 7, 8, 9], [5, 6, 7, 9], [4, 5, 8, 9], [3, 4, 5, 9]]
 
[6, [5, 7, 8, 9], [5, 6, 8, 9], [5, 6, 8, 9], [5, 6, 8, 9], [5, 6, 8, 9], [3, 7, 8, 9], [2, 3, 8, 9]]
 
[6, [5, 7, 8, 9], [5, 6, 7, 9], [5, 6, 7, 9], [5, 6, 7, 9], [5, 6, 7, 9], [3, 7, 8, 9], [4, 5, 8, 9]]
 
[8, [5, 7, 8, 9], [5, 7, 8, 9], [4, 5, 8, 9], [2, 4, 8, 9], [2, 4, 8, 9]]
 
[8, [5, 7, 8, 9], [5, 7, 8, 9], [3, 4, 8, 9], [2, 5, 8, 9], [2, 5, 8, 9]]
 
[8, [4, 6, 8, 9], [4, 6, 8, 9], [2, 7, 8, 9], [2, 7, 8, 9], [3, 4, 8, 9]]
 
[10, [4, 6, 8, 9], [4, 6, 8, 9], [3, 5, 6, 9], [3, 5, 6, 9]]
 
[10, [5, 7, 8, 9], [5, 7, 8, 9], [5, 7, 8, 9], [5, 7, 8, 9], [5, 7, 8, 9], [3, 7, 8, 9], [2, 3, 4, 9]]
 
[10, [5, 7, 8, 9], [5, 7, 8, 9], [5, 7, 8, 9], [5, 7, 8, 9], [5, 7, 8, 9], [4, 6, 8, 9], [2, 3, 4, 9]]
 
[10, [5, 7, 8, 9], [5, 7, 8, 9], [5, 7, 8, 9], [5, 7, 8, 9], [5, 7, 8, 9], [4, 5, 8, 9], [2, 3, 5, 9]]
 
[10, [5, 7, 8, 9], [5, 7, 8, 9], [5, 7, 8, 9], [5, 7, 8, 9], [4, 7, 8, 9], [4, 7, 8, 9], [2, 3, 4, 9]]
 
[10, [5, 7, 8, 9], [5, 7, 8, 9], [5, 7, 8, 9], [5, 7, 8, 9], [5, 6, 8, 9], [4, 7, 8, 9], [2, 3, 4, 9]]
 
[10, [5, 6, 8, 9], [5, 6, 8, 9], [5, 6, 8, 9], [5, 6, 8, 9], [5, 6, 8, 9], [4, 7, 8, 9], [2, 3, 8, 9]]
 
[10, [4, 7, 8, 9], [5, 6, 7, 9], [5, 6, 7, 9], [5, 6, 7, 9], [5, 6, 7, 9], [5, 6, 7, 9], [5, 6, 7, 9]]
 
[10, [5, 6, 8, 9], [5, 6, 7, 9], [5, 6, 7, 9], [5, 6, 7, 9], [5, 6, 7, 9], [5, 6, 7, 9], [3, 7, 8, 9]]
 
[15, [5, 7, 8, 9], [5, 7, 8, 9], [5, 7, 8, 9], [5, 7, 8, 9], [5, 7, 8, 9], [5, 7, 8, 9], [5, 6, 8, 9], [2, 3, 4, 9]]
 
[20, [5, 7, 8, 9], [5, 7, 8, 9], [5, 7, 8, 9], [5, 7, 8, 9], [5, 7, 8, 9], [5, 7, 8, 9], [4, 7, 8, 9], [2, 3, 4, 9]]
 
[21, [3, 5, 8, 9], [3, 5, 8, 9], [3, 5, 8, 9], [3, 5, 8, 9]]
 
[32, [5, 7, 8, 9], [5, 7, 8, 9], [5, 7, 8, 9], [5, 7, 8, 9], [4, 5, 8, 9], [3, 4, 8, 9], [3, 4, 8, 9]]
 
[35, [5, 7, 8, 9], [5, 7, 8, 9], [5, 7, 8, 9], [5, 7, 8, 9], [5, 7, 8, 9], [5, 7, 8, 9], [5, 7, 8, 9], [5, 7, 8, 9], [2, 3, 4, 9]]
 
[36, [5, 7, 8, 9], [5, 7, 8, 9], [5, 7, 8, 9], [5, 7, 8, 9], [5, 7, 8, 9], [5, 7, 8, 9], [2, 7, 8, 9], [2, 3, 6, 9]]
 
[80, [5, 7, 8, 9], [5, 7, 8, 9], [5, 7, 8, 9], [5, 7, 8, 9], [5, 7, 8, 9], [5, 7, 8, 9], [2, 4, 8, 9], [2, 4, 8, 9]]
 
[108, [3, 6, 8, 9], [3, 6, 8, 9], [3, 6, 8, 9], [3, 6, 8, 9], [3, 6, 8, 9]]
 
[280, [5, 7, 8, 9], [5, 7, 8, 9], [5, 7, 8, 9], [5, 7, 8, 9], [5, 7, 8, 9], [5, 7, 8, 9], [5, 7, 8, 9], [5, 7, 8, 9], [3, 4, 8, 9], [3, 4, 8, 9]]
 
[420, [5, 7, 8, 9], [5, 7, 8, 9], [5, 7, 8, 9], [5, 7, 8, 9], [5, 7, 8, 9], [5, 7, 8, 9], [5, 7, 8, 9], [5, 7, 8, 9], [5, 7, 8, 9], [5, 7, 8, 9], [2, 7, 8, 9], [4, 5, 6, 9]]
 
