[4, [4, 6, 7, 9], [4, 5, 8, 9], [4, 5, 8, 9], [3, 4, 6, 9]]
4 | 12645
2,2 | 18520
2,1,1 | 12292
1,1,1,1 | 6149
[4, [4, 6, 7, 9], [4, 6, 7, 9], [4, 5, 8, 9], [2, 5, 6, 9]]
4 | 12464
2,2 | 18623
2,1,1 | 12399
1,1,1,1 | 6080
[4, [4, 6, 7, 9], [4, 6, 7, 9], [4, 6, 7, 9], [2, 4, 7, 9]]
4 | 12491
2,2 | 18442
2,1,1 | 12357
1,1,1,1 | 6267
[4, [4, 6, 7, 9], [4, 5, 8, 9], [2, 6, 8, 9], [3, 4, 7, 9]]
4 | 12549
2,2 | 18499
2,1,1 | 12222
1,1,1,1 | 6279
[4, [4, 6, 7, 9], [4, 6, 7, 9], [2, 6, 8, 9], [2, 5, 7, 9]]
4 | 12453
2,2 | 18635
2,1,1 | 12284
1,1,1,1 | 6144
[4, [4, 6, 7, 9], [3, 6, 8, 9], [3, 4, 8, 9], [3, 4, 8, 9]]
4 | 12455
2,2 | 18577
2,1,1 | 12465
1,1,1,1 | 6067
[4, [4, 6, 7, 9], [4, 5, 8, 9], [3, 4, 8, 9], [2, 5, 8, 9]]
4 | 12480
2,2 | 18649
2,1,1 | 12223
1,1,1,1 | 6206
[4, [4, 6, 7, 9], [4, 6, 7, 9], [2, 5, 8, 9], [2, 5, 8, 9]]
4 | 12516
2,2 | 18450
2,1,1 | 12409
1,1,1,1 | 6195
[4, [4, 5, 8, 9], [3, 6, 7, 9], [2, 6, 8, 9], [3, 4, 8, 9]]
4 | 12531
2,2 | 18623
2,1,1 | 12324
1,1,1,1 | 6055
[4, [4, 6, 7, 9], [2, 6, 8, 9], [2, 6, 8, 9], [3, 5, 7, 9]]
4 | 12580
2,2 | 18408
2,1,1 | 12347
1,1,1,1 | 6132
[4, [4, 6, 7, 9], [3, 5, 8, 9], [2, 6, 8, 9], [3, 4, 8, 9]]
4 | 12544
2,2 | 18589
2,1,1 | 12220
1,1,1,1 | 6157
[4, [4, 6, 7, 9], [3, 6, 7, 9], [2, 6, 8, 9], [2, 5, 8, 9]]
4 | 12294
2,2 | 18641
2,1,1 | 12216
1,1,1,1 | 6343
[4, [3, 6, 7, 9], [3, 6, 7, 9], [2, 6, 8, 9], [2, 6, 8, 9]]
4 | 12448
2,2 | 18464
2,1,1 | 12419
1,1,1,1 | 6173
[4, [5, 7, 8, 9], [5, 6, 7, 9], [4, 5, 8, 9], [4, 5, 8, 9], [3, 4, 6, 9]]
4 | 12377
2,2 | 18634
2,1,1 | 12328
1,1,1,1 | 6280
[4, [5, 7, 8, 9], [5, 6, 7, 9], [4, 6, 7, 9], [4, 5, 8, 9], [2, 5, 6, 9]]
4 | 12408
2,2 | 18734
2,1,1 | 12261
1,1,1,1 | 6150
[4, [5, 7, 8, 9], [5, 6, 7, 9], [4, 6, 7, 9], [4, 6, 7, 9], [2, 4, 7, 9]]
4 | 12503
2,2 | 18562
2,1,1 | 12329
1,1,1,1 | 6177
[4, [5, 7, 8, 9], [5, 6, 7, 9], [4, 5, 8, 9], [2, 6, 8, 9], [3, 4, 7, 9]]
4 | 12309
2,2 | 18648
2,1,1 | 12503
1,1,1,1 | 6097
[4, [5, 7, 8, 9], [5, 6, 7, 9], [4, 6, 7, 9], [2, 6, 8, 9], [2, 5, 7, 9]]
4 | 12263
2,2 | 18639
2,1,1 | 12406
1,1,1,1 | 6238
[4, [5, 7, 8, 9], [3, 7, 8, 9], [4, 6, 7, 9], [3, 4, 8, 9], [3, 4, 8, 9]]
4 | 12438
2,2 | 18580
2,1,1 | 12374
1,1,1,1 | 6175
[4, [5, 7, 8, 9], [5, 6, 7, 9], [3, 6, 8, 9], [3, 4, 8, 9], [3, 4, 8, 9]]
4 | 12559
2,2 | 18666
2,1,1 | 12149
1,1,1,1 | 6174
[4, [5, 7, 8, 9], [5, 6, 7, 9], [4, 5, 8, 9], [3, 4, 8, 9], [2, 5, 8, 9]]
4 | 12551
2,2 | 18437
2,1,1 | 12440
1,1,1,1 | 6120
[4, [5, 7, 8, 9], [5, 6, 7, 9], [4, 6, 7, 9], [2, 5, 8, 9], [2, 5, 8, 9]]
4 | 12397
2,2 | 18564
2,1,1 | 12434
1,1,1,1 | 6167
[4, [5, 7, 8, 9], [5, 6, 7, 9], [2, 6, 8, 9], [2, 6, 8, 9], [3, 5, 7, 9]]
4 | 12452
2,2 | 18385
2,1,1 | 12467
1,1,1,1 | 6203
[4, [5, 7, 8, 9], [5, 6, 7, 9], [3, 5, 8, 9], [2, 6, 8, 9], [3, 4, 8, 9]]
4 | 12688
2,2 | 18542
2,1,1 | 12240
1,1,1,1 | 6047
[4, [5, 7, 8, 9], [5, 6, 7, 9], [3, 6, 7, 9], [2, 6, 8, 9], [2, 5, 8, 9]]
4 | 12330
2,2 | 18646
2,1,1 | 12316
1,1,1,1 | 6216
[4, [5, 7, 8, 9], [4, 6, 7, 9], [4, 5, 8, 9], [2, 7, 8, 9], [3, 4, 7, 9]]
4 | 12405
2,2 | 18663
2,1,1 | 12391
1,1,1,1 | 6129
[4, [5, 7, 8, 9], [4, 6, 7, 9], [4, 6, 7, 9], [2, 7, 8, 9], [2, 5, 7, 9]]
4 | 12629
2,2 | 18638
2,1,1 | 12084
1,1,1,1 | 6232
[4, [5, 7, 8, 9], [4, 6, 7, 9], [4, 6, 7, 9], [4, 6, 7, 9], [2, 4, 8, 9]]
4 | 12572
2,2 | 18495
2,1,1 | 12235
1,1,1,1 | 6238
[4, [5, 7, 8, 9], [4, 5, 8, 9], [2, 7, 8, 9], [3, 6, 7, 9], [3, 4, 8, 9]]
4 | 12549
2,2 | 18597
2,1,1 | 12186
1,1,1,1 | 6191
[4, [5, 7, 8, 9], [4, 6, 7, 9], [2, 7, 8, 9], [2, 6, 8, 9], [3, 5, 7, 9]]
4 | 12409
2,2 | 18651
2,1,1 | 12295
1,1,1,1 | 6167
[4, [5, 7, 8, 9], [4, 6, 7, 9], [2, 7, 8, 9], [3, 5, 8, 9], [3, 4, 8, 9]]
4 | 12473
2,2 | 18555
2,1,1 | 12182
1,1,1,1 | 6344
[4, [5, 7, 8, 9], [4, 6, 7, 9], [2, 7, 8, 9], [3, 6, 7, 9], [2, 5, 8, 9]]
4 | 12403
2,2 | 18556
2,1,1 | 12254
1,1,1,1 | 6338
[4, [5, 7, 8, 9], [4, 6, 7, 9], [4, 6, 7, 9], [2, 6, 8, 9], [2, 6, 7, 9]]
4 | 12422
2,2 | 18697
2,1,1 | 12256
1,1,1,1 | 6161
[4, [5, 7, 8, 9], [2, 7, 8, 9], [3, 6, 7, 9], [3, 6, 7, 9], [2, 6, 8, 9]]
4 | 12634
2,2 | 18494
2,1,1 | 12315
1,1,1,1 | 6154
[4, [5, 7, 8, 9], [4, 6, 7, 9], [4, 5, 7, 9], [2, 6, 8, 9], [2, 6, 8, 9]]
4 | 12490
2,2 | 18460
2,1,1 | 12409
1,1,1,1 | 6137
[4, [4, 7, 8, 9], [5, 6, 7, 9], [4, 5, 8, 9], [2, 6, 8, 9], [3, 4, 8, 9]]
4 | 12601
2,2 | 18597
2,1,1 | 12266
1,1,1,1 | 6063
[4, [4, 7, 8, 9], [5, 6, 7, 9], [4, 6, 7, 9], [2, 6, 8, 9], [2, 5, 8, 9]]
4 | 12486
2,2 | 18652
2,1,1 | 12126
1,1,1,1 | 6246
[4, [4, 7, 8, 9], [5, 6, 7, 9], [3, 6, 7, 9], [2, 6, 8, 9], [2, 6, 8, 9]]
4 | 12427
2,2 | 18734
2,1,1 | 12355
1,1,1,1 | 6027
[4, [4, 7, 8, 9], [4, 6, 7, 9], [4, 5, 8, 9], [2, 7, 8, 9], [3, 4, 8, 9]]
4 | 12255
2,2 | 18731
2,1,1 | 12373
1,1,1,1 | 6225
[4, [4, 7, 8, 9], [4, 6, 7, 9], [4, 6, 7, 9], [2, 7, 8, 9], [2, 5, 8, 9]]
4 | 12204
2,2 | 18712
2,1,1 | 12396
1,1,1,1 | 6213
[4, [4, 7, 8, 9], [4, 6, 7, 9], [2, 7, 8, 9], [3, 6, 7, 9], [2, 6, 8, 9]]
4 | 12317
2,2 | 18417
2,1,1 | 12604
1,1,1,1 | 6181
[4, [5, 6, 8, 9], [4, 6, 7, 9], [4, 6, 7, 9], [2, 6, 8, 9], [2, 6, 8, 9]]
4 | 12348
2,2 | 18724
2,1,1 | 12333
1,1,1,1 | 6095
[4, [5, 6, 7, 9], [4, 6, 8, 9], [4, 6, 7, 9], [2, 6, 8, 9], [2, 6, 8, 9]]
4 | 12377
2,2 | 18560
2,1,1 | 12429
1,1,1,1 | 6143
[4, [4, 6, 8, 9], [4, 6, 7, 9], [4, 6, 7, 9], [2, 7, 8, 9], [2, 6, 8, 9]]
4 | 12628
2,2 | 18505
2,1,1 | 12173
1,1,1,1 | 6245
[4, [5, 7, 8, 9], [5, 7, 8, 9], [5, 6, 7, 9], [5, 6, 7, 9], [4, 5, 8, 9], [2, 5, 6, 9]]
4 | 12563
2,2 | 18661
2,1,1 | 12196
1,1,1,1 | 6109
[4, [5, 7, 8, 9], [5, 7, 8, 9], [5, 6, 7, 9], [5, 6, 7, 9], [4, 6, 7, 9], [2, 4, 7, 9]]
4 | 12496
2,2 | 18561
2,1,1 | 12390
1,1,1,1 | 6089
[4, [5, 7, 8, 9], [5, 7, 8, 9], [5, 6, 7, 9], [5, 6, 7, 9], [2, 6, 8, 9], [2, 5, 7, 9]]
4 | 12276
2,2 | 18475
2,1,1 | 12524
1,1,1,1 | 6237
[4, [5, 7, 8, 9], [5, 7, 8, 9], [5, 6, 7, 9], [3, 7, 8, 9], [3, 4, 8, 9], [3, 4, 8, 9]]
4 | 12579
2,2 | 18538
2,1,1 | 12307
1,1,1,1 | 6131
[4, [5, 7, 8, 9], [5, 7, 8, 9], [5, 6, 7, 9], [5, 6, 7, 9], [2, 5, 8, 9], [2, 5, 8, 9]]
4 | 12473
2,2 | 18592
2,1,1 | 12283
1,1,1,1 | 6215
[4, [5, 7, 8, 9], [5, 7, 8, 9], [5, 6, 7, 9], [4, 5, 8, 9], [2, 7, 8, 9], [3, 4, 7, 9]]
4 | 12579
2,2 | 18661
2,1,1 | 12241
1,1,1,1 | 6110
[4, [5, 7, 8, 9], [5, 7, 8, 9], [5, 6, 7, 9], [4, 6, 7, 9], [2, 7, 8, 9], [2, 5, 7, 9]]
4 | 12420
2,2 | 18504
2,1,1 | 12546
1,1,1,1 | 6141
[4, [5, 7, 8, 9], [5, 7, 8, 9], [5, 6, 7, 9], [4, 6, 7, 9], [4, 6, 7, 9], [2, 4, 8, 9]]
4 | 12563
2,2 | 18476
2,1,1 | 12376
1,1,1,1 | 6151
[4, [5, 7, 8, 9], [5, 7, 8, 9], [5, 6, 7, 9], [2, 7, 8, 9], [2, 6, 8, 9], [3, 5, 7, 9]]
4 | 12245
2,2 | 18523
2,1,1 | 12574
1,1,1,1 | 6167
[4, [5, 7, 8, 9], [5, 7, 8, 9], [5, 6, 7, 9], [2, 7, 8, 9], [3, 5, 8, 9], [3, 4, 8, 9]]
4 | 12571
2,2 | 18463
2,1,1 | 12386
1,1,1,1 | 6134
[4, [5, 7, 8, 9], [5, 7, 8, 9], [5, 6, 7, 9], [2, 7, 8, 9], [3, 6, 7, 9], [2, 5, 8, 9]]
4 | 12427
2,2 | 18378
2,1,1 | 12605
1,1,1,1 | 6159
[4, [5, 7, 8, 9], [5, 7, 8, 9], [5, 6, 7, 9], [4, 6, 7, 9], [2, 6, 8, 9], [2, 6, 7, 9]]
4 | 12246
2,2 | 18738
2,1,1 | 12322
1,1,1,1 | 6266
[4, [5, 7, 8, 9], [5, 7, 8, 9], [5, 6, 7, 9], [4, 5, 7, 9], [2, 6, 8, 9], [2, 6, 8, 9]]
4 | 12434
2,2 | 18514
2,1,1 | 12285
1,1,1,1 | 6265
[4, [5, 7, 8, 9], [5, 7, 8, 9], [4, 6, 7, 9], [2, 7, 8, 9], [2, 7, 8, 9], [3, 5, 7, 9]]
4 | 12506
2,2 | 18528
2,1,1 | 12472
1,1,1,1 | 6084
[4, [5, 7, 8, 9], [5, 7, 8, 9], [4, 6, 7, 9], [4, 6, 7, 9], [2, 7, 8, 9], [2, 6, 7, 9]]
4 | 12447
2,2 | 18595
2,1,1 | 12486
1,1,1,1 | 6084
[4, [5, 7, 8, 9], [5, 7, 8, 9], [2, 7, 8, 9], [2, 7, 8, 9], [3, 6, 7, 9], [3, 6, 7, 9]]
4 | 12271
2,2 | 18588
2,1,1 | 12475
1,1,1,1 | 6150
[4, [5, 7, 8, 9], [5, 7, 8, 9], [4, 6, 7, 9], [2, 7, 8, 9], [4, 5, 7, 9], [2, 6, 8, 9]]
4 | 12395
2,2 | 18731
2,1,1 | 12248
1,1,1,1 | 6174
[4, [5, 7, 8, 9], [4, 7, 8, 9], [5, 6, 7, 9], [5, 6, 7, 9], [2, 6, 8, 9], [2, 5, 8, 9]]
4 | 12278
2,2 | 18465
2,1,1 | 12530
1,1,1,1 | 6213
[4, [5, 7, 8, 9], [4, 7, 8, 9], [5, 6, 7, 9], [4, 5, 8, 9], [2, 7, 8, 9], [3, 4, 8, 9]]
4 | 12458
2,2 | 18587
2,1,1 | 12374
1,1,1,1 | 6167
[4, [5, 7, 8, 9], [4, 7, 8, 9], [5, 6, 7, 9], [4, 6, 7, 9], [2, 7, 8, 9], [2, 5, 8, 9]]
4 | 12445
2,2 | 18473
2,1,1 | 12556
1,1,1,1 | 6057
[4, [5, 7, 8, 9], [4, 7, 8, 9], [5, 6, 7, 9], [2, 7, 8, 9], [3, 6, 7, 9], [2, 6, 8, 9]]
4 | 12371
2,2 | 18523
2,1,1 | 12410
1,1,1,1 | 6223
[4, [5, 7, 8, 9], [5, 6, 8, 9], [5, 6, 7, 9], [4, 6, 7, 9], [2, 6, 8, 9], [2, 6, 8, 9]]
4 | 12500
2,2 | 18580
2,1,1 | 12334
1,1,1,1 | 6128
[4, [5, 7, 8, 9], [4, 7, 8, 9], [4, 6, 7, 9], [2, 7, 8, 9], [2, 7, 8, 9], [3, 6, 7, 9]]
4 | 12476
2,2 | 18505
2,1,1 | 12467
1,1,1,1 | 6133
[4, [5, 7, 8, 9], [5, 6, 8, 9], [4, 6, 7, 9], [4, 6, 7, 9], [2, 7, 8, 9], [2, 6, 8, 9]]
4 | 12504
2,2 | 18462
2,1,1 | 12312
1,1,1,1 | 6267
[4, [5, 7, 8, 9], [5, 6, 7, 9], [5, 6, 7, 9], [4, 6, 8, 9], [2, 6, 8, 9], [2, 6, 8, 9]]
4 | 12462
2,2 | 18614
2,1,1 | 12298
1,1,1,1 | 6117
[4, [5, 7, 8, 9], [5, 6, 7, 9], [4, 6, 8, 9], [4, 6, 7, 9], [2, 7, 8, 9], [2, 6, 8, 9]]
4 | 12543
2,2 | 18526
2,1,1 | 12255
1,1,1,1 | 6228
[4, [5, 7, 8, 9], [4, 6, 8, 9], [4, 6, 7, 9], [4, 6, 7, 9], [2, 7, 8, 9], [2, 7, 8, 9]]
4 | 12301
2,2 | 18636
2,1,1 | 12494
1,1,1,1 | 6075
[4, [4, 7, 8, 9], [4, 7, 8, 9], [5, 6, 7, 9], [5, 6, 7, 9], [2, 6, 8, 9], [2, 6, 8, 9]]
4 | 12493
2,2 | 18603
2,1,1 | 12328
1,1,1,1 | 6108
[4, [4, 7, 8, 9], [4, 7, 8, 9], [5, 6, 7, 9], [4, 6, 7, 9], [2, 7, 8, 9], [2, 6, 8, 9]]
4 | 12514
2,2 | 18454
2,1,1 | 12496
1,1,1,1 | 6104
[4, [4, 7, 8, 9], [4, 7, 8, 9], [4, 6, 7, 9], [4, 6, 7, 9], [2, 7, 8, 9], [2, 7, 8, 9]]
4 | 12440
2,2 | 18547
2,1,1 | 12285
1,1,1,1 | 6277
[4, [5, 7, 8, 9], [5, 7, 8, 9], [5, 7, 8, 9], [5, 6, 7, 9], [5, 6, 7, 9], [5, 6, 7, 9], [2, 4, 7, 9]]
4 | 12356
2,2 | 18652
2,1,1 | 12401
1,1,1,1 | 6210
[4, [5, 7, 8, 9], [5, 7, 8, 9], [5, 7, 8, 9], [5, 6, 7, 9], [5, 6, 7, 9], [2, 7, 8, 9], [2, 5, 7, 9]]
4 | 12638
2,2 | 18458
2,1,1 | 12258
1,1,1,1 | 6263
[4, [5, 7, 8, 9], [5, 7, 8, 9], [5, 7, 8, 9], [5, 6, 7, 9], [5, 6, 7, 9], [4, 6, 7, 9], [2, 4, 8, 9]]
4 | 12482
2,2 | 18385
2,1,1 | 12354
1,1,1,1 | 6303
[4, [5, 7, 8, 9], [5, 7, 8, 9], [5, 7, 8, 9], [5, 6, 7, 9], [5, 6, 7, 9], [2, 6, 8, 9], [2, 6, 7, 9]]
4 | 12459
2,2 | 18479
2,1,1 | 12522
1,1,1,1 | 6087
[4, [5, 7, 8, 9], [5, 7, 8, 9], [5, 7, 8, 9], [5, 6, 7, 9], [2, 7, 8, 9], [2, 7, 8, 9], [3, 5, 7, 9]]
4 | 12370
2,2 | 18629
2,1,1 | 12295
1,1,1,1 | 6255
[4, [5, 7, 8, 9], [5, 7, 8, 9], [5, 7, 8, 9], [5, 6, 7, 9], [4, 6, 7, 9], [2, 7, 8, 9], [2, 6, 7, 9]]
4 | 12308
2,2 | 18539
2,1,1 | 12501
1,1,1,1 | 6261
[4, [5, 7, 8, 9], [5, 7, 8, 9], [5, 7, 8, 9], [5, 6, 7, 9], [2, 7, 8, 9], [4, 5, 7, 9], [2, 6, 8, 9]]
4 | 12239
2,2 | 18704
2,1,1 | 12431
1,1,1,1 | 6165
[4, [5, 7, 8, 9], [5, 7, 8, 9], [5, 7, 8, 9], [4, 6, 7, 9], [2, 7, 8, 9], [2, 7, 8, 9], [4, 5, 7, 9]]
4 | 12506
2,2 | 18417
2,1,1 | 12480
1,1,1,1 | 6132
[4, [5, 7, 8, 9], [5, 7, 8, 9], [4, 7, 8, 9], [5, 6, 7, 9], [5, 6, 7, 9], [2, 7, 8, 9], [2, 5, 8, 9]]
4 | 12516
2,2 | 18485
2,1,1 | 12404
1,1,1,1 | 6161
[4, [5, 7, 8, 9], [5, 7, 8, 9], [5, 6, 8, 9], [5, 6, 7, 9], [5, 6, 7, 9], [2, 6, 8, 9], [2, 6, 8, 9]]
4 | 12526
2,2 | 18458
2,1,1 | 12327
1,1,1,1 | 6174
[4, [5, 7, 8, 9], [5, 7, 8, 9], [4, 7, 8, 9], [5, 6, 7, 9], [2, 7, 8, 9], [2, 7, 8, 9], [3, 6, 7, 9]]
4 | 12474
2,2 | 18755
2,1,1 | 12301
1,1,1,1 | 6078
[4, [5, 7, 8, 9], [5, 7, 8, 9], [5, 6, 8, 9], [5, 6, 7, 9], [4, 6, 7, 9], [2, 7, 8, 9], [2, 6, 8, 9]]
4 | 12397
2,2 | 18532
2,1,1 | 12545
1,1,1,1 | 6071
[4, [5, 7, 8, 9], [5, 7, 8, 9], [5, 6, 8, 9], [4, 6, 7, 9], [4, 6, 7, 9], [2, 7, 8, 9], [2, 7, 8, 9]]
4 | 12654
2,2 | 18515
2,1,1 | 12276
1,1,1,1 | 6134
[4, [5, 7, 8, 9], [5, 7, 8, 9], [5, 6, 7, 9], [5, 6, 7, 9], [4, 6, 8, 9], [2, 7, 8, 9], [2, 6, 8, 9]]
4 | 12329
2,2 | 18531
2,1,1 | 12402
1,1,1,1 | 6318
[4, [5, 7, 8, 9], [5, 7, 8, 9], [5, 6, 7, 9], [4, 6, 8, 9], [4, 6, 7, 9], [2, 7, 8, 9], [2, 7, 8, 9]]
4 | 12491
2,2 | 18392
2,1,1 | 12436
1,1,1,1 | 6228
[4, [5, 7, 8, 9], [4, 7, 8, 9], [4, 7, 8, 9], [5, 6, 7, 9], [5, 6, 7, 9], [2, 7, 8, 9], [2, 6, 8, 9]]
4 | 12482
2,2 | 18674
2,1,1 | 12142
1,1,1,1 | 6230
[4, [5, 7, 8, 9], [4, 7, 8, 9], [4, 7, 8, 9], [5, 6, 7, 9], [4, 6, 7, 9], [2, 7, 8, 9], [2, 7, 8, 9]]
4 | 12518
2,2 | 18439
2,1,1 | 12446
1,1,1,1 | 6130
[4, [5, 7, 8, 9], [5, 7, 8, 9], [5, 7, 8, 9], [5, 7, 8, 9], [5, 6, 7, 9], [5, 6, 7, 9], [5, 6, 7, 9], [2, 4, 8, 9]]
4 | 12385
2,2 | 18567
2,1,1 | 12368
1,1,1,1 | 6289
[4, [5, 7, 8, 9], [5, 7, 8, 9], [5, 7, 8, 9], [5, 7, 8, 9], [5, 6, 7, 9], [5, 6, 7, 9], [2, 7, 8, 9], [2, 6, 7, 9]]
4 | 12554
2,2 | 18613
2,1,1 | 12227
1,1,1,1 | 6214
[4, [5, 7, 8, 9], [5, 7, 8, 9], [5, 7, 8, 9], [5, 7, 8, 9], [5, 6, 7, 9], [2, 7, 8, 9], [2, 7, 8, 9], [4, 5, 7, 9]]
4 | 12495
2,2 | 18345
2,1,1 | 12368
1,1,1,1 | 6333
[4, [5, 7, 8, 9], [5, 7, 8, 9], [5, 7, 8, 9], [5, 6, 8, 9], [5, 6, 7, 9], [5, 6, 7, 9], [2, 7, 8, 9], [2, 6, 8, 9]]
4 | 12500
2,2 | 18557
2,1,1 | 12353
1,1,1,1 | 6148
[4, [5, 7, 8, 9], [5, 7, 8, 9], [5, 7, 8, 9], [5, 6, 8, 9], [5, 6, 7, 9], [4, 6, 7, 9], [2, 7, 8, 9], [2, 7, 8, 9]]
4 | 12307
2,2 | 18719
2,1,1 | 12303
1,1,1,1 | 6219
[4, [5, 7, 8, 9], [5, 7, 8, 9], [5, 7, 8, 9], [5, 6, 7, 9], [5, 6, 7, 9], [4, 6, 8, 9], [2, 7, 8, 9], [2, 7, 8, 9]]
4 | 12540
2,2 | 18368
2,1,1 | 12439
1,1,1,1 | 6176
[4, [5, 7, 8, 9], [5, 7, 8, 9], [4, 7, 8, 9], [4, 7, 8, 9], [5, 6, 7, 9], [5, 6, 7, 9], [2, 7, 8, 9], [2, 7, 8, 9]]
4 | 12392
2,2 | 18568
2,1,1 | 12381
1,1,1,1 | 6175
[4, [5, 7, 8, 9], [5, 7, 8, 9], [5, 7, 8, 9], [5, 7, 8, 9], [5, 6, 8, 9], [5, 6, 7, 9], [5, 6, 7, 9], [2, 7, 8, 9], [2, 7, 8, 9]]
4 | 12639
2,2 | 18419
2,1,1 | 12399
1,1,1,1 | 6136
[6, [4, 5, 8, 9], [4, 5, 8, 9], [3, 4, 8, 9], [3, 4, 8, 9]]
4,2 | 12486
3,3 | 16539
2,2,1,1 | 18426
1,1,1,1,1,1 | 2109
[6, [5, 7, 8, 9], [4, 6, 7, 9], [4, 5, 8, 9], [2, 6, 8, 9], [3, 4, 8, 9]]
6 | 8356
4,2 | 12384
3,3 | 2802
3,2,1 | 8299
3,1,1,1 | 2814
2,2,2 | 4074
2,2,1,1 | 6050
2,1,1,1,1 | 3994
1,1,1,1,1,1 | 692
[6, [5, 7, 8, 9], [4, 6, 7, 9], [4, 6, 7, 9], [2, 6, 8, 9], [2, 5, 8, 9]]
6 | 8294
4,2 | 12324
3,3 | 2747
3,2,1 | 8240
3,1,1,1 | 2797
2,2,2 | 4165
2,2,1,1 | 6222
2,1,1,1,1 | 4061
1,1,1,1,1,1 | 665
[6, [5, 7, 8, 9], [4, 6, 7, 9], [3, 6, 7, 9], [2, 6, 8, 9], [2, 6, 8, 9]]
6 | 8286
4,2 | 12526
3,3 | 2659
3,2,1 | 8105
3,1,1,1 | 2627
2,2,2 | 4270
2,2,1,1 | 6251
2,1,1,1,1 | 4095
1,1,1,1,1,1 | 666
[6, [4, 7, 8, 9], [4, 6, 7, 9], [4, 6, 7, 9], [2, 6, 8, 9], [2, 6, 8, 9]]
6 | 8122
4,2 | 12511
3,3 | 2638
3,2,1 | 8291
3,1,1,1 | 2683
2,2,2 | 4211
2,2,1,1 | 6210
2,1,1,1,1 | 4167
1,1,1,1,1,1 | 686
[6, [3, 7, 8, 9], [4, 6, 7, 9], [4, 6, 7, 9], [4, 6, 7, 9], [2, 6, 8, 9]]
6 | 8245
4,2 | 6251
4,1,1 | 6309
3,3 | 8215
2,2,2 | 7184
2,2,1,1 | 9215
2,1,1,1,1 | 3162
1,1,1,1,1,1 | 965
[6, [5, 6, 7, 9], [4, 6, 7, 9], [4, 5, 8, 9], [4, 5, 8, 9], [2, 6, 8, 9]]
6 | 8200
4,2 | 6219
4,1,1 | 6186
3,3 | 8445
2,2,2 | 7101
2,2,1,1 | 9317
2,1,1,1,1 | 3059
1,1,1,1,1,1 | 980
[6, [5, 6, 7, 9], [4, 6, 7, 9], [4, 6, 7, 9], [3, 6, 8, 9], [2, 6, 8, 9]]
6 | 8329
4,2 | 6246
4,1,1 | 6075
3,3 | 8370
2,2,2 | 7217
2,2,1,1 | 9116
2,1,1,1,1 | 3089
1,1,1,1,1,1 | 1048
[6, [4, 6, 7, 9], [4, 6, 7, 9], [4, 5, 8, 9], [4, 5, 8, 9], [2, 7, 8, 9]]
6 | 8259
4,2 | 6196
4,1,1 | 6185
3,3 | 8207
2,2,2 | 7153
2,2,1,1 | 9290
2,1,1,1,1 | 3220
1,1,1,1,1,1 | 995
[6, [4, 6, 7, 9], [4, 6, 7, 9], [4, 6, 7, 9], [3, 6, 8, 9], [2, 7, 8, 9]]
6 | 8192
4,2 | 6236
4,1,1 | 6188
3,3 | 8208
2,2,2 | 7167
2,2,1,1 | 9271
2,1,1,1,1 | 3163
1,1,1,1,1,1 | 1062
[6, [5, 7, 8, 9], [5, 7, 8, 9], [5, 6, 7, 9], [4, 5, 8, 9], [2, 6, 8, 9], [3, 4, 8, 9]]
6 | 8274
4,2 | 12438
3,3 | 2720
3,2,1 | 8196
3,1,1,1 | 2708
2,2,2 | 4137
2,2,1,1 | 6306
2,1,1,1,1 | 4015
1,1,1,1,1,1 | 677
[6, [5, 7, 8, 9], [5, 7, 8, 9], [5, 6, 7, 9], [4, 6, 7, 9], [2, 6, 8, 9], [2, 5, 8, 9]]
6 | 8341
4,2 | 12545
3,3 | 2740
3,2,1 | 8130
3,1,1,1 | 2673
2,2,2 | 4116
2,2,1,1 | 6120
2,1,1,1,1 | 4163
1,1,1,1,1,1 | 674
[6, [5, 7, 8, 9], [5, 7, 8, 9], [5, 6, 7, 9], [3, 6, 7, 9], [2, 6, 8, 9], [2, 6, 8, 9]]
6 | 8316
4,2 | 12325
3,3 | 2654
3,2,1 | 8159
3,1,1,1 | 2794
2,2,2 | 4182
2,2,1,1 | 6255
2,1,1,1,1 | 4125
1,1,1,1,1,1 | 681
[6, [5, 7, 8, 9], [5, 7, 8, 9], [4, 6, 7, 9], [4, 5, 8, 9], [2, 7, 8, 9], [3, 4, 8, 9]]
6 | 8236
4,2 | 12482
3,3 | 2815
3,2,1 | 8249
3,1,1,1 | 2746
2,2,2 | 4138
2,2,1,1 | 6202
2,1,1,1,1 | 4045
1,1,1,1,1,1 | 629
[6, [5, 7, 8, 9], [5, 7, 8, 9], [4, 6, 7, 9], [4, 6, 7, 9], [2, 7, 8, 9], [2, 5, 8, 9]]
6 | 8453
4,2 | 12221
3,3 | 2727
3,2,1 | 8258
3,1,1,1 | 2704
2,2,2 | 4196
2,2,1,1 | 6206
2,1,1,1,1 | 4089
1,1,1,1,1,1 | 689
[6, [5, 7, 8, 9], [5, 7, 8, 9], [4, 6, 7, 9], [2, 7, 8, 9], [3, 6, 7, 9], [2, 6, 8, 9]]
6 | 8028
4,2 | 12345
3,3 | 2762
3,2,1 | 8194
3,1,1,1 | 2746
2,2,2 | 4227
2,2,1,1 | 6314
2,1,1,1,1 | 4276
1,1,1,1,1,1 | 673
[6, [5, 7, 8, 9], [4, 7, 8, 9], [5, 6, 7, 9], [4, 6, 7, 9], [2, 6, 8, 9], [2, 6, 8, 9]]
6 | 8301
4,2 | 12519
3,3 | 2708
3,2,1 | 8118
3,1,1,1 | 2768
2,2,2 | 4107
2,2,1,1 | 6168
2,1,1,1,1 | 4109
1,1,1,1,1,1 | 683
[6, [5, 7, 8, 9], [4, 7, 8, 9], [4, 6, 7, 9], [4, 6, 7, 9], [2, 7, 8, 9], [2, 6, 8, 9]]
6 | 8207
4,2 | 12497
3,3 | 2740
3,2,1 | 8167
3,1,1,1 | 2779
2,2,2 | 4112
2,2,1,1 | 6148
2,1,1,1,1 | 4199
1,1,1,1,1,1 | 711
[6, [5, 7, 8, 9], [5, 6, 7, 9], [3, 7, 8, 9], [4, 6, 7, 9], [4, 6, 7, 9], [2, 6, 8, 9]]
6 | 8111
4,2 | 6140
4,1,1 | 6173
3,3 | 8539
2,2,2 | 7190
2,2,1,1 | 9328
2,1,1,1,1 | 3020
1,1,1,1,1,1 | 1066
[6, [5, 7, 8, 9], [5, 6, 7, 9], [5, 6, 7, 9], [4, 5, 8, 9], [4, 5, 8, 9], [2, 6, 8, 9]]
6 | 8309
4,2 | 6304
4,1,1 | 6033
3,3 | 8385
2,2,2 | 7366
2,2,1,1 | 9201
2,1,1,1,1 | 2929
1,1,1,1,1,1 | 1008
[6, [5, 7, 8, 9], [5, 6, 7, 9], [5, 6, 7, 9], [4, 6, 7, 9], [3, 6, 8, 9], [2, 6, 8, 9]]
6 | 8268
4,2 | 6133
4,1,1 | 6295
3,3 | 8286
2,2,2 | 7149
2,2,1,1 | 9151
2,1,1,1,1 | 3149
1,1,1,1,1,1 | 1021
[6, [5, 7, 8, 9], [3, 7, 8, 9], [4, 6, 7, 9], [4, 6, 7, 9], [4, 6, 7, 9], [2, 7, 8, 9]]
6 | 8380
4,2 | 6158
4,1,1 | 6113
3,3 | 8340
2,2,2 | 7291
2,2,1,1 | 9164
2,1,1,1,1 | 3068
1,1,1,1,1,1 | 1028
[6, [5, 7, 8, 9], [5, 6, 7, 9], [4, 6, 7, 9], [4, 5, 8, 9], [4, 5, 8, 9], [2, 7, 8, 9]]
6 | 8306
4,2 | 6217
4,1,1 | 6129
3,3 | 8357
2,2,2 | 7285
2,2,1,1 | 9208
2,1,1,1,1 | 2954
1,1,1,1,1,1 | 1049
[6, [5, 7, 8, 9], [5, 6, 7, 9], [4, 6, 7, 9], [4, 6, 7, 9], [3, 6, 8, 9], [2, 7, 8, 9]]
6 | 8256
4,2 | 6168
4,1,1 | 6204
3,3 | 8082
2,2,2 | 7264
2,2,1,1 | 9407
2,1,1,1,1 | 3071
1,1,1,1,1,1 | 1049
[6, [5, 7, 8, 9], [5, 7, 8, 9], [5, 7, 8, 9], [5, 6, 7, 9], [5, 6, 7, 9], [2, 6, 8, 9], [2, 5, 8, 9]]
6 | 8309
4,2 | 12266
3,3 | 2735
3,2,1 | 8242
3,1,1,1 | 2766
2,2,2 | 4172
2,2,1,1 | 6273
2,1,1,1,1 | 4080
1,1,1,1,1,1 | 676
[6, [5, 7, 8, 9], [5, 7, 8, 9], [5, 7, 8, 9], [5, 6, 7, 9], [4, 5, 8, 9], [2, 7, 8, 9], [3, 4, 8, 9]]
6 | 8332
4,2 | 12512
3,3 | 2685
3,2,1 | 8133
3,1,1,1 | 2779
2,2,2 | 4107
2,2,1,1 | 6239
2,1,1,1,1 | 4158
1,1,1,1,1,1 | 652
[6, [5, 7, 8, 9], [5, 7, 8, 9], [5, 7, 8, 9], [5, 6, 7, 9], [4, 6, 7, 9], [2, 7, 8, 9], [2, 5, 8, 9]]
6 | 8219
4,2 | 12346
3,3 | 2736
3,2,1 | 8189
3,1,1,1 | 2780
2,2,2 | 4184
2,2,1,1 | 6257
2,1,1,1,1 | 4154
1,1,1,1,1,1 | 685
[6, [5, 7, 8, 9], [5, 7, 8, 9], [5, 7, 8, 9], [5, 6, 7, 9], [2, 7, 8, 9], [3, 6, 7, 9], [2, 6, 8, 9]]
6 | 8306
4,2 | 12550
3,3 | 2638
3,2,1 | 8324
3,1,1,1 | 2704
2,2,2 | 4157
2,2,1,1 | 6096
2,1,1,1,1 | 4097
1,1,1,1,1,1 | 695
[6, [5, 7, 8, 9], [5, 7, 8, 9], [5, 7, 8, 9], [4, 6, 7, 9], [2, 7, 8, 9], [2, 7, 8, 9], [3, 6, 7, 9]]
6 | 8450
4,2 | 12251
3,3 | 2824
3,2,1 | 8306
3,1,1,1 | 2640
2,2,2 | 4190
2,2,1,1 | 6106
2,1,1,1,1 | 4156
1,1,1,1,1,1 | 665
[6, [5, 7, 8, 9], [5, 7, 8, 9], [4, 7, 8, 9], [5, 6, 7, 9], [5, 6, 7, 9], [2, 6, 8, 9], [2, 6, 8, 9]]
6 | 8409
4,2 | 12403
3,3 | 2682
3,2,1 | 8130
3,1,1,1 | 2785
2,2,2 | 4108
2,2,1,1 | 6182
2,1,1,1,1 | 4091
1,1,1,1,1,1 | 712
[6, [5, 7, 8, 9], [5, 7, 8, 9], [4, 7, 8, 9], [5, 6, 7, 9], [4, 6, 7, 9], [2, 7, 8, 9], [2, 6, 8, 9]]
6 | 8224
4,2 | 12412
3,3 | 2787
3,2,1 | 8231
3,1,1,1 | 2719
2,2,2 | 4166
2,2,1,1 | 6153
2,1,1,1,1 | 4237
1,1,1,1,1,1 | 633
[6, [5, 7, 8, 9], [5, 7, 8, 9], [4, 7, 8, 9], [4, 6, 7, 9], [4, 6, 7, 9], [2, 7, 8, 9], [2, 7, 8, 9]]
6 | 8367
4,2 | 12332
3,3 | 2783
3,2,1 | 8283
3,1,1,1 | 2749
2,2,2 | 4225
2,2,1,1 | 6066
2,1,1,1,1 | 4135
1,1,1,1,1,1 | 645
[6, [5, 7, 8, 9], [5, 7, 8, 9], [5, 6, 7, 9], [5, 6, 7, 9], [3, 7, 8, 9], [4, 6, 7, 9], [2, 6, 8, 9]]
6 | 8300
4,2 | 6323
4,1,1 | 6180
3,3 | 8212
2,2,2 | 7259
2,2,1,1 | 9258
2,1,1,1,1 | 3074
1,1,1,1,1,1 | 997
[6, [5, 7, 8, 9], [5, 7, 8, 9], [5, 6, 7, 9], [5, 6, 7, 9], [5, 6, 7, 9], [3, 6, 8, 9], [2, 6, 8, 9]]
6 | 8219
4,2 | 6241
4,1,1 | 6183
3,3 | 8331
2,2,2 | 7201
2,2,1,1 | 9327
2,1,1,1,1 | 3071
1,1,1,1,1,1 | 953
[6, [5, 7, 8, 9], [5, 7, 8, 9], [5, 6, 7, 9], [3, 7, 8, 9], [4, 6, 7, 9], [4, 6, 7, 9], [2, 7, 8, 9]]
6 | 8467
4,2 | 6076
4,1,1 | 6177
3,3 | 8296
2,2,2 | 7194
2,2,1,1 | 9273
2,1,1,1,1 | 3058
1,1,1,1,1,1 | 1041
[6, [5, 7, 8, 9], [5, 7, 8, 9], [5, 6, 7, 9], [5, 6, 7, 9], [4, 5, 8, 9], [4, 5, 8, 9], [2, 7, 8, 9]]
6 | 8358
4,2 | 6104
4,1,1 | 6175
3,3 | 8303
2,2,2 | 7109
2,2,1,1 | 9396
2,1,1,1,1 | 3031
1,1,1,1,1,1 | 1019
[6, [5, 7, 8, 9], [5, 7, 8, 9], [5, 6, 7, 9], [5, 6, 7, 9], [4, 6, 7, 9], [3, 6, 8, 9], [2, 7, 8, 9]]
6 | 8240
4,2 | 6070
4,1,1 | 6176
3,3 | 8372
2,2,2 | 7275
2,2,1,1 | 9322
2,1,1,1,1 | 3057
1,1,1,1,1,1 | 1005
[6, [5, 7, 8, 9], [5, 7, 8, 9], [5, 7, 8, 9], [5, 7, 8, 9], [5, 6, 7, 9], [5, 6, 7, 9], [2, 7, 8, 9], [2, 5, 8, 9]]
6 | 8358
4,2 | 12458
3,3 | 2732
3,2,1 | 8171
3,1,1,1 | 2761
2,2,2 | 4140
2,2,1,1 | 6156
2,1,1,1,1 | 4066
1,1,1,1,1,1 | 724
[6, [5, 7, 8, 9], [5, 7, 8, 9], [5, 7, 8, 9], [5, 7, 8, 9], [5, 6, 7, 9], [2, 7, 8, 9], [2, 7, 8, 9], [3, 6, 7, 9]]
6 | 8309
4,2 | 12425
3,3 | 2782
3,2,1 | 8290
3,1,1,1 | 2809
2,2,2 | 4076
2,2,1,1 | 6222
2,1,1,1,1 | 4005
1,1,1,1,1,1 | 696
[6, [5, 7, 8, 9], [5, 7, 8, 9], [5, 7, 8, 9], [4, 7, 8, 9], [5, 6, 7, 9], [5, 6, 7, 9], [2, 7, 8, 9], [2, 6, 8, 9]]
6 | 8286
4,2 | 12437
3,3 | 2697
3,2,1 | 8316
3,1,1,1 | 2727
2,2,2 | 4186
2,2,1,1 | 6152
2,1,1,1,1 | 4077
1,1,1,1,1,1 | 685
[6, [5, 7, 8, 9], [5, 7, 8, 9], [5, 7, 8, 9], [4, 7, 8, 9], [5, 6, 7, 9], [4, 6, 7, 9], [2, 7, 8, 9], [2, 7, 8, 9]]
6 | 8321
4,2 | 12482
3,3 | 2678
3,2,1 | 8115
3,1,1,1 | 2751
2,2,2 | 4178
2,2,1,1 | 6084
2,1,1,1,1 | 4267
1,1,1,1,1,1 | 675
[6, [5, 7, 8, 9], [5, 7, 8, 9], [5, 7, 8, 9], [5, 6, 7, 9], [5, 6, 7, 9], [5, 6, 7, 9], [3, 7, 8, 9], [2, 6, 8, 9]]
6 | 8319
4,2 | 6225
4,1,1 | 6163
3,3 | 8084
2,2,2 | 7309
2,2,1,1 | 9345
2,1,1,1,1 | 3067
1,1,1,1,1,1 | 1050
[6, [5, 7, 8, 9], [5, 7, 8, 9], [5, 7, 8, 9], [5, 6, 7, 9], [5, 6, 7, 9], [3, 7, 8, 9], [4, 6, 7, 9], [2, 7, 8, 9]]
6 | 8240
4,2 | 6238
4,1,1 | 6265
3,3 | 8346
2,2,2 | 7181
2,2,1,1 | 9167
2,1,1,1,1 | 3089
1,1,1,1,1,1 | 995
[6, [5, 7, 8, 9], [5, 7, 8, 9], [5, 7, 8, 9], [5, 6, 7, 9], [5, 6, 7, 9], [5, 6, 7, 9], [3, 6, 8, 9], [2, 7, 8, 9]]
6 | 8256
4,2 | 6269
4,1,1 | 6266
3,3 | 8283
2,2,2 | 7116
2,2,1,1 | 9150
2,1,1,1,1 | 3129
1,1,1,1,1,1 | 1052
[6, [5, 7, 8, 9], [5, 7, 8, 9], [5, 7, 8, 9], [5, 7, 8, 9], [4, 7, 8, 9], [5, 6, 7, 9], [5, 6, 7, 9], [2, 7, 8, 9], [2, 7, 8, 9]]
6 | 8275
4,2 | 12451
3,3 | 2703
3,2,1 | 8194
3,1,1,1 | 2667
2,2,2 | 4105
2,2,1,1 | 6299
2,1,1,1,1 | 4172
1,1,1,1,1,1 | 691
[6, [5, 7, 8, 9], [5, 7, 8, 9], [5, 7, 8, 9], [5, 7, 8, 9], [5, 6, 7, 9], [5, 6, 7, 9], [5, 6, 7, 9], [3, 7, 8, 9], [2, 7, 8, 9]]
6 | 8266
4,2 | 6124
4,1,1 | 6242
3,3 | 8202
2,2,2 | 7257
2,2,1,1 | 9303
2,1,1,1,1 | 3105
1,1,1,1,1,1 | 1033
[10, [5, 7, 8, 9], [5, 7, 8, 9], [4, 6, 7, 9], [4, 6, 7, 9], [2, 6, 8, 9], [2, 6, 8, 9]]
10 | 5103
8,2 | 6058
6,4 | 4135
6,2,2 | 4139
5,5 | 908
5,4,1 | 2539
5,3,2 | 1599
5,3,1,1 | 1673
5,2,2,1 | 1207
5,2,1,1,1 | 831
5,1,1,1,1,1 | 78
4,4,2 | 3035
4,4,1,1 | 1528
4,3,2,1 | 2067
4,3,1,1,1 | 2072
4,2,2,2 | 2116
4,2,2,1,1 | 1536
4,2,1,1,1,1 | 1030
4,1,1,1,1,1,1 | 97
3,3,2,2 | 668
3,3,2,1,1 | 1384
3,3,1,1,1,1 | 677
3,2,2,2,1 | 1065
3,2,2,1,1,1 | 1747
3,2,1,1,1,1,1 | 709
3,1,1,1,1,1,1,1 | 60
2,2,2,2,2 | 214
2,2,2,2,1,1 | 391
2,2,2,1,1,1,1 | 541
2,2,1,1,1,1,1,1 | 233
2,1,1,1,1,1,1,1,1 | 27
1,1,1,1,1,1,1,1,1,1 | 7
[10, [5, 7, 8, 9], [5, 7, 8, 9], [5, 7, 8, 9], [5, 6, 7, 9], [4, 6, 7, 9], [2, 6, 8, 9], [2, 6, 8, 9]]
10 | 4976
8,2 | 6209
6,4 | 4226
6,2,2 | 4061
5,5 | 1018
5,4,1 | 2383
5,3,2 | 1636
5,3,1,1 | 1641
5,2,2,1 | 1321
5,2,1,1,1 | 798
5,1,1,1,1,1 | 85
4,4,2 | 3150
4,4,1,1 | 1542
4,3,2,1 | 2007
4,3,1,1,1 | 2040
4,2,2,2 | 2068
4,2,2,1,1 | 1521
4,2,1,1,1,1 | 1053
4,1,1,1,1,1,1 | 103
3,3,2,2 | 678
3,3,2,1,1 | 1388
3,3,1,1,1,1 | 680
3,2,2,2,1 | 1017
3,2,2,1,1,1 | 1735
3,2,1,1,1,1,1 | 752
3,1,1,1,1,1,1,1 | 74
2,2,2,2,2 | 206
2,2,2,2,1,1 | 371
2,2,2,1,1,1,1 | 550
2,2,1,1,1,1,1,1 | 192
2,1,1,1,1,1,1,1,1 | 28
1,1,1,1,1,1,1,1,1,1 | 1
[10, [5, 7, 8, 9], [5, 7, 8, 9], [5, 7, 8, 9], [4, 6, 7, 9], [4, 6, 7, 9], [2, 7, 8, 9], [2, 6, 8, 9]]
10 | 4887
8,2 | 6269
6,4 | 4163
6,2,2 | 4063
5,5 | 971
5,4,1 | 2488
5,3,2 | 1634
5,3,1,1 | 1673
5,2,2,1 | 1286
5,2,1,1,1 | 875
5,1,1,1,1,1 | 67
4,4,2 | 3123
4,4,1,1 | 1567
4,3,2,1 | 2051
4,3,1,1,1 | 2116
4,2,2,2 | 1980
4,2,2,1,1 | 1551
4,2,1,1,1,1 | 1020
4,1,1,1,1,1,1 | 115
3,3,2,2 | 654
3,3,2,1,1 | 1400
3,3,1,1,1,1 | 665
3,2,2,2,1 | 1026
3,2,2,1,1,1 | 1708
3,2,1,1,1,1,1 | 804
3,1,1,1,1,1,1,1 | 59
2,2,2,2,2 | 208
2,2,2,2,1,1 | 350
2,2,2,1,1,1,1 | 538
2,2,1,1,1,1,1,1 | 218
2,1,1,1,1,1,1,1,1 | 33
1,1,1,1,1,1,1,1,1,1 | 3
[10, [5, 7, 8, 9], [5, 7, 8, 9], [5, 7, 8, 9], [5, 7, 8, 9], [5, 6, 7, 9], [5, 6, 7, 9], [2, 6, 8, 9], [2, 6, 8, 9]]
10 | 5004
8,2 | 6135
6,4 | 4231
6,2,2 | 4184
5,5 | 951
5,4,1 | 2373
5,3,2 | 1620
5,3,1,1 | 1655
5,2,2,1 | 1252
5,2,1,1,1 | 809
5,1,1,1,1,1 | 91
4,4,2 | 3055
4,4,1,1 | 1552
4,3,2,1 | 2042
4,3,1,1,1 | 2081
4,2,2,2 | 2046
4,2,2,1,1 | 1570
4,2,1,1,1,1 | 1098
4,1,1,1,1,1,1 | 103
3,3,2,2 | 713
3,3,2,1,1 | 1345
3,3,1,1,1,1 | 663
3,2,2,2,1 | 1018
3,2,2,1,1,1 | 1739
3,2,1,1,1,1,1 | 757
3,1,1,1,1,1,1,1 | 61
2,2,2,2,2 | 221
2,2,2,2,1,1 | 362
2,2,2,1,1,1,1 | 502
2,2,1,1,1,1,1,1 | 223
2,1,1,1,1,1,1,1,1 | 40
1,1,1,1,1,1,1,1,1,1 | 1
[10, [5, 7, 8, 9], [5, 7, 8, 9], [5, 7, 8, 9], [5, 7, 8, 9], [5, 6, 7, 9], [4, 6, 7, 9], [2, 7, 8, 9], [2, 6, 8, 9]]
10 | 5073
8,2 | 6114
6,4 | 4102
6,2,2 | 4203
5,5 | 960
5,4,1 | 2428
5,3,2 | 1636
5,3,1,1 | 1698
5,2,2,1 | 1283
5,2,1,1,1 | 796
5,1,1,1,1,1 | 84
4,4,2 | 3028
4,4,1,1 | 1533
4,3,2,1 | 2027
4,3,1,1,1 | 2095
4,2,2,2 | 2049
4,2,2,1,1 | 1612
4,2,1,1,1,1 | 1037
4,1,1,1,1,1,1 | 113
3,3,2,2 | 707
3,3,2,1,1 | 1390
3,3,1,1,1,1 | 727
3,2,2,2,1 | 1004
3,2,2,1,1,1 | 1711
3,2,1,1,1,1,1 | 715
3,1,1,1,1,1,1,1 | 67
2,2,2,2,2 | 208
2,2,2,2,1,1 | 400
2,2,2,1,1,1,1 | 484
2,2,1,1,1,1,1,1 | 223
2,1,1,1,1,1,1,1,1 | 45
[10, [5, 7, 8, 9], [5, 7, 8, 9], [5, 7, 8, 9], [5, 7, 8, 9], [4, 6, 7, 9], [4, 6, 7, 9], [2, 7, 8, 9], [2, 7, 8, 9]]
10 | 5066
8,2 | 6080
6,4 | 4186
6,2,2 | 4149
5,5 | 987
5,4,1 | 2496
5,3,2 | 1577
5,3,1,1 | 1606
5,2,2,1 | 1232
5,2,1,1,1 | 818
5,1,1,1,1,1 | 80
4,4,2 | 3174
4,4,1,1 | 1571
4,3,2,1 | 2062
4,3,1,1,1 | 2071
4,2,2,2 | 2137
4,2,2,1,1 | 1535
4,2,1,1,1,1 | 992
4,1,1,1,1,1,1 | 98
3,3,2,2 | 636
3,3,2,1,1 | 1334
3,3,1,1,1,1 | 678
3,2,2,2,1 | 1062
3,2,2,1,1,1 | 1763
3,2,1,1,1,1,1 | 742
3,1,1,1,1,1,1,1 | 73
2,2,2,2,2 | 221
2,2,2,2,1,1 | 345
2,2,2,1,1,1,1 | 530
2,2,1,1,1,1,1,1 | 213
2,1,1,1,1,1,1,1,1 | 30
1,1,1,1,1,1,1,1,1,1 | 2
[10, [5, 7, 8, 9], [5, 7, 8, 9], [5, 7, 8, 9], [5, 7, 8, 9], [5, 7, 8, 9], [5, 6, 7, 9], [5, 6, 7, 9], [2, 7, 8, 9], [2, 6, 8, 9]]
10 | 4913
8,2 | 6278
6,4 | 4133
6,2,2 | 4242
5,5 | 1014
5,4,1 | 2466
5,3,2 | 1624
5,3,1,1 | 1598
5,2,2,1 | 1236
5,2,1,1,1 | 790
5,1,1,1,1,1 | 91
4,4,2 | 3088
4,4,1,1 | 1511
4,3,2,1 | 2061
4,3,1,1,1 | 2093
4,2,2,2 | 2053
4,2,2,1,1 | 1511
4,2,1,1,1,1 | 1036
4,1,1,1,1,1,1 | 110
3,3,2,2 | 707
3,3,2,1,1 | 1304
3,3,1,1,1,1 | 733
3,2,2,2,1 | 1019
3,2,2,1,1,1 | 1797
3,2,1,1,1,1,1 | 763
3,1,1,1,1,1,1,1 | 72
2,2,2,2,2 | 207
2,2,2,2,1,1 | 362
2,2,2,1,1,1,1 | 521
2,2,1,1,1,1,1,1 | 223
2,1,1,1,1,1,1,1,1 | 32
[10, [5, 7, 8, 9], [5, 7, 8, 9], [5, 7, 8, 9], [5, 7, 8, 9], [5, 7, 8, 9], [5, 6, 7, 9], [4, 6, 7, 9], [2, 7, 8, 9], [2, 7, 8, 9]]
10 | 4936
8,2 | 6333
6,4 | 4178
6,2,2 | 4114
5,5 | 993
5,4,1 | 2478
5,3,2 | 1647
5,3,1,1 | 1683
5,2,2,1 | 1241
5,2,1,1,1 | 816
5,1,1,1,1,1 | 71
4,4,2 | 3121
4,4,1,1 | 1556
4,3,2,1 | 2083
4,3,1,1,1 | 2022
4,2,2,2 | 1990
4,2,2,1,1 | 1467
4,2,1,1,1,1 | 1008
4,1,1,1,1,1,1 | 108
3,3,2,2 | 701
3,3,2,1,1 | 1374
3,3,1,1,1,1 | 693
3,2,2,2,1 | 1044
3,2,2,1,1,1 | 1684
3,2,1,1,1,1,1 | 771
3,1,1,1,1,1,1,1 | 55
2,2,2,2,2 | 201
2,2,2,2,1,1 | 391
2,2,2,1,1,1,1 | 512
2,2,1,1,1,1,1,1 | 220
2,1,1,1,1,1,1,1,1 | 46
1,1,1,1,1,1,1,1,1,1 | 1
[10, [5, 7, 8, 9], [5, 7, 8, 9], [5, 7, 8, 9], [5, 7, 8, 9], [5, 7, 8, 9], [5, 7, 8, 9], [5, 6, 7, 9], [5, 6, 7, 9], [2, 7, 8, 9], [2, 7, 8, 9]]
10 | 5086
8,2 | 6158
6,4 | 4126
6,2,2 | 4160
5,5 | 983
5,4,1 | 2440
5,3,2 | 1672
5,3,1,1 | 1684
5,2,2,1 | 1300
5,2,1,1,1 | 827
5,1,1,1,1,1 | 90
4,4,2 | 3057
4,4,1,1 | 1553
4,3,2,1 | 1980
4,3,1,1,1 | 2082
4,2,2,2 | 2044
4,2,2,1,1 | 1525
4,2,1,1,1,1 | 1078
4,1,1,1,1,1,1 | 81
3,3,2,2 | 649
3,3,2,1,1 | 1325
3,3,1,1,1,1 | 739
3,2,2,2,1 | 1017
3,2,2,1,1,1 | 1728
3,2,1,1,1,1,1 | 790
3,1,1,1,1,1,1,1 | 66
2,2,2,2,2 | 199
2,2,2,2,1,1 | 419
2,2,2,1,1,1,1 | 488
2,2,1,1,1,1,1,1 | 206
2,1,1,1,1,1,1,1,1 | 35
1,1,1,1,1,1,1,1,1,1 | 2
