[4, [4, 6, 7, 9], [4, 5, 8, 9], [4, 5, 8, 9], [3, 4, 6, 9]]
 
[4, [4, 6, 7, 9], [4, 6, 7, 9], [4, 5, 8, 9], [2, 5, 6, 9]]
 
[4, [4, 6, 7, 9], [4, 6, 7, 9], [4, 6, 7, 9], [2, 4, 7, 9]]
 
[4, [4, 5, 8, 9], [4, 5, 8, 9], [2, 6, 8, 9], [3, 5, 6, 9]]
 
[4, [4, 6, 7, 9], [3, 6, 8, 9], [2, 6, 8, 9], [3, 5, 6, 9]]
 
[4, [4, 6, 7, 9], [4, 5, 8, 9], [2, 6, 8, 9], [3, 4, 7, 9]]
 
[4, [4, 6, 7, 9], [4, 6, 7, 9], [2, 6, 8, 9], [2, 5, 7, 9]]
 
[4, [4, 6, 7, 9], [3, 6, 8, 9], [3, 4, 8, 9], [3, 4, 8, 9]]
 
[4, [4, 6, 7, 9], [4, 5, 8, 9], [3, 4, 8, 9], [2, 5, 8, 9]]
 
[4, [4, 6, 7, 9], [4, 6, 7, 9], [2, 5, 8, 9], [2, 5, 8, 9]]
 
[4, [4, 5, 8, 9], [3, 6, 7, 9], [2, 6, 8, 9], [3, 4, 8, 9]]
 
[4, [4, 6, 7, 9], [2, 6, 8, 9], [2, 6, 8, 9], [3, 5, 7, 9]]
 
[4, [4, 6, 7, 9], [3, 5, 8, 9], [2, 6, 8, 9], [3, 4, 8, 9]]
 
[4, [4, 6, 7, 9], [3, 6, 7, 9], [2, 6, 8, 9], [2, 5, 8, 9]]
 
[4, [3, 6, 7, 9], [3, 6, 7, 9], [2, 6, 8, 9], [2, 6, 8, 9]]
 
[4, [5, 7, 8, 9], [5, 6, 7, 9], [4, 5, 8, 9], [4, 5, 8, 9], [3, 4, 6, 9]]
 
[4, [5, 7, 8, 9], [5, 6, 7, 9], [4, 6, 7, 9], [4, 5, 8, 9], [2, 5, 6, 9]]
 
[4, [5, 7, 8, 9], [5, 6, 7, 9], [4, 6, 7, 9], [4, 6, 7, 9], [2, 4, 7, 9]]
 
[4, [5, 7, 8, 9], [3, 7, 8, 9], [4, 6, 7, 9], [2, 6, 8, 9], [3, 5, 6, 9]]
 
[4, [5, 7, 8, 9], [5, 6, 7, 9], [3, 6, 8, 9], [2, 6, 8, 9], [3, 5, 6, 9]]
 
[4, [5, 7, 8, 9], [5, 6, 7, 9], [4, 5, 8, 9], [2, 6, 8, 9], [3, 4, 7, 9]]
 
[4, [5, 7, 8, 9], [5, 6, 7, 9], [4, 6, 7, 9], [2, 6, 8, 9], [2, 5, 7, 9]]
 
[4, [5, 7, 8, 9], [3, 7, 8, 9], [4, 6, 7, 9], [3, 4, 8, 9], [3, 4, 8, 9]]
 
[4, [5, 7, 8, 9], [5, 6, 7, 9], [3, 6, 8, 9], [3, 4, 8, 9], [3, 4, 8, 9]]
 
[4, [5, 7, 8, 9], [5, 6, 7, 9], [4, 5, 8, 9], [3, 4, 8, 9], [2, 5, 8, 9]]
 
[4, [5, 7, 8, 9], [5, 6, 7, 9], [4, 6, 7, 9], [2, 5, 8, 9], [2, 5, 8, 9]]
 
[4, [5, 7, 8, 9], [5, 6, 7, 9], [2, 6, 8, 9], [2, 6, 8, 9], [3, 5, 7, 9]]
 
[4, [5, 7, 8, 9], [5, 6, 7, 9], [3, 5, 8, 9], [2, 6, 8, 9], [3, 4, 8, 9]]
 
[4, [5, 7, 8, 9], [5, 6, 7, 9], [3, 6, 7, 9], [2, 6, 8, 9], [2, 5, 8, 9]]
 
[4, [5, 7, 8, 9], [4, 5, 8, 9], [4, 5, 8, 9], [2, 7, 8, 9], [3, 5, 6, 9]]
 
[4, [5, 7, 8, 9], [4, 6, 7, 9], [3, 6, 8, 9], [2, 7, 8, 9], [3, 5, 6, 9]]
 
[4, [5, 7, 8, 9], [4, 6, 7, 9], [4, 5, 8, 9], [2, 7, 8, 9], [3, 4, 7, 9]]
 
[4, [5, 7, 8, 9], [4, 6, 7, 9], [4, 6, 7, 9], [2, 7, 8, 9], [2, 5, 7, 9]]
 
[4, [5, 7, 8, 9], [4, 6, 7, 9], [4, 6, 7, 9], [4, 6, 7, 9], [2, 4, 8, 9]]
 
[4, [5, 7, 8, 9], [4, 5, 8, 9], [2, 7, 8, 9], [3, 6, 7, 9], [3, 4, 8, 9]]
 
[4, [5, 7, 8, 9], [4, 5, 8, 9], [4, 5, 8, 9], [2, 6, 8, 9], [4, 5, 6, 9]]
 
[4, [5, 7, 8, 9], [4, 6, 7, 9], [2, 7, 8, 9], [2, 6, 8, 9], [3, 5, 7, 9]]
 
[4, [5, 7, 8, 9], [4, 6, 7, 9], [2, 7, 8, 9], [3, 5, 8, 9], [3, 4, 8, 9]]
 
[4, [5, 7, 8, 9], [4, 6, 7, 9], [2, 7, 8, 9], [3, 6, 7, 9], [2, 5, 8, 9]]
 
[4, [5, 7, 8, 9], [4, 6, 7, 9], [3, 6, 8, 9], [2, 6, 8, 9], [4, 5, 6, 9]]
 
[4, [5, 7, 8, 9], [4, 6, 7, 9], [4, 6, 7, 9], [2, 6, 8, 9], [2, 6, 7, 9]]
 
[4, [5, 7, 8, 9], [2, 7, 8, 9], [3, 6, 7, 9], [3, 6, 7, 9], [2, 6, 8, 9]]
 
[4, [5, 7, 8, 9], [4, 6, 7, 9], [4, 5, 7, 9], [2, 6, 8, 9], [2, 6, 8, 9]]
 
[4, [4, 7, 8, 9], [5, 6, 7, 9], [4, 5, 8, 9], [2, 6, 8, 9], [3, 4, 8, 9]]
 
[4, [4, 7, 8, 9], [5, 6, 7, 9], [4, 6, 7, 9], [2, 6, 8, 9], [2, 5, 8, 9]]
 
[4, [4, 7, 8, 9], [5, 6, 7, 9], [3, 6, 7, 9], [2, 6, 8, 9], [2, 6, 8, 9]]
 
[4, [4, 7, 8, 9], [4, 6, 7, 9], [4, 5, 8, 9], [2, 7, 8, 9], [3, 4, 8, 9]]
 
[4, [4, 7, 8, 9], [4, 6, 7, 9], [4, 6, 7, 9], [2, 7, 8, 9], [2, 5, 8, 9]]
 
[4, [4, 7, 8, 9], [4, 6, 7, 9], [2, 7, 8, 9], [3, 6, 7, 9], [2, 6, 8, 9]]
 
[4, [5, 6, 8, 9], [4, 6, 7, 9], [4, 6, 7, 9], [2, 6, 8, 9], [2, 6, 8, 9]]
 
[4, [5, 6, 7, 9], [4, 6, 8, 9], [4, 6, 7, 9], [2, 6, 8, 9], [2, 6, 8, 9]]
 
[4, [4, 6, 8, 9], [4, 6, 7, 9], [4, 6, 7, 9], [2, 7, 8, 9], [2, 6, 8, 9]]
 
[4, [5, 7, 8, 9], [5, 7, 8, 9], [5, 6, 7, 9], [5, 6, 7, 9], [4, 5, 8, 9], [2, 5, 6, 9]]
 
[4, [5, 7, 8, 9], [5, 7, 8, 9], [5, 6, 7, 9], [5, 6, 7, 9], [4, 6, 7, 9], [2, 4, 7, 9]]
 
[4, [5, 7, 8, 9], [5, 7, 8, 9], [5, 6, 7, 9], [3, 7, 8, 9], [2, 6, 8, 9], [3, 5, 6, 9]]
 
[4, [5, 7, 8, 9], [5, 7, 8, 9], [5, 6, 7, 9], [5, 6, 7, 9], [2, 6, 8, 9], [2, 5, 7, 9]]
 
[4, [5, 7, 8, 9], [5, 7, 8, 9], [5, 6, 7, 9], [3, 7, 8, 9], [3, 4, 8, 9], [3, 4, 8, 9]]
 
[4, [5, 7, 8, 9], [5, 7, 8, 9], [5, 6, 7, 9], [5, 6, 7, 9], [2, 5, 8, 9], [2, 5, 8, 9]]
 
[4, [5, 7, 8, 9], [5, 7, 8, 9], [3, 7, 8, 9], [4, 6, 7, 9], [2, 7, 8, 9], [3, 5, 6, 9]]
 
[4, [5, 7, 8, 9], [5, 7, 8, 9], [5, 6, 7, 9], [3, 6, 8, 9], [2, 7, 8, 9], [3, 5, 6, 9]]
 
[4, [5, 7, 8, 9], [5, 7, 8, 9], [5, 6, 7, 9], [4, 5, 8, 9], [2, 7, 8, 9], [3, 4, 7, 9]]
 
[4, [5, 7, 8, 9], [5, 7, 8, 9], [5, 6, 7, 9], [4, 6, 7, 9], [2, 7, 8, 9], [2, 5, 7, 9]]
 
[4, [5, 7, 8, 9], [5, 7, 8, 9], [5, 6, 7, 9], [4, 6, 7, 9], [4, 6, 7, 9], [2, 4, 8, 9]]
 
[4, [5, 7, 8, 9], [5, 7, 8, 9], [3, 7, 8, 9], [4, 6, 7, 9], [2, 6, 8, 9], [4, 5, 6, 9]]
 
[4, [5, 7, 8, 9], [5, 7, 8, 9], [5, 6, 7, 9], [2, 7, 8, 9], [2, 6, 8, 9], [3, 5, 7, 9]]
 
[4, [5, 7, 8, 9], [5, 7, 8, 9], [5, 6, 7, 9], [2, 7, 8, 9], [3, 5, 8, 9], [3, 4, 8, 9]]
 
[4, [5, 7, 8, 9], [5, 7, 8, 9], [5, 6, 7, 9], [2, 7, 8, 9], [3, 6, 7, 9], [2, 5, 8, 9]]
 
[4, [5, 7, 8, 9], [5, 7, 8, 9], [5, 6, 7, 9], [3, 6, 8, 9], [2, 6, 8, 9], [4, 5, 6, 9]]
 
[4, [5, 7, 8, 9], [5, 7, 8, 9], [5, 6, 7, 9], [4, 6, 7, 9], [2, 6, 8, 9], [2, 6, 7, 9]]
 
[4, [5, 7, 8, 9], [5, 7, 8, 9], [5, 6, 7, 9], [4, 5, 7, 9], [2, 6, 8, 9], [2, 6, 8, 9]]
 
[4, [5, 7, 8, 9], [5, 7, 8, 9], [4, 5, 8, 9], [4, 5, 8, 9], [2, 7, 8, 9], [4, 5, 6, 9]]
 
[4, [5, 7, 8, 9], [5, 7, 8, 9], [4, 6, 7, 9], [2, 7, 8, 9], [2, 7, 8, 9], [3, 5, 7, 9]]
 
[4, [5, 7, 8, 9], [5, 7, 8, 9], [4, 6, 7, 9], [3, 6, 8, 9], [2, 7, 8, 9], [4, 5, 6, 9]]
 
[4, [5, 7, 8, 9], [5, 7, 8, 9], [4, 6, 7, 9], [4, 6, 7, 9], [2, 7, 8, 9], [2, 6, 7, 9]]
 
[4, [5, 7, 8, 9], [5, 7, 8, 9], [2, 7, 8, 9], [2, 7, 8, 9], [3, 6, 7, 9], [3, 6, 7, 9]]
 
[4, [5, 7, 8, 9], [5, 7, 8, 9], [4, 6, 7, 9], [2, 7, 8, 9], [4, 5, 7, 9], [2, 6, 8, 9]]
 
[4, [5, 7, 8, 9], [4, 7, 8, 9], [5, 6, 7, 9], [5, 6, 7, 9], [2, 6, 8, 9], [2, 5, 8, 9]]
 
[4, [5, 7, 8, 9], [4, 7, 8, 9], [5, 6, 7, 9], [4, 5, 8, 9], [2, 7, 8, 9], [3, 4, 8, 9]]
 
[4, [5, 7, 8, 9], [4, 7, 8, 9], [5, 6, 7, 9], [4, 6, 7, 9], [2, 7, 8, 9], [2, 5, 8, 9]]
 
[4, [5, 7, 8, 9], [4, 7, 8, 9], [5, 6, 7, 9], [2, 7, 8, 9], [3, 6, 7, 9], [2, 6, 8, 9]]
 
[4, [5, 7, 8, 9], [5, 6, 8, 9], [5, 6, 7, 9], [4, 6, 7, 9], [2, 6, 8, 9], [2, 6, 8, 9]]
 
[4, [5, 7, 8, 9], [4, 7, 8, 9], [4, 6, 7, 9], [2, 7, 8, 9], [2, 7, 8, 9], [3, 6, 7, 9]]
 
[4, [5, 7, 8, 9], [5, 6, 8, 9], [4, 6, 7, 9], [4, 6, 7, 9], [2, 7, 8, 9], [2, 6, 8, 9]]
 
[4, [5, 7, 8, 9], [5, 6, 7, 9], [5, 6, 7, 9], [4, 6, 8, 9], [2, 6, 8, 9], [2, 6, 8, 9]]
 
[4, [5, 7, 8, 9], [5, 6, 7, 9], [4, 6, 8, 9], [4, 6, 7, 9], [2, 7, 8, 9], [2, 6, 8, 9]]
 
[4, [5, 7, 8, 9], [4, 6, 8, 9], [4, 6, 7, 9], [4, 6, 7, 9], [2, 7, 8, 9], [2, 7, 8, 9]]
 
[4, [4, 7, 8, 9], [4, 7, 8, 9], [5, 6, 7, 9], [5, 6, 7, 9], [2, 6, 8, 9], [2, 6, 8, 9]]
 
[4, [4, 7, 8, 9], [4, 7, 8, 9], [5, 6, 7, 9], [4, 6, 7, 9], [2, 7, 8, 9], [2, 6, 8, 9]]
 
[4, [4, 7, 8, 9], [4, 7, 8, 9], [4, 6, 7, 9], [4, 6, 7, 9], [2, 7, 8, 9], [2, 7, 8, 9]]
 
[4, [5, 7, 8, 9], [5, 7, 8, 9], [5, 7, 8, 9], [5, 6, 7, 9], [5, 6, 7, 9], [5, 6, 7, 9], [2, 4, 7, 9]]
 
[4, [5, 7, 8, 9], [5, 7, 8, 9], [5, 7, 8, 9], [5, 6, 7, 9], [3, 7, 8, 9], [2, 7, 8, 9], [3, 5, 6, 9]]
 
[4, [5, 7, 8, 9], [5, 7, 8, 9], [5, 7, 8, 9], [5, 6, 7, 9], [5, 6, 7, 9], [2, 7, 8, 9], [2, 5, 7, 9]]
 
[4, [5, 7, 8, 9], [5, 7, 8, 9], [5, 7, 8, 9], [5, 6, 7, 9], [5, 6, 7, 9], [4, 6, 7, 9], [2, 4, 8, 9]]
 
[4, [5, 7, 8, 9], [5, 7, 8, 9], [5, 7, 8, 9], [5, 6, 7, 9], [3, 7, 8, 9], [2, 6, 8, 9], [4, 5, 6, 9]]
 
[4, [5, 7, 8, 9], [5, 7, 8, 9], [5, 7, 8, 9], [5, 6, 7, 9], [5, 6, 7, 9], [2, 6, 8, 9], [2, 6, 7, 9]]
 
[4, [5, 7, 8, 9], [5, 7, 8, 9], [5, 7, 8, 9], [3, 7, 8, 9], [4, 6, 7, 9], [2, 7, 8, 9], [4, 5, 6, 9]]
 
[4, [5, 7, 8, 9], [5, 7, 8, 9], [5, 7, 8, 9], [5, 6, 7, 9], [2, 7, 8, 9], [2, 7, 8, 9], [3, 5, 7, 9]]
 
[4, [5, 7, 8, 9], [5, 7, 8, 9], [5, 7, 8, 9], [5, 6, 7, 9], [3, 6, 8, 9], [2, 7, 8, 9], [4, 5, 6, 9]]
 
[4, [5, 7, 8, 9], [5, 7, 8, 9], [5, 7, 8, 9], [5, 6, 7, 9], [4, 6, 7, 9], [2, 7, 8, 9], [2, 6, 7, 9]]
 
[4, [5, 7, 8, 9], [5, 7, 8, 9], [5, 7, 8, 9], [5, 6, 7, 9], [2, 7, 8, 9], [4, 5, 7, 9], [2, 6, 8, 9]]
 
[4, [5, 7, 8, 9], [5, 7, 8, 9], [5, 7, 8, 9], [4, 6, 7, 9], [2, 7, 8, 9], [2, 7, 8, 9], [4, 5, 7, 9]]
 
[4, [5, 7, 8, 9], [5, 7, 8, 9], [4, 7, 8, 9], [5, 6, 7, 9], [5, 6, 7, 9], [2, 7, 8, 9], [2, 5, 8, 9]]
 
[4, [5, 7, 8, 9], [5, 7, 8, 9], [5, 6, 8, 9], [5, 6, 7, 9], [5, 6, 7, 9], [2, 6, 8, 9], [2, 6, 8, 9]]
 
[4, [5, 7, 8, 9], [5, 7, 8, 9], [4, 7, 8, 9], [5, 6, 7, 9], [2, 7, 8, 9], [2, 7, 8, 9], [3, 6, 7, 9]]
 
[4, [5, 7, 8, 9], [5, 7, 8, 9], [5, 6, 8, 9], [5, 6, 7, 9], [4, 6, 7, 9], [2, 7, 8, 9], [2, 6, 8, 9]]
 
[4, [5, 7, 8, 9], [5, 7, 8, 9], [5, 6, 8, 9], [4, 6, 7, 9], [4, 6, 7, 9], [2, 7, 8, 9], [2, 7, 8, 9]]
 
[4, [5, 7, 8, 9], [5, 7, 8, 9], [5, 6, 7, 9], [5, 6, 7, 9], [4, 6, 8, 9], [2, 7, 8, 9], [2, 6, 8, 9]]
 
[4, [5, 7, 8, 9], [5, 7, 8, 9], [5, 6, 7, 9], [4, 6, 8, 9], [4, 6, 7, 9], [2, 7, 8, 9], [2, 7, 8, 9]]
 
[4, [5, 7, 8, 9], [4, 7, 8, 9], [4, 7, 8, 9], [5, 6, 7, 9], [5, 6, 7, 9], [2, 7, 8, 9], [2, 6, 8, 9]]
 
[4, [5, 7, 8, 9], [4, 7, 8, 9], [4, 7, 8, 9], [5, 6, 7, 9], [4, 6, 7, 9], [2, 7, 8, 9], [2, 7, 8, 9]]
 
[4, [5, 7, 8, 9], [5, 7, 8, 9], [5, 7, 8, 9], [5, 7, 8, 9], [5, 6, 7, 9], [5, 6, 7, 9], [5, 6, 7, 9], [2, 4, 8, 9]]
 
[4, [5, 7, 8, 9], [5, 7, 8, 9], [5, 7, 8, 9], [5, 7, 8, 9], [5, 6, 7, 9], [3, 7, 8, 9], [2, 7, 8, 9], [4, 5, 6, 9]]
 
[4, [5, 7, 8, 9], [5, 7, 8, 9], [5, 7, 8, 9], [5, 7, 8, 9], [5, 6, 7, 9], [5, 6, 7, 9], [2, 7, 8, 9], [2, 6, 7, 9]]
 
[4, [5, 7, 8, 9], [5, 7, 8, 9], [5, 7, 8, 9], [5, 7, 8, 9], [5, 6, 7, 9], [2, 7, 8, 9], [2, 7, 8, 9], [4, 5, 7, 9]]
 
[4, [5, 7, 8, 9], [5, 7, 8, 9], [5, 7, 8, 9], [5, 6, 8, 9], [5, 6, 7, 9], [5, 6, 7, 9], [2, 7, 8, 9], [2, 6, 8, 9]]
 
[4, [5, 7, 8, 9], [5, 7, 8, 9], [5, 7, 8, 9], [5, 6, 8, 9], [5, 6, 7, 9], [4, 6, 7, 9], [2, 7, 8, 9], [2, 7, 8, 9]]
 
[4, [5, 7, 8, 9], [5, 7, 8, 9], [5, 7, 8, 9], [5, 6, 7, 9], [5, 6, 7, 9], [4, 6, 8, 9], [2, 7, 8, 9], [2, 7, 8, 9]]
 
[4, [5, 7, 8, 9], [5, 7, 8, 9], [4, 7, 8, 9], [4, 7, 8, 9], [5, 6, 7, 9], [5, 6, 7, 9], [2, 7, 8, 9], [2, 7, 8, 9]]
 
[4, [5, 7, 8, 9], [5, 7, 8, 9], [5, 7, 8, 9], [5, 7, 8, 9], [5, 6, 8, 9], [5, 6, 7, 9], [5, 6, 7, 9], [2, 7, 8, 9], [2, 7, 8, 9]]
 
[6, [4, 5, 8, 9], [4, 5, 8, 9], [3, 4, 8, 9], [3, 4, 8, 9]]
 
[6, [5, 7, 8, 9], [4, 6, 7, 9], [4, 5, 8, 9], [2, 6, 8, 9], [3, 4, 8, 9]]
 
[6, [5, 7, 8, 9], [4, 6, 7, 9], [4, 6, 7, 9], [2, 6, 8, 9], [2, 5, 8, 9]]
 
[6, [5, 7, 8, 9], [4, 6, 7, 9], [3, 6, 7, 9], [2, 6, 8, 9], [2, 6, 8, 9]]
 
[6, [4, 7, 8, 9], [4, 6, 7, 9], [4, 6, 7, 9], [2, 6, 8, 9], [2, 6, 8, 9]]
 
[6, [3, 7, 8, 9], [4, 6, 7, 9], [4, 6, 7, 9], [4, 6, 7, 9], [2, 6, 8, 9]]
 
[6, [5, 6, 7, 9], [4, 6, 7, 9], [4, 5, 8, 9], [4, 5, 8, 9], [2, 6, 8, 9]]
 
[6, [5, 6, 7, 9], [4, 6, 7, 9], [4, 6, 7, 9], [3, 6, 8, 9], [2, 6, 8, 9]]
 
[6, [4, 6, 7, 9], [4, 6, 7, 9], [4, 5, 8, 9], [4, 5, 8, 9], [2, 7, 8, 9]]
 
[6, [4, 6, 7, 9], [4, 6, 7, 9], [4, 6, 7, 9], [3, 6, 8, 9], [2, 7, 8, 9]]
 
[6, [5, 7, 8, 9], [5, 7, 8, 9], [5, 6, 7, 9], [4, 5, 8, 9], [2, 6, 8, 9], [3, 4, 8, 9]]
 
[6, [5, 7, 8, 9], [5, 7, 8, 9], [5, 6, 7, 9], [4, 6, 7, 9], [2, 6, 8, 9], [2, 5, 8, 9]]
 
[6, [5, 7, 8, 9], [5, 7, 8, 9], [5, 6, 7, 9], [3, 6, 7, 9], [2, 6, 8, 9], [2, 6, 8, 9]]
 
[6, [5, 7, 8, 9], [5, 7, 8, 9], [4, 6, 7, 9], [4, 5, 8, 9], [2, 7, 8, 9], [3, 4, 8, 9]]
 
[6, [5, 7, 8, 9], [5, 7, 8, 9], [4, 6, 7, 9], [4, 6, 7, 9], [2, 7, 8, 9], [2, 5, 8, 9]]
 
[6, [5, 7, 8, 9], [5, 7, 8, 9], [4, 6, 7, 9], [2, 7, 8, 9], [3, 6, 7, 9], [2, 6, 8, 9]]
 
[6, [5, 7, 8, 9], [4, 7, 8, 9], [5, 6, 7, 9], [4, 6, 7, 9], [2, 6, 8, 9], [2, 6, 8, 9]]
 
[6, [5, 7, 8, 9], [4, 7, 8, 9], [4, 6, 7, 9], [4, 6, 7, 9], [2, 7, 8, 9], [2, 6, 8, 9]]
 
[6, [5, 7, 8, 9], [5, 6, 7, 9], [3, 7, 8, 9], [4, 6, 7, 9], [4, 6, 7, 9], [2, 6, 8, 9]]
 
[6, [5, 7, 8, 9], [5, 6, 7, 9], [5, 6, 7, 9], [4, 5, 8, 9], [4, 5, 8, 9], [2, 6, 8, 9]]
 
[6, [5, 7, 8, 9], [5, 6, 7, 9], [5, 6, 7, 9], [4, 6, 7, 9], [3, 6, 8, 9], [2, 6, 8, 9]]
 
[6, [5, 7, 8, 9], [3, 7, 8, 9], [4, 6, 7, 9], [4, 6, 7, 9], [4, 6, 7, 9], [2, 7, 8, 9]]
 
[6, [5, 7, 8, 9], [5, 6, 7, 9], [4, 6, 7, 9], [4, 5, 8, 9], [4, 5, 8, 9], [2, 7, 8, 9]]
 
[6, [5, 7, 8, 9], [5, 6, 7, 9], [4, 6, 7, 9], [4, 6, 7, 9], [3, 6, 8, 9], [2, 7, 8, 9]]
 
[6, [5, 7, 8, 9], [5, 7, 8, 9], [5, 7, 8, 9], [5, 6, 7, 9], [5, 6, 7, 9], [2, 6, 8, 9], [2, 5, 8, 9]]
 
[6, [5, 7, 8, 9], [5, 7, 8, 9], [5, 7, 8, 9], [5, 6, 7, 9], [4, 5, 8, 9], [2, 7, 8, 9], [3, 4, 8, 9]]
 
[6, [5, 7, 8, 9], [5, 7, 8, 9], [5, 7, 8, 9], [5, 6, 7, 9], [4, 6, 7, 9], [2, 7, 8, 9], [2, 5, 8, 9]]
 
[6, [5, 7, 8, 9], [5, 7, 8, 9], [5, 7, 8, 9], [5, 6, 7, 9], [2, 7, 8, 9], [3, 6, 7, 9], [2, 6, 8, 9]]
 
[6, [5, 7, 8, 9], [5, 7, 8, 9], [5, 7, 8, 9], [4, 6, 7, 9], [2, 7, 8, 9], [2, 7, 8, 9], [3, 6, 7, 9]]
 
[6, [5, 7, 8, 9], [5, 7, 8, 9], [4, 7, 8, 9], [5, 6, 7, 9], [5, 6, 7, 9], [2, 6, 8, 9], [2, 6, 8, 9]]
 
[6, [5, 7, 8, 9], [5, 7, 8, 9], [4, 7, 8, 9], [5, 6, 7, 9], [4, 6, 7, 9], [2, 7, 8, 9], [2, 6, 8, 9]]
 
[6, [5, 7, 8, 9], [5, 7, 8, 9], [4, 7, 8, 9], [4, 6, 7, 9], [4, 6, 7, 9], [2, 7, 8, 9], [2, 7, 8, 9]]
 
[6, [5, 7, 8, 9], [5, 7, 8, 9], [5, 6, 7, 9], [5, 6, 7, 9], [3, 7, 8, 9], [4, 6, 7, 9], [2, 6, 8, 9]]
 
[6, [5, 7, 8, 9], [5, 7, 8, 9], [5, 6, 7, 9], [5, 6, 7, 9], [5, 6, 7, 9], [3, 6, 8, 9], [2, 6, 8, 9]]
 
[6, [5, 7, 8, 9], [5, 7, 8, 9], [5, 6, 7, 9], [3, 7, 8, 9], [4, 6, 7, 9], [4, 6, 7, 9], [2, 7, 8, 9]]
 
[6, [5, 7, 8, 9], [5, 7, 8, 9], [5, 6, 7, 9], [5, 6, 7, 9], [4, 5, 8, 9], [4, 5, 8, 9], [2, 7, 8, 9]]
 
[6, [5, 7, 8, 9], [5, 7, 8, 9], [5, 6, 7, 9], [5, 6, 7, 9], [4, 6, 7, 9], [3, 6, 8, 9], [2, 7, 8, 9]]
 
[6, [5, 7, 8, 9], [5, 7, 8, 9], [5, 7, 8, 9], [5, 7, 8, 9], [5, 6, 7, 9], [5, 6, 7, 9], [2, 7, 8, 9], [2, 5, 8, 9]]
 
[6, [5, 7, 8, 9], [5, 7, 8, 9], [5, 7, 8, 9], [5, 7, 8, 9], [5, 6, 7, 9], [2, 7, 8, 9], [2, 7, 8, 9], [3, 6, 7, 9]]
 
[6, [5, 7, 8, 9], [5, 7, 8, 9], [5, 7, 8, 9], [4, 7, 8, 9], [5, 6, 7, 9], [5, 6, 7, 9], [2, 7, 8, 9], [2, 6, 8, 9]]
 
[6, [5, 7, 8, 9], [5, 7, 8, 9], [5, 7, 8, 9], [4, 7, 8, 9], [5, 6, 7, 9], [4, 6, 7, 9], [2, 7, 8, 9], [2, 7, 8, 9]]
 
[6, [5, 7, 8, 9], [5, 7, 8, 9], [5, 7, 8, 9], [5, 6, 7, 9], [5, 6, 7, 9], [5, 6, 7, 9], [3, 7, 8, 9], [2, 6, 8, 9]]
 
[6, [5, 7, 8, 9], [5, 7, 8, 9], [5, 7, 8, 9], [5, 6, 7, 9], [5, 6, 7, 9], [3, 7, 8, 9], [4, 6, 7, 9], [2, 7, 8, 9]]
 
[6, [5, 7, 8, 9], [5, 7, 8, 9], [5, 7, 8, 9], [5, 6, 7, 9], [5, 6, 7, 9], [5, 6, 7, 9], [3, 6, 8, 9], [2, 7, 8, 9]]
 
[6, [5, 7, 8, 9], [5, 7, 8, 9], [5, 7, 8, 9], [5, 7, 8, 9], [4, 7, 8, 9], [5, 6, 7, 9], [5, 6, 7, 9], [2, 7, 8, 9], [2, 7, 8, 9]]
 
[6, [5, 7, 8, 9], [5, 7, 8, 9], [5, 7, 8, 9], [5, 7, 8, 9], [5, 6, 7, 9], [5, 6, 7, 9], [5, 6, 7, 9], [3, 7, 8, 9], [2, 7, 8, 9]]
 
[10, [5, 7, 8, 9], [5, 7, 8, 9], [4, 6, 7, 9], [4, 6, 7, 9], [2, 6, 8, 9], [2, 6, 8, 9]]
 
[10, [5, 7, 8, 9], [5, 7, 8, 9], [5, 7, 8, 9], [5, 6, 7, 9], [4, 6, 7, 9], [2, 6, 8, 9], [2, 6, 8, 9]]
 
[10, [5, 7, 8, 9], [5, 7, 8, 9], [5, 7, 8, 9], [4, 6, 7, 9], [4, 6, 7, 9], [2, 7, 8, 9], [2, 6, 8, 9]]
 
[10, [5, 7, 8, 9], [5, 7, 8, 9], [5, 7, 8, 9], [5, 7, 8, 9], [5, 6, 7, 9], [5, 6, 7, 9], [2, 6, 8, 9], [2, 6, 8, 9]]
 
[10, [5, 7, 8, 9], [5, 7, 8, 9], [5, 7, 8, 9], [5, 7, 8, 9], [5, 6, 7, 9], [4, 6, 7, 9], [2, 7, 8, 9], [2, 6, 8, 9]]
 
[10, [5, 7, 8, 9], [5, 7, 8, 9], [5, 7, 8, 9], [5, 7, 8, 9], [4, 6, 7, 9], [4, 6, 7, 9], [2, 7, 8, 9], [2, 7, 8, 9]]
 
[10, [5, 7, 8, 9], [5, 7, 8, 9], [5, 7, 8, 9], [5, 7, 8, 9], [5, 7, 8, 9], [5, 6, 7, 9], [5, 6, 7, 9], [2, 7, 8, 9], [2, 6, 8, 9]]
 
[10, [5, 7, 8, 9], [5, 7, 8, 9], [5, 7, 8, 9], [5, 7, 8, 9], [5, 7, 8, 9], [5, 6, 7, 9], [4, 6, 7, 9], [2, 7, 8, 9], [2, 7, 8, 9]]
 
[10, [5, 7, 8, 9], [5, 7, 8, 9], [5, 7, 8, 9], [5, 7, 8, 9], [5, 7, 8, 9], [5, 7, 8, 9], [5, 6, 7, 9], [5, 6, 7, 9], [2, 7, 8, 9], [2, 7, 8, 9]]
 
