##############################################################################
#
#  Data for the enumerative problem
#  A1534 Z11 A12436 A214e2 X11  = 8 on Pieri
#
##############################################################################
FlagVariety:=[1, 2, 3, 4, 5, 6]:
Label := "A1534 Z11 A12436 A214e2 X11 ":
EnumerativeProblem:=[ [1, 5, 3, 4, 2, 6] ,[1, 2, 3, 5, 6, 4]
                     ,[1, 2, 4, 3, 6, 5] ,[2, 1, 4, 3, 5, 6]
                     ,[2, 1, 4, 3, 5, 6] ,[1, 3, 4, 2, 5, 6]
                    ]:
NumberOfSolutions := 8:
Necklaces:=[ [1, 2, 3, 4, 5] ,[1, 2, 3, 5, 4]
            ,[1, 2, 4, 5, 3] ,[1, 3, 2, 4, 5]
            ,[1, 3, 2, 5, 4] ,[1, 4, 2, 3, 5]
            ,[1, 5, 2, 3, 4] ,[1, 4, 2, 5, 3]
            ,[1, 5, 2, 4, 3] ,[1, 3, 4, 5, 2]
            ,[1, 4, 3, 5, 2] ,[1, 5, 3, 4, 2]
            ,[2, 1, 3, 4, 5] ,[2, 1, 3, 5, 4]
            ,[2, 1, 4, 5, 3] ,[3, 1, 2, 4, 5]
            ,[3, 1, 2, 5, 4] ,[4, 1, 2, 3, 5]
            ,[4, 1, 2, 5, 3] ,[3, 1, 4, 5, 2]
            ,[4, 1, 3, 5, 2] ,[2, 3, 1, 4, 5]
            ,[2, 3, 1, 5, 4] ,[2, 4, 1, 3, 5]
            ,[2, 4, 1, 5, 3] ,[3, 2, 1, 4, 5]
            ,[3, 2, 1, 5, 4] ,[4, 2, 1, 3, 5]
            ,[3, 4, 1, 2, 5] ,[4, 3, 1, 2, 5]
           ]:
Points:=[[3, 23],[5, 22],[8, 22],[10, 21],[12, 20],[14, 18],[16, 17]
       ,[17, 15],[19, 13],[20, 12],[21, 9],[22, 7],[22, 5],[23, 3]
       ,[23, 0],[23, -2],[23, -4],[22, -7],[21, -9],[20, -11],[19, -13]
       ,[18, -15],[16, -16],[14, -18],[12, -19],[10, -20],[8, -21],[6, -22]
       ,[4, -23],[2, -23] ]:
PointSelection := "QuasiUniformPointsAss(30,23)":
Machine := "Pieri":
##############################################################################
Instance:=10000:
PreTime:=   7697.12:
GroebnerTime:= 233969.57:
RealTime:=  10887.10:
Table:=[[0,0,0,0,10000]
       ,[0,0,0,0,10000]
       ,[0,0,0,0,10000]
       ,[0,1426,1342,2878,4354]
       ,[0,687,2252,2493,4568]
       ,[0,149,2464,4447,2940]
       ,[0,748,2249,3672,3331]
       ,[0,115,2265,5042,2578]
       ,[0,959,2482,2955,3604]
       ,[0,0,463,1466,8071]
       ,[0,103,2214,2137,5546]
       ,[0,0,2747,2499,4754]
       ,[0,0,0,0,10000]
       ,[0,0,0,0,10000]
       ,[0,0,0,0,10000]
       ,[0,1149,2101,2686,4064]
       ,[0,498,1382,3035,5085]
       ,[0,194,1895,3662,4249]
       ,[0,0,1957,1593,6450]
       ,[0,0,513,1697,7790]
       ,[0,0,3360,4351,2289]
       ,[0,0,0,0,10000]
       ,[0,0,0,0,10000]
       ,[0,1013,2407,2634,3946]
       ,[0,0,139,1172,8689]
       ,[0,0,0,0,10000]
       ,[0,0,0,0,10000]
       ,[0,719,1459,2803,5019]
       ,[0,0,0,0,10000]
       ,[0,0,0,0,10000]]:
CoefficientHeight:=   44.5:
