##############################################################################
#
#  Data for the enumerative problem
#  A3146 A12436 A1325e2 V2 X11  = 9 on rcf1422-3
#
##############################################################################
FlagVariety:=[1, 2, 3, 4, 5, 6]:
Label := "A3146 A12436 A1325e2 V2 X11 ":
EnumerativeProblem:=[ [3, 1, 4, 6, 2, 5] ,[1, 2, 4, 3, 6, 5]
                     ,[1, 3, 2, 5, 4, 6] ,[1, 3, 2, 5, 4, 6]
                     ,[3, 1, 2, 4, 5, 6] ,[1, 3, 4, 2, 5, 6]
                    ]:
NumberOfSolutions := 9:
Necklaces:=[ [1, 2, 3, 4, 5] ,[1, 2, 3, 5, 4]
            ,[1, 2, 4, 3, 5] ,[1, 2, 5, 3, 4]
            ,[1, 2, 4, 5, 3] ,[1, 2, 5, 4, 3]
            ,[1, 3, 4, 2, 5] ,[1, 3, 5, 2, 4]
            ,[1, 4, 5, 2, 3] ,[1, 3, 4, 5, 2]
            ,[1, 3, 5, 4, 2] ,[1, 4, 5, 3, 2]
            ,[2, 1, 3, 4, 5] ,[2, 1, 3, 5, 4]
            ,[2, 1, 4, 3, 5] ,[2, 1, 5, 3, 4]
            ,[2, 1, 4, 5, 3] ,[2, 1, 5, 4, 3]
            ,[3, 1, 2, 4, 5] ,[3, 1, 2, 5, 4]
            ,[4, 1, 2, 3, 5] ,[4, 1, 2, 5, 3]
            ,[3, 1, 4, 2, 5] ,[3, 1, 5, 2, 4]
            ,[4, 1, 3, 2, 5] ,[3, 1, 4, 5, 2]
            ,[4, 1, 3, 5, 2] ,[2, 3, 4, 1, 5]
            ,[3, 2, 4, 1, 5] ,[4, 2, 3, 1, 5]
           ]:
Points:=[[4, 41],[7, 40],[10, 40],[13, 39],[16, 38],[19, 36],[22, 35]
       ,[24, 33],[27, 31],[29, 29],[31, 26],[33, 24],[35, 21],[37, 19]
       ,[38, 16],[39, 13],[40, 10],[40, 7],[41, 4],[41, 1],[41, -3]
       ,[41, -6],[40, -9],[39, -12],[38, -15],[37, -18],[36, -21],[34, -23]
       ,[32, -26],[30, -28],[28, -30],[25, -32],[23, -34],[20, -36],[17, -37]
       ,[14, -38],[11, -39],[8, -40],[5, -41],[2, -41] ]:
PointSelection := "QuasiUniformPointsAss(40,41)":
Machine := "rcf1422-3":
##############################################################################
Instance:=500:
PreTime:=    263.97:
GroebnerTime:= 110709.49:
RealTime:=    602.06:
Table:=[[17,123,245,88,27]
       ,[8,141,231,87,33]
       ,[3,89,220,145,43]
       ,[0,16,104,226,154]
       ,[0,49,144,166,141]
       ,[0,5,72,231,192]
       ,[0,164,207,92,37]
       ,[0,2,74,161,263]
       ,[0,161,83,143,113]
       ,[0,79,211,129,81]
       ,[0,3,103,206,188]
       ,[0,120,92,192,96]
       ,[0,28,114,183,175]
       ,[0,35,135,171,159]
       ,[2,72,132,205,89]
       ,[0,16,194,204,86]
       ,[0,0,137,267,96]
       ,[0,11,115,241,133]
       ,[1,108,190,146,55]
       ,[0,54,275,146,25]
       ,[0,101,246,125,28]
       ,[0,41,193,154,112]
       ,[0,23,181,223,73]
       ,[0,3,44,416,37]
       ,[0,1,224,221,54]
       ,[0,7,62,334,97]
       ,[0,0,127,173,200]
       ,[3,74,256,136,31]
       ,[0,39,176,205,80]
       ,[0,27,336,126,11]]:
CoefficientHeight:=   67.8:
