##############################################################################
#
#  Data for the enumerative problem
#  A42136 A12436e3 A2135 A1325  = 12 on Cataldi.Math.Umass.Edu
#
##############################################################################
FlagVariety:=[1, 2, 3, 4, 5, 6]:
Label := "A42136 A12436e3 A2135 A1325 ":
EnumerativeProblem:=[ [4, 2, 1, 3, 6, 5] ,[1, 2, 4, 3, 6, 5]
                     ,[1, 2, 4, 3, 6, 5] ,[1, 2, 4, 3, 6, 5]
                     ,[2, 1, 3, 5, 4, 6] ,[1, 3, 2, 5, 4, 6]
                    ]:
NumberOfSolutions := 12:
Necklaces:=[ [1, 2, 3, 4, 5] ,[1, 2, 3, 5, 4]
            ,[1, 2, 4, 3, 5] ,[1, 2, 5, 3, 4]
            ,[1, 2, 4, 5, 3] ,[1, 2, 5, 4, 3]
            ,[1, 3, 4, 2, 5] ,[1, 3, 5, 2, 4]
            ,[1, 3, 4, 5, 2] ,[2, 3, 4, 1, 5]
           ]:
Points:=[[3, 23],[5, 22],[8, 22],[10, 21],[12, 20],[14, 18],[16, 17]
       ,[17, 15],[19, 13],[20, 12],[21, 9],[22, 7],[22, 5],[23, 3]
       ,[23, 0],[23, -2],[23, -4],[22, -7],[21, -9],[20, -11],[19, -13]
       ,[18, -15],[16, -16],[14, -18],[12, -19],[10, -20],[8, -21],[6, -22]
       ,[4, -23],[2, -23] ]:
PointSelection := "QuasiUniformPointsAss(30,23)":
Machine := "Cataldi.Math.Umass.Edu":
##############################################################################
Instance:=5000:
PreTime:=   1856.75:
GroebnerTime:=1419364.30:
RealTime:=   3075.11:
Table:=[ [0, 0, 722, 3740, 517, 21, 0]
        ,[0, 0, 214, 2756, 1864, 166, 0]
        ,[0, 40, 1726, 1940, 1097, 197, 0]
        ,[0, 1406, 2083, 1206, 301, 4, 0]
        ,[0, 0, 598, 2264, 1799, 322, 17]
        ,[0, 1154, 837, 2255, 693, 61, 0]
        ,[0, 295, 1452, 1805, 1132, 315, 1]
        ,[0, 259, 1172, 1402, 1608, 522, 37]
        ,[0, 156, 1043, 2342, 1183, 266, 10]
        ,[0, 0, 657, 1541, 2550, 252, 0]]:
CoefficientHeight:=   89.0:
