##############################################################################
#
#  Data for the enumerative problem
#  A13246A1325Ve2XX321Ye2 = 8 on Noether
#
##############################################################################
FlagVariety:=[1, 2, 3, 4, 5, 6]:
Label := "A13246A1325Ve2XX321Ye2":
EnumerativeProblem:=[ [2, 4, 6, 1, 3, 5] ,[1, 2, 4, 3, 5, 6]
                     ,[2, 1, 3, 4, 5, 6] ,[2, 1, 3, 4, 5, 6]
                     ,[1, 2, 3, 5, 4, 6] ,[1, 2, 3, 5, 4, 6]
                     ,[1, 3, 2, 4, 6, 5] ,[1, 3, 2, 5, 4, 6]
                    ]:
NumberOfSolutions := 8:
Necklaces:=[ [1, 2, 3, 4, 5, 6, 7] ,[1, 2, 3, 4, 5, 7, 6]
            ,[1, 2, 3, 6, 4, 5, 7] ,[1, 2, 3, 7, 4, 5, 6]
            ,[1, 2, 3, 6, 7, 4, 5] ,[1, 2, 3, 7, 6, 4, 5]
            ,[1, 4, 5, 2, 3, 6, 7] ,[1, 4, 5, 2, 3, 7, 6]
            ,[1, 6, 2, 3, 4, 5, 7] ,[1, 6, 2, 3, 7, 4, 5]
            ,[1, 4, 5, 6, 2, 3, 7] ,[1, 6, 4, 5, 2, 3, 7]
           ]:
Points:=[[3, 23],[5, 22],[8, 22],[10, 21],[12, 20],[14, 18],[16, 17]
       ,[17, 15],[19, 13],[20, 12],[21, 9],[22, 7],[22, 5],[23, 3]
       ,[23, 0],[23, -2],[23, -4],[22, -7],[21, -9],[20, -11],[19, -13]
       ,[18, -15],[16, -16],[14, -18],[12, -19],[10, -20],[8, -21],[6, -22]
       ,[4, -23],[2, -23] ]:
PointSelection := "QuasiUniformPointsAss(30,23)":
Machine := "Noether":
##############################################################################
Instance:=10000:
PreTime:=   4027.91:
GroebnerTime:= 295441.33:
RealTime:=   4029.59:
Table:=[[0,44,5446,3483,1027]
       ,[0,0,2864,4575,2561]
       ,[0,0,3492,4853,1655]
       ,[0,0,5316,3109,1575]
       ,[0,0,0,0,10000]
       ,[0,0,0,0,10000]
       ,[0,0,0,4856,5144]
       ,[0,0,0,3385,6615]
       ,[56,785,3539,4657,963]
       ,[432,2028,2945,3180,1415]
       ,[0,77,5125,3428,1370]
       ,[0,44,5943,3497,516]]:
CoefficientHeight:=   55.4:
