##############################################################################
#
#  Data for the enumerative problem
#  X321 X A1325e2 A21346e2  = 8 on Rota
#
##############################################################################
FlagVariety:=[1, 2, 3, 4, 5, 6]:
Label := "X321 X A1325e2 A21346e2 ":	
EnumerativeProblem:=[ [2, 4, 6, 1, 3, 5] ,[1, 2, 4, 3, 5, 6]
                     ,[1, 3, 2, 5, 4, 6] ,[1, 3, 2, 5, 4, 6]
                     ,[2, 1, 3, 4, 6, 5] ,[2, 1, 3, 4, 6, 5]
                    ]:
NumberOfSolutions := 8:
Necklaces:=[ [1, 2, 3, 4, 5] ,[1, 2, 4, 3, 5]
            ,[1, 2, 5, 3, 4] ,[1, 3, 4, 2, 5]
            ,[1, 3, 5, 2, 4] ,[1, 4, 5, 2, 3]
            ,[2, 1, 3, 4, 5] ,[2, 1, 4, 3, 5]
            ,[2, 1, 5, 3, 4] ,[3, 1, 2, 4, 5]
            ,[4, 1, 2, 3, 5] ,[3, 1, 4, 2, 5]
            ,[3, 1, 5, 2, 4] ,[4, 1, 3, 2, 5]
            ,[2, 3, 4, 1, 5] ,[3, 2, 4, 1, 5]
           ]:
Points:=[[3, 23],[5, 22],[8, 22],[10, 21],[12, 20],[14, 18],[16, 17]
       ,[17, 15],[19, 13],[20, 12],[21, 9],[22, 7],[22, 5],[23, 3]
       ,[23, 0],[23, -2],[23, -4],[22, -7],[21, -9],[20, -11],[19, -13]
       ,[18, -15],[16, -16],[14, -18],[12, -19],[10, -20],[8, -21],[6, -22]
       ,[4, -23],[2, -23] ]:
PointSelection := "QuasiUniformPointsAss(30,23)":
Machine := "Rota":
##############################################################################
Instance:=10000:
PreTime:=  12329.08:
GroebnerTime:= 139467.86:
RealTime:=  13184.16:
Table:=[[0,0,9605,390,5]
       ,[1378,322,6101,2169,30]
       ,[0,0,9262,738,0]
       ,[6022,517,3275,186,0]
       ,[1420,5,7879,692,4]
       ,[0,0,9854,146,0]
       ,[0,789,3451,4907,853]
       ,[0,924,3521,5315,240]
       ,[0,1364,2322,6137,177]
       ,[0,530,425,8777,268]
       ,[0,2546,1280,6174,0]
       ,[307,2011,2875,4367,440]
       ,[0,1361,935,6539,1165]
       ,[458,945,2856,5712,29]
       ,[1093,3648,390,4366,503]
       ,[0,78,3800,1626,4496]]:
CoefficientHeight:=   57.8:
