##############################################################################
#
#  Data for the enumerative problem
#  X321 X A1325 A13246 A21346 A2135  = 8 on rcf1422-2
#
##############################################################################
FlagVariety:=[1, 2, 3, 4, 5, 6]:
Label := "X321 X A1325 A13246 A21346 A2135 ":
EnumerativeProblem:=[ [2, 4, 6, 1, 3, 5] ,[1, 2, 4, 3, 5, 6]
                     ,[1, 3, 2, 5, 4, 6] ,[1, 3, 2, 4, 6, 5]
                     ,[2, 1, 3, 4, 6, 5] ,[2, 1, 3, 5, 4, 6]
                    ]:
NumberOfSolutions := 8:
Necklaces:=[ [1, 2, 3, 4, 5] ,[3, 1, 4, 2, 5]
            ,[1, 3, 2, 4, 5] ,[2, 1, 4, 3, 5]
            ,[2, 1, 3, 5, 4] ,[5, 1, 2, 4, 3]
            ,[5, 1, 3, 2, 4] ,[1, 2, 3, 5, 4]
            ,[1, 2, 4, 3, 5] ,[1, 2, 5, 3, 4]
            ,[1, 2, 4, 5, 3] ,[1, 2, 5, 4, 3]
            ,[1, 3, 2, 5, 4] ,[1, 4, 2, 3, 5]
            ,[1, 5, 2, 3, 4] ,[1, 4, 2, 5, 3]
            ,[1, 5, 2, 4, 3] ,[1, 3, 4, 2, 5]
            ,[1, 3, 5, 2, 4] ,[1, 4, 3, 2, 5]
            ,[1, 5, 3, 2, 4] ,[1, 4, 5, 2, 3]
            ,[1, 3, 4, 5, 2] ,[1, 3, 5, 4, 2]
            ,[1, 4, 3, 5, 2] ,[1, 4, 5, 3, 2]
            ,[1, 5, 4, 3, 2] ,[2, 1, 3, 4, 5]
            ,[2, 1, 5, 3, 4] ,[2, 1, 4, 5, 3]
            ,[2, 1, 5, 4, 3] ,[3, 1, 2, 4, 5]
            ,[3, 1, 2, 5, 4] ,[4, 1, 2, 3, 5]
            ,[4, 1, 2, 5, 3] ,[3, 1, 5, 2, 4]
            ,[4, 1, 3, 2, 5] ,[4, 1, 5, 2, 3]
            ,[3, 1, 4, 5, 2] ,[3, 1, 5, 4, 2]
            ,[4, 1, 3, 5, 2] ,[4, 1, 5, 3, 2]
            ,[2, 3, 1, 4, 5] ,[2, 3, 1, 5, 4]
            ,[2, 4, 1, 3, 5] ,[2, 4, 1, 5, 3]
            ,[3, 2, 1, 4, 5] ,[3, 2, 1, 5, 4]
            ,[4, 2, 1, 3, 5] ,[4, 2, 1, 5, 3]
            ,[3, 4, 1, 2, 5] ,[4, 3, 1, 2, 5]
            ,[3, 4, 1, 5, 2] ,[4, 3, 1, 5, 2]
            ,[2, 3, 4, 1, 5] ,[2, 4, 3, 1, 5]
            ,[3, 2, 4, 1, 5] ,[4, 2, 3, 1, 5]
            ,[3, 4, 2, 1, 5] ,[4, 3, 2, 1, 5]
           ]:
Points:=[[3, 23],[5, 22],[8, 22],[10, 21],[12, 20],[14, 18],[16, 17]
       ,[17, 15],[19, 13],[20, 12],[21, 9],[22, 7],[22, 5],[23, 3]
       ,[23, 0],[23, -2],[23, -4],[22, -7],[21, -9],[20, -11],[19, -13]
       ,[18, -15],[16, -16],[14, -18],[12, -19],[10, -20],[8, -21],[6, -22]
       ,[4, -23],[2, -23] ]:
PointSelection := "QuasiUniformPointsAss(30,23)":
Machine := "rcf1422-2":
##############################################################################
Instance:=5000:
PreTime:=   4138.32:
GroebnerTime:= 320995.21:
RealTime:=  14757.58:
Table:=[[0,0,1986,2307,707]
       ,[105,957,2198,1687,53]
       ,[0,130,833,2764,1273]
       ,[0,111,2404,2051,434]
       ,[12,573,2115,2093,207]
       ,[0,42,1797,2500,661]
       ,[3,113,1822,2569,493]
       ,[0,76,1926,2504,494]
       ,[3,303,1738,2193,763]
       ,[3,303,1738,2193,763]
       ,[0,76,1926,2504,494]
       ,[0,0,1986,2307,707]
       ,[158,1360,1595,1487,400]
       ,[0,424,1569,2018,989]
       ,[0,0,1651,2933,416]
       ,[923,630,941,2104,402]
       ,[1,125,1719,2483,672]
       ,[666,431,1168,1921,814]
       ,[666,431,1168,1921,814]
       ,[30,1518,1093,1686,673]
       ,[0,38,1711,2494,757]
       ,[30,1518,1093,1686,673]
       ,[158,1360,1595,1487,400]
       ,[0,130,833,2764,1273]
       ,[923,630,941,2104,402]
       ,[0,424,1569,2018,989]
       ,[0,0,1651,2933,416]
       ,[0,64,1670,2787,479]
       ,[0,111,2404,2051,434]
       ,[12,573,2115,2093,207]
       ,[0,64,1670,2787,479]
       ,[0,339,1369,3005,287]
       ,[18,607,1927,2126,322]
       ,[0,262,1429,2997,312]
       ,[0,290,1750,2507,453]
       ,[105,957,2198,1687,53]
       ,[0,419,1596,2910,75]
       ,[0,419,1596,2910,75]
       ,[18,607,1927,2126,322]
       ,[0,339,1369,3005,287]
       ,[0,290,1750,2507,453]
       ,[0,262,1429,2997,312]
       ,[0,310,1873,2182,635]
       ,[0,603,2651,1523,223]
       ,[0,143,2025,2177,655]
       ,[0,246,2042,2154,558]
       ,[0,620,2079,1782,519]
       ,[12,658,1888,1456,986]
       ,[0,97,1857,2228,818]
       ,[0,103,958,3244,695]
       ,[0,663,2166,1743,428]
       ,[0,367,1781,2168,684]
       ,[345,818,2171,1349,317]
       ,[265,522,1538,1991,684]
       ,[280,487,1601,1973,659]
       ,[0,79,988,3287,646]
       ,[351,856,2071,1416,306]
       ,[0,251,1975,2162,612]
       ,[12,667,1854,1658,809]
       ,[0,626,2461,1603,310]]:
CoefficientHeight:=   62.0:
