##############################################################################
#
#  Data for the enumerative problem
#  A13426 A314 Y111 A14236 A21436  = 6 on Pieri
#
##############################################################################
FlagVariety:=[1, 2, 3, 4, 5, 6]:
Label := "A13426 A314 Y111 A14236 A21436 ":
EnumerativeProblem:=[ [1, 3, 4, 2, 6, 5] ,[3, 1, 4, 2, 5, 6]
                     ,[1, 3, 4, 5, 2, 6] ,[1, 4, 2, 3, 6, 5]
                     ,[2, 1, 4, 3, 6, 5]]:
NumberOfSolutions := 6:
Necklaces:=[ [1, 2, 3, 4] ,[1, 2, 4, 3]
            ,[1, 3, 2, 4] ,[1, 4, 2, 3]
            ,[1, 3, 4, 2] ,[1, 4, 3, 2]
            ,[2, 1, 3, 4] ,[2, 1, 4, 3]
            ,[3, 1, 2, 4] ,[3, 1, 4, 2]
            ,[2, 3, 1, 4] ,[3, 2, 1, 4]
           ]:
Points:=[[3, 31],[6, 31],[8, 30],[10, 29],[12, 28],[14, 27],[17, 26]
       ,[18, 25],[20, 23],[22, 22],[24, 20],[25, 18],[26, 16],[28, 14]
       ,[29, 12],[29, 10],[30, 7],[31, 5],[31, 3],[31, 0],[31, -2]
       ,[31, -4],[30, -7],[30, -9],[29, -11],[28, -13],[27, -16],[26, -18]
       ,[24, -19],[23, -21],[21, -23],[19, -24],[17, -26],[15, -27],[13, -28]
       ,[11, -29],[9, -30],[6, -30],[4, -31],[2, -31] ]:
PointSelection := "QuasiUniformPointsAss(40,31)":
Machine := "Pieri":
##############################################################################
Instance:=5000:
PreTime:=   7134.57:
GroebnerTime:= 158663.38:
RealTime:=   1068.78:
Table:=[[0,0,2595,2406]
       ,[0,0,2595,2406]
       ,[0,0,4071,930]
       ,[0,0,4230,771]
       ,[0,0,4071,930]
       ,[0,0,4230,771]
       ,[0,0,2595,2406]
       ,[0,0,2595,2406]
       ,[0,0,4071,930]
       ,[0,0,4071,930]
       ,[0,0,2083,2918]
       ,[0,0,2083,2918]]:
CoefficientHeight:=   31.5:
