##############################################################################
#
#  Data for the enumerative problem
#  A325 Z11 A2135e2 Y11 A1325  = 9 on rcf1422-2
#
##############################################################################
FlagVariety:=[1, 2, 3, 4, 5, 6]:
Label := "A325 Z11 A2135e2 Y11 A1325 ":
EnumerativeProblem:=[ [3, 2, 5, 1, 4, 6] ,[1, 2, 3, 5, 6, 4]
                     ,[2, 1, 3, 5, 4, 6] ,[2, 1, 3, 5, 4, 6]
                     ,[1, 2, 4, 5, 3, 6] ,[1, 3, 2, 5, 4, 6]
                    ]:
NumberOfSolutions := 9:
Necklaces:=[ [1, 2, 3, 4, 5] ,[1, 2, 3, 5, 4]
            ,[1, 2, 4, 3, 5] ,[1, 2, 5, 3, 4]
            ,[1, 2, 4, 5, 3] ,[1, 2, 5, 4, 3]
            ,[1, 3, 4, 2, 5] ,[1, 3, 5, 2, 4]
            ,[1, 4, 5, 2, 3] ,[1, 3, 4, 5, 2]
            ,[1, 3, 5, 4, 2] ,[1, 4, 5, 3, 2]
            ,[2, 1, 3, 4, 5] ,[2, 1, 3, 5, 4]
            ,[2, 1, 4, 3, 5] ,[2, 1, 5, 3, 4]
            ,[2, 1, 4, 5, 3] ,[2, 1, 5, 4, 3]
            ,[3, 1, 2, 4, 5] ,[3, 1, 2, 5, 4]
            ,[4, 1, 2, 3, 5] ,[4, 1, 2, 5, 3]
            ,[3, 1, 4, 2, 5] ,[3, 1, 5, 2, 4]
            ,[4, 1, 3, 2, 5] ,[3, 1, 4, 5, 2]
            ,[4, 1, 3, 5, 2] ,[2, 3, 4, 1, 5]
            ,[3, 2, 4, 1, 5] ,[4, 2, 3, 1, 5]
           ]:
Points:=[[4, 41],[7, 40],[10, 40],[13, 39],[16, 38],[19, 36],[22, 35]
       ,[24, 33],[27, 31],[29, 29],[31, 26],[33, 24],[35, 21],[37, 19]
       ,[38, 16],[39, 13],[40, 10],[40, 7],[41, 4],[41, 1],[41, -3]
       ,[41, -6],[40, -9],[39, -12],[38, -15],[37, -18],[36, -21],[34, -23]
       ,[32, -26],[30, -28],[28, -30],[25, -32],[23, -34],[20, -36],[17, -37]
       ,[14, -38],[11, -39],[8, -40],[5, -41],[2, -41] ]:
PointSelection := "QuasiUniformPointsAss(40,41)":
Machine := "rcf1422-2":
##############################################################################
Instance:=15000:
PreTime:=  22302.58:
GroebnerTime:=3779197.44:
RealTime:=  30536.41:
Table:=[[0,276,3096,6615,4666]
       ,[0,179,2224,7743,4507]
       ,[6,215,3989,6746,3697]
       ,[0,1574,3721,6162,3196]
       ,[0,1232,5234,6012,2175]
       ,[0,747,4852,6053,3001]
       ,[0,288,3041,6796,4528]
       ,[0,293,5618,6751,1991]
       ,[0,1255,3279,3259,6860]
       ,[12,919,3324,6541,3857]
       ,[0,56,2882,9328,2387]
       ,[0,484,3289,4527,6353]
       ,[0,276,5654,6600,2123]
       ,[0,396,8521,3894,1842]
       ,[0,1535,3810,6059,3249]
       ,[0,8497,1541,1222,3393]
       ,[0,2458,8508,2579,1108]
       ,[0,5399,4188,1990,3076]
       ,[0,1380,3563,3350,6360]
       ,[0,643,4645,1939,7426]
       ,[0,601,3548,4618,5886]
       ,[0,643,4645,1939,7426]
       ,[0,789,4919,5896,3049]
       ,[0,5484,4167,2070,2932]
       ,[0,69,3012,9290,2282]
       ,[0,2458,8508,2579,1108]
       ,[0,396,8521,3894,1842]
       ,[0,192,2135,8000,4326]
       ,[0,1184,5586,5894,1989]
       ,[15,954,3576,5958,4150]]:
CoefficientHeight:=   65.2:
