##############################################################################
#
#  Data for the enumerative problem
#  A34126 Z11 X2 A2135 A1325 A214  = 9 on rcf1422-2
#
##############################################################################
FlagVariety:=[1, 2, 3, 4, 5, 6]:
Label := "A34126 Z11 X2 A2135 A1325 A214 ":
EnumerativeProblem:=[ [3, 4, 1, 2, 6, 5] ,[1, 2, 3, 5, 6, 4]
                     ,[1, 2, 5, 3, 4, 6] ,[2, 1, 3, 5, 4, 6]
                     ,[1, 3, 2, 5, 4, 6] ,[2, 1, 4, 3, 5, 6]
                    ]:
NumberOfSolutions := 9:
Necklaces:=[ [1, 2, 3, 4, 5] ,[1, 4, 5, 3, 2]
            ,[1, 2, 5, 3, 4] ,[1, 3, 4, 2, 5]
            ,[5, 1, 3, 2, 4] ,[2, 1, 4, 3, 5]
            ,[1, 2, 3, 5, 4] ,[1, 2, 4, 3, 5]
            ,[1, 2, 4, 5, 3] ,[1, 2, 5, 4, 3]
            ,[1, 3, 2, 4, 5] ,[1, 3, 2, 5, 4]
            ,[1, 4, 2, 3, 5] ,[1, 5, 2, 3, 4]
            ,[1, 4, 2, 5, 3] ,[1, 5, 2, 4, 3]
            ,[1, 3, 5, 2, 4] ,[1, 4, 3, 2, 5]
            ,[1, 5, 3, 2, 4] ,[1, 4, 5, 2, 3]
            ,[1, 5, 4, 2, 3] ,[1, 3, 4, 5, 2]
            ,[1, 3, 5, 4, 2] ,[1, 4, 3, 5, 2]
            ,[1, 5, 4, 3, 2] ,[2, 1, 3, 4, 5]
            ,[2, 1, 3, 5, 4] ,[2, 1, 5, 3, 4]
            ,[2, 1, 4, 5, 3] ,[2, 1, 5, 4, 3]
            ,[3, 1, 2, 4, 5] ,[3, 1, 2, 5, 4]
            ,[4, 1, 2, 3, 5] ,[4, 1, 2, 5, 3]
            ,[3, 1, 4, 2, 5] ,[3, 1, 5, 2, 4]
            ,[4, 1, 3, 2, 5] ,[4, 1, 5, 2, 3]
            ,[3, 1, 4, 5, 2] ,[3, 1, 5, 4, 2]
            ,[4, 1, 3, 5, 2] ,[4, 1, 5, 3, 2]
            ,[2, 3, 1, 4, 5] ,[2, 3, 1, 5, 4]
            ,[2, 4, 1, 3, 5] ,[2, 4, 1, 5, 3]
            ,[3, 2, 1, 4, 5] ,[3, 2, 1, 5, 4]
            ,[4, 2, 1, 3, 5] ,[4, 2, 1, 5, 3]
            ,[3, 4, 1, 2, 5] ,[4, 3, 1, 2, 5]
            ,[3, 4, 1, 5, 2] ,[4, 3, 1, 5, 2]
            ,[2, 3, 4, 1, 5] ,[2, 4, 3, 1, 5]
            ,[3, 2, 4, 1, 5] ,[4, 2, 3, 1, 5]
            ,[3, 4, 2, 1, 5] ,[4, 3, 2, 1, 5]
           ]:
Points:=[[3, 23],[5, 22],[8, 22],[10, 21],[12, 20],[14, 18],[16, 17]
       ,[17, 15],[19, 13],[20, 12],[21, 9],[22, 7],[22, 5],[23, 3]
       ,[23, 0],[23, -2],[23, -4],[22, -7],[21, -9],[20, -11],[19, -13]
       ,[18, -15],[16, -16],[14, -18],[12, -19],[10, -20],[8, -21],[6, -22]
       ,[4, -23],[2, -23] ]:
PointSelection := "QuasiUniformPointsAss(30,23)":
Machine := "rcf1422-2":
##############################################################################
Instance:=1000:
PreTime:=   1850.19:
GroebnerTime:= 417066.90:
RealTime:=   5354.87:
Table:=[[80,252,167,331,170]
       ,[88,191,349,239,133]
       ,[0,173,243,348,236]
       ,[0,1,83,361,555]
       ,[3,141,300,340,216]
       ,[0,85,241,364,310]
       ,[100,140,240,231,289]
       ,[4,95,336,299,266]
       ,[0,0,97,612,291]
       ,[27,219,175,155,424]
       ,[0,140,376,188,296]
       ,[98,160,253,330,159]
       ,[12,61,173,205,549]
       ,[1,68,288,269,374]
       ,[0,15,104,617,264]
       ,[0,72,291,363,274]
       ,[0,1,53,507,439]
       ,[0,0,40,317,643]
       ,[0,2,139,578,281]
       ,[25,141,418,256,160]
       ,[38,125,156,345,336]
       ,[0,24,84,550,342]
       ,[49,237,267,211,236]
       ,[0,112,249,379,260]
       ,[14,121,378,287,200]
       ,[9,130,278,360,223]
       ,[1,96,383,291,229]
       ,[3,154,251,439,153]
       ,[0,107,344,376,173]
       ,[11,150,264,343,232]
       ,[0,38,364,451,147]
       ,[0,118,517,256,109]
       ,[0,177,291,323,209]
       ,[3,152,440,313,92]
       ,[11,69,274,405,241]
       ,[27,231,430,257,55]
       ,[0,30,193,403,374]
       ,[0,35,370,445,150]
       ,[0,223,257,294,226]
       ,[0,117,249,412,222]
       ,[0,181,393,326,100]
       ,[0,50,366,393,191]
       ,[0,46,420,277,257]
       ,[28,118,372,296,186]
       ,[0,22,229,428,321]
       ,[0,1,146,300,553]
       ,[0,30,310,467,193]
       ,[24,249,280,276,171]
       ,[6,240,399,214,141]
       ,[0,84,272,404,240]
       ,[0,48,207,386,359]
       ,[11,168,361,264,196]
       ,[2,39,397,386,176]
       ,[0,26,225,416,333]
       ,[0,97,185,490,228]
       ,[0,72,214,356,358]
       ,[3,21,224,404,348]
       ,[0,0,87,649,264]
       ,[0,0,184,439,377]
       ,[0,30,420,270,280]]:
CoefficientHeight:=   95.4:
