##############################################################################
#
#  Data for the enumerative problem
#  A21465 A2135 A1325 A214e2 A13246  = 8 on rcf1422-3
#
##############################################################################
FlagVariety:=[1, 2, 3, 4, 5, 6]:
Label := "A21465 A2135 A1325 A214e2 A13246 ":
EnumerativeProblem:=[ [2, 1, 4, 6, 5, 3] ,[2, 1, 3, 5, 4, 6]
                     ,[1, 3, 2, 5, 4, 6] ,[2, 1, 4, 3, 5, 6]
                     ,[2, 1, 4, 3, 5, 6] ,[1, 3, 2, 4, 6, 5]
                    ]:
NumberOfSolutions := 8:
Necklaces:=[ [1, 2, 3, 4, 5] ,[1, 2, 3, 5, 4]
            ,[1, 2, 4, 5, 3] ,[1, 3, 2, 4, 5]
            ,[1, 3, 2, 5, 4] ,[1, 4, 2, 3, 5]
            ,[1, 5, 2, 3, 4] ,[1, 4, 2, 5, 3]
            ,[1, 5, 2, 4, 3] ,[1, 3, 4, 5, 2]
            ,[1, 4, 3, 5, 2] ,[1, 5, 3, 4, 2]
            ,[2, 1, 3, 4, 5] ,[2, 1, 3, 5, 4]
            ,[2, 1, 4, 5, 3] ,[3, 1, 2, 4, 5]
            ,[3, 1, 2, 5, 4] ,[4, 1, 2, 3, 5]
            ,[4, 1, 2, 5, 3] ,[3, 1, 4, 5, 2]
            ,[4, 1, 3, 5, 2] ,[2, 3, 1, 4, 5]
            ,[2, 3, 1, 5, 4] ,[2, 4, 1, 3, 5]
            ,[2, 4, 1, 5, 3] ,[3, 2, 1, 4, 5]
            ,[3, 2, 1, 5, 4] ,[4, 2, 1, 3, 5]
            ,[3, 4, 1, 2, 5] ,[4, 3, 1, 2, 5]
           ]:
Points:=[[3, 23],[5, 22],[8, 22],[10, 21],[12, 20],[14, 18],[16, 17]
       ,[17, 15],[19, 13],[20, 12],[21, 9],[22, 7],[22, 5],[23, 3]
       ,[23, 0],[23, -2],[23, -4],[22, -7],[21, -9],[20, -11],[19, -13]
       ,[18, -15],[16, -16],[14, -18],[12, -19],[10, -20],[8, -21],[6, -22]
       ,[4, -23],[2, -23] ]:
PointSelection := "QuasiUniformPointsAss(30,23)":
Machine := "rcf1422-3":
##############################################################################
Instance:=2000:
PreTime:=    794.64:
GroebnerTime:= 346130.08:
RealTime:=   1454.08:
Table:=[[42,104,1043,763,48]
       ,[42,192,934,692,140]
       ,[31,615,889,318,147]
       ,[0,20,757,920,303]
       ,[3,215,1016,629,137]
       ,[0,68,768,910,254]
       ,[0,291,988,575,146]
       ,[1,195,912,743,149]
       ,[0,17,349,1296,338]
       ,[0,196,1128,570,106]
       ,[21,199,811,685,284]
       ,[60,376,967,527,70]
       ,[0,773,801,371,55]
       ,[0,17,1004,836,143]
       ,[70,195,1034,626,75]
       ,[17,182,797,807,197]
       ,[1,249,893,662,195]
       ,[0,128,906,713,253]
       ,[0,113,921,873,93]
       ,[0,324,785,663,228]
       ,[1,59,632,976,332]
       ,[0,24,532,1096,348]
       ,[0,299,941,634,126]
       ,[0,72,431,954,543]
       ,[0,232,1268,466,34]
       ,[0,33,387,1288,292]
       ,[0,192,1022,730,56]
       ,[0,0,238,1112,650]
       ,[0,520,698,632,150]
       ,[0,0,741,1193,66]]:
CoefficientHeight:=   63.1:
