##############################################################################
#
#  Data for the enumerative problem
#  V3 W3 X21 Y111 Z111  = 4 on Pieri
#  100 iterations planned  
#
##############################################################################
FlagVariety:=[1, 2, 3, 4, 5, 6]:
Label := "V3 W3 X21 Y111 Z111 ":
EnumerativeProblem:=[ [4, 1, 2, 3, 5, 6] ,[1, 5, 2, 3, 4, 6]
                     ,[1, 3, 5, 2, 4, 6] ,[1, 3, 4, 5, 2, 6]
                     ,[1, 2, 4, 5, 6, 3]]:
NumberOfSolutions := 4:
Necklaces:=[ [1, 2, 3, 4] ,[1, 2, 4, 3]
            ,[1, 3, 2, 4] ,[1, 4, 2, 3]
            ,[1, 3, 4, 2] ,[1, 4, 3, 2]
            ,[2, 1, 3, 4] ,[2, 1, 4, 3]
            ,[3, 1, 2, 4] ,[3, 1, 4, 2]
            ,[2, 3, 1, 4] ,[3, 2, 1, 4]
           ]:
Points:=[[3, 21],[5, 20],[7, 20],[9, 19],[11, 18],[13, 17],[14, 15]
       ,[16, 14],[17, 12],[18, 11],[19, 9],[20, 7],[20, 5],[21, 2]
       ,[21, 0],[21, -2],[21, -4],[20, -6],[19, -8],[19, -10],[17, -12]
       ,[16, -13],[15, -15],[13, -16],[11, -18],[10, -19],[8, -20],[6, -20]
       ,[4, -21],[1, -21] ]:
PointSelection := "QuasiUniformPointsAss(30,21)":
Machine := "Pieri":
NumberOfIterations := 100:
##############################################################################
Instance:=100:
PreTime:=    226.85:
GroebnerTime:=    441.24:
RealTime:=     15.08:
Table:=[ [0, 0, 100]
        ,[0, 0, 100]
        ,[0, 0, 100]
        ,[0, 0, 100]
        ,[0, 0, 100]
        ,[0, 0, 100]
        ,[0, 0, 100]
        ,[0, 0, 100]
        ,[0, 0, 100]
        ,[0, 0, 100]
        ,[0, 0, 100]
        ,[0, 0, 100]]:
CoefficientHeight:=   14.5:
