##############################################################################
#
#  Data for the enumerative problem
#  Fl(2,3;5): A143 X^2 Y^3 = 5 on Schubert = 5 on Schubert
#
##############################################################################
FlagVariety:=[2, 3, 5]:
Label := "Fl(2,3;5): A143 X^2 Y^3 = 5 on Schubert":
EnumerativeProblem:=[ [1, 4, 3, 2, 5] ,[1, 2, 4, 3, 5]
                     ,[1, 2, 4, 3, 5] ,[1, 2, 4, 3, 5]
                     ,[1, 3, 2, 4, 5] ,[1, 3, 2, 4, 5]
                    ]:
NumberOfSolutions := 5:
Necklaces:=[ [1, 2, 3, 4, 5] ,[1, 2, 4, 3, 5]
            ,[1, 2, 5, 3, 4] ,[1, 3, 4, 2, 5]
            ,[1, 3, 5, 2, 4] ,[1, 4, 5, 2, 3]
            ,[2, 3, 4, 1, 5] ,[2, 3, 5, 1, 4]
            ,[2, 4, 5, 1, 3] ,[3, 4, 5, 1, 2]
           ]:
Points:=[[2, 25],[3, 25],[5, 25],[6, 24],[8, 24],[9, 23],[10, 23]
       ,[12, 22],[13, 21],[14, 20],[16, 19],[17, 18],[18, 17],[19, 16]
       ,[20, 15],[21, 14],[22, 13],[22, 11],[23, 10],[24, 8],[24, 7]
       ,[24, 5],[25, 4],[25, 2],[25, 1],[25, -1],[25, -2],[25, -4]
       ,[24, -5],[24, -7],[24, -8],[23, -10],[22, -11],[22, -13],[21, -14]
       ,[20, -15],[19, -16],[18, -17],[17, -18],[16, -19],[14, -20],[13, -21]
       ,[12, -22],[10, -23],[9, -23],[8, -24],[6, -24],[5, -25],[3, -25]
       ,[2, -25] ]:
PointSelection := "QuasiUniformPoints(50,25))":
Machine := "Ananke":
##############################################################################
Instance:=100000:
PreTime:=  60757.94:
GroebnerTime:=  19680.97:
RealTime:=  74004.20:
Table:=[[0,0,100000]
       ,[13637,36410,49953]
       ,[1589,31071,67340]
       ,[0,41288,58712]
       ,[18049,43609,38342]
       ,[1582,30987,67431]
       ,[0,19108,80892]
       ,[0,41023,58977]
       ,[13514,36862,49624]
       ,[0,0,100000]]:
CoefficientHeight:=   18.2:
