##############################################################################
#
#  Data for the enumerative problem
#  X11 Xe2 Y2 Ye2  = 2 on Schubert
#  5000 iterations planned  
#
##############################################################################
FlagVariety:=[2, 3, 5]:
Label := "X11 Xe2 Y2 Ye2 ":
EnumerativeProblem:=[ [2, 3, 1, 4, 5] ,[1, 3, 2, 4, 5]
                     ,[1, 3, 2, 4, 5] ,[1, 2, 5, 3, 4]
                     ,[1, 2, 4, 3, 5] ,[1, 2, 4, 3, 5]
                    ]:
NumberOfSolutions := 2:
Necklaces:=[ [1, 2, 3, 4, 5] ,[1, 2, 4, 3, 5]
            ,[1, 2, 5, 3, 4] ,[1, 3, 2, 4, 5]
            ,[1, 4, 2, 3, 5] ,[1, 5, 2, 3, 4]
            ,[1, 3, 4, 2, 5] ,[1, 3, 5, 2, 4]
            ,[1, 4, 3, 2, 5] ,[1, 5, 3, 2, 4]
            ,[1, 4, 5, 2, 3] ,[2, 3, 1, 4, 5]
            ,[2, 4, 1, 3, 5] ,[3, 4, 1, 2, 5]
            ,[2, 3, 4, 1, 5] ,[2, 4, 3, 1, 5]
           ]:
Points:=[[83, 1006],[145, 999],[206, 988],[266, 973],[326, 955],[384, 933],[440, 908]
       ,[496, 879],[549, 847],[600, 811],[649, 773],[695, 732],[739, 687],[780, 641]
       ,[818, 591],[852, 540],[884, 486],[912, 431],[937, 374],[958, 316],[976, 256]
       ,[990, 196],[1000, 134],[1006, 72],[1009, 10],[1008, -52],[1003, -114],[994, -175]
       ,[981, -236],[965, -296],[945, -355],[921, -412],[894, -468],[863, -522],[829, -574]
       ,[793, -624],[753, -672],[710, -717],[664, -759],[616, -799],[566, -835],[513, -869]
       ,[459, -899],[403, -925],[345, -948],[286, -968],[226, -983],[165, -995],[103, -1004]
       ,[41, -1008] ]:
PointSelection := "QuasiUniformPointsAss(50,1009)":
Machine := "Schubert":
NumberOfIterations := 5000:
##############################################################################
Instance:=15000:
PreTime:=   3202.77:
GroebnerTime:=   2790.15:
RealTime:=   2097.17:
Table:=[[0,15000]
       ,[0,15000]
       ,[0,15000]
       ,[2128,12872]
       ,[3651,11349]
       ,[0,15000]
       ,[3473,11527]
       ,[3682,11318]
       ,[869,14131]
       ,[0,15000]
       ,[115,14885]
       ,[3612,11388]
       ,[3265,11735]
       ,[81,14919]
       ,[1961,13039]
       ,[1425,13575]]:
CoefficientHeight:=   76.0:
