##############################################################################
#
#  Data for the enumerative problem
#  Fl(2,3;5): X2 X^3 Y^3 = 6 on Schur = 6 on Schur
#
##############################################################################
FlagVariety:=[2, 3, 5]:
Label := "Fl(2,3;5): X2 X^3 Y^3 = 6 on Schur":
EnumerativeProblem:=[ [1, 4, 2, 3, 5] ,[1, 3, 2, 4, 5]
                     ,[1, 3, 2, 4, 5] ,[1, 3, 2, 4, 5]
                     ,[1, 2, 4, 3, 5] ,[1, 2, 4, 3, 5]
                     ,[1, 2, 4, 3, 5]]:
NumberOfSolutions := 6:
Necklaces:=[ [1, 2, 3, 4, 5, 6] ,[2, 3, 4, 1, 5, 6]
            ,[1, 2, 4, 3, 5, 6] ,[2, 3, 5, 1, 4, 6]
            ,[3, 4, 6, 1, 2, 5] ,[1, 2, 5, 3, 4, 6]
            ,[2, 3, 6, 1, 4, 5] ,[1, 2, 6, 3, 4, 5]
            ,[1, 3, 5, 2, 4, 6] ,[1, 3, 6, 2, 4, 5]
           ]:
Points:=[[6, 41],[10, 40],[14, 39],[17, 37],[21, 35],[25, 33],[28, 30]
       ,[31, 27],[33, 24],[36, 21],[37, 17],[39, 13],[40, 9],[41, 5]
       ,[41, 1],[41, -3],[40, -8],[39, -12],[38, -16],[36, -19],[34, -23]
       ,[32, -26],[29, -29],[26, -32],[22, -34],[19, -36],[15, -38],[11, -40]
       ,[7, -40],[3, -41] ]:
PointSelection := "QuasiUniformPointsAss(30,41)":
Machine := "Schur":
##############################################################################
Instance:=100000:
PreTime:=   4576.83:
GroebnerTime:=  27788.11:
RealTime:=   6597.76:
Table:=[[0,0,0,100000]
       ,[0,0,21749,78251]
       ,[0,14104,46809,39087]
       ,[0,15540,50843,33617]
       ,[0,0,57760,42240]
       ,[0,10632,53454,35914]
       ,[0,1339,50769,47892]
       ,[0,0,0,100000]
       ,[0,32167,47467,20366]
       ,[0,9249,42356,48395]]:
CoefficientHeight:=   47.0:
