##############################################################################
#
#  Data for the enumerative problem
#  Fl(2,3;5): X11 X^3 Y^3 = 4 on Schur
#  25000 iterations planned  
#
##############################################################################
FlagVariety:=[2, 3, 5]:
Label := "Fl(2,3;5): X11 X^3 Y^3 = 4 on Schur":
EnumerativeProblem:=[ [2, 3, 1, 4, 5] ,[1, 3, 2, 4, 5]
                     ,[1, 3, 2, 4, 5] ,[1, 3, 2, 4, 5]
                     ,[1, 2, 4, 3, 5] ,[1, 2, 4, 3, 5]
                     ,[1, 2, 4, 3, 5]]:
NumberOfSolutions := 4:
Necklaces:=[ [1, 2, 3, 4, 5, 6] ,[2, 3, 4, 1, 5, 6]
            ,[1, 2, 4, 3, 5, 6] ,[2, 3, 5, 1, 4, 6]
            ,[3, 4, 6, 1, 2, 5] ,[1, 2, 5, 3, 4, 6]
            ,[2, 3, 6, 1, 4, 5] ,[1, 2, 6, 3, 4, 5]
            ,[1, 3, 5, 2, 4, 6] ,[1, 3, 6, 2, 4, 5]
           ]:
Points:=[[6, 41],[10, 40],[14, 39],[17, 37],[21, 35],[25, 33],[28, 30]
       ,[31, 27],[33, 24],[36, 21],[37, 17],[39, 13],[40, 9],[41, 5]
       ,[41, 1],[41, -3],[40, -8],[39, -12],[38, -16],[36, -19],[34, -23]
       ,[32, -26],[29, -29],[26, -32],[22, -34],[19, -36],[15, -38],[11, -40]
       ,[7, -40],[3, -41] ]:
PointSelection := "QuasiUniformPointsAss(30,41)":
Machine := "Schur":
NumberOfIterations := 25000:
##############################################################################
Instance:=25000:
PreTime:=   1906.65:
GroebnerTime:=   3803.36:
RealTime:=   1756.64:
Table:=[ [0, 0, 25000]
        ,[0, 4344, 20656]
        ,[0, 10480, 14520]
        ,[494, 7995, 16511]
        ,[0, 12145, 12855]
        ,[0, 5156, 19844]
        ,[0, 6889, 18111]
        ,[0, 0, 25000]
        ,[32, 15505, 9463]
        ,[0, 12062, 12938]]:
CoefficientHeight:=   49.7:
