##############################################################################
#
#  Data for the enumerative problem
#  X11 Xe3 Y Y11  = 2 on Schur
#  5000 iterations planned  
#
##############################################################################
FlagVariety:=[2, 3, 5]:
Label := "X11 Xe3 Y Y11 ":
EnumerativeProblem:=[ [2, 3, 1, 4, 5] ,[1, 3, 2, 4, 5]
                     ,[1, 3, 2, 4, 5] ,[1, 3, 2, 4, 5]
                     ,[1, 2, 4, 3, 5] ,[1, 3, 4, 2, 5]
                    ]:
NumberOfSolutions := 2:
Necklaces:=[ [1, 2, 3, 4, 5] ,[1, 2, 3, 5, 4]
            ,[1, 2, 4, 3, 5] ,[1, 2, 5, 3, 4]
            ,[1, 2, 4, 5, 3] ,[1, 2, 5, 4, 3]
            ,[1, 3, 4, 2, 5] ,[1, 3, 5, 2, 4]
            ,[1, 3, 4, 5, 2] ,[2, 3, 4, 1, 5]
           ]:
Points:=[[11, 82],[19, 81],[28, 78],[35, 75],[43, 71],[50, 66],[56, 61]
       ,[62, 55],[67, 49],[72, 42],[76, 34],[79, 26],[81, 18],[82, 10]
       ,[83, 1],[83, -7],[82, -15],[80, -24],[77, -31],[73, -39],[69, -46]
       ,[64, -53],[58, -59],[52, -65],[45, -70],[38, -74],[30, -77],[22, -80]
       ,[14, -82],[6, -83] ]:
PointSelection := "QuasiUniformPointsAss(30,83)":
Machine := "Schur":
NumberOfIterations := 5000:
##############################################################################
Instance:=5000:
PreTime:=    414.36:
GroebnerTime:=    249.74:
RealTime:=    190.79:
Table:=[[0,5000]
       ,[0,5000]
       ,[0,5000]
       ,[0,5000]
       ,[0,5000]
       ,[0,5000]
       ,[0,5000]
       ,[0,5000]
       ,[0,5000]
       ,[0,5000]]:
CoefficientHeight:=   11.7:
