##############################################################################
#
#  Data for the enumerative problem
#  Fl(2,3;5): Y2 Y^2 X^4 = 7 on Pieri
#  25000 Iterations Planned
#
##############################################################################
FlagVariety:=[2, 3, 5]:
EnumerativeProblem:=[ [1, 3, 4, 2, 5] ,[1, 2, 4, 3, 5]
                     ,[1, 2, 4, 3, 5] ,[1, 3, 2, 4, 5]
                     ,[1, 3, 2, 4, 5] ,[1, 3, 2, 4, 5]
                     ,[1, 3, 2, 4, 5]]:
Label := "Fl(2,3;5): Y2 Y^2 X^4 = 7 on Pieri":
NumberOfSolutions := 7:
Necklaces:=[ [1, 2, 3, 4, 5, 6] ,[1, 3, 2, 4, 5, 6]
            ,[1, 4, 2, 3, 5, 6] ,[1, 5, 2, 3, 4, 6]
            ,[1, 6, 2, 3, 4, 5] ,[2, 3, 1, 4, 5, 6]
            ,[2, 4, 1, 3, 5, 6] ,[2, 5, 1, 3, 4, 6]
            ,[3, 4, 1, 2, 5, 6]]:
Points:=[[3, 21],[5, 20],[7, 20],[9, 19],[11, 18],[13, 17],[14, 15],[16, 14]
       ,[17, 12],[18, 11],[19, 9],[20, 7],[20, 5],[21, 2],[21, 0],[21, -2]
       ,[21, -4],[20, -6],[19, -8],[19, -10],[17, -12],[16, -13],[15, -15],[13, -16]
       ,[11, -18],[10, -19],[8, -20],[6, -20],[4, -21],[1, -21] ]:
PointSelection := "QuasiUniformPointsAss(30,21)":
Machine := "Pieri":
NumberOfIterations:=25000:
##############################################################################
Instance:=25000:
PreTime:=   3900.79:
GroebnerTime:=  16270.61:
RealTime:=   6623.55:
Table:=[ [0, 0, 0, 25000]
        ,[1120, 5364, 9634, 8882]
        ,[0, 2560, 13205, 9235]
        ,[0, 4457, 9752, 10791]
        ,[0, 0, 0, 25000]
        ,[0, 2374, 5740, 16886]
        ,[3446, 5566, 9131, 6857]
        ,[29, 2571, 14627, 7773]
        ,[0, 89, 10500, 14411]]:
CoefficientHeight:=   28.0:
