##############################################################################
#
#  Data for the enumerative problem
#  Fl(2,3;5):  Y2 Y^2 X^4 = 5 on Schubert
#  25000 Iterations Planned
#
##############################################################################
FlagVariety:=[2, 3, 5]:
EnumerativeProblem:=[ [1, 2, 5, 3, 4] ,[1, 2, 4, 3, 5]
                     ,[1, 2, 4, 3, 5] ,[1, 3, 2, 4, 5]
                     ,[1, 3, 2, 4, 5] ,[1, 3, 2, 4, 5]
                     ,[1, 3, 2, 4, 5]]:
Label := "Fl(2,3;5):  Y2 Y^2 X^4 = 5 on Schubert":
NumberOfSolutions := 5:
Necklaces:=[ [1, 2, 3, 4, 5, 6] ,[1, 3, 2, 4, 5, 6]
            ,[1, 4, 2, 3, 5, 6] ,[1, 5, 2, 3, 4, 6]
            ,[1, 6, 2, 3, 4, 5] ,[2, 3, 1, 4, 5, 6]
            ,[2, 4, 1, 3, 5, 6] ,[2, 5, 1, 3, 4, 6]
            ,[3, 4, 1, 2, 5, 6]]:
Points:=[[4, 40],[7, 39],[10, 39],[13, 38],[16, 37],[19, 35],[21, 34],[24, 32]
       ,[26, 30],[28, 28],[31, 26],[32, 23],[34, 21],[36, 18],[37, 15],[38, 13]
       ,[39, 10],[39, 7],[40, 4],[40, 1],[40, -3],[40, -6],[39, -9],[38, -12]
       ,[37, -14],[36, -17],[35, -20],[33, -23],[31, -25],[29, -27],[27, -30],[25, -31]
       ,[22, -33],[20, -35],[17, -36],[14, -37],[11, -38],[8, -39],[5, -40],[2, -40]
        ]:
PointSelection := "QuasiUniformPointsAss(40,40)":
Machine := "Schubert":
NumberOfIterations:=25000:
##############################################################################
Instance:=25000:
PreTime:=   4809.08:
GroebnerTime:=  10935.57:
RealTime:=   5140.65:
Table:=[ [0, 0, 25000]
        ,[3470, 9778, 11752]
        ,[2348, 10312, 12340]
        ,[4087, 4193, 16720]
        ,[0, 0, 25000]
        ,[13, 6075, 18912]
        ,[2551, 13084, 9365]
        ,[1765, 6944, 16291]
        ,[4122, 11511, 9367]]:
CoefficientHeight:=   84.8:
