##############################################################################
#
#  Data for the enumerative problem
#  A2415 X2 A1325e3 V2  = 19 on Witherlin
#
##############################################################################
FlagVariety:=[1, 2, 3, 4, 6]:
Label := "A2415 X2 A1325e3 V2 ":
EnumerativeProblem:=[ [2, 4, 1, 5, 3, 6] ,[1, 2, 5, 3, 4, 6]
                     ,[1, 3, 2, 5, 4, 6] ,[1, 3, 2, 5, 4, 6]
                     ,[1, 3, 2, 5, 4, 6] ,[3, 1, 2, 4, 5, 6]
                    ]:
NumberOfSolutions := 19:
Necklaces:=[ [1, 2, 3, 4, 5] ,[1, 2, 3, 5, 4]
            ,[1, 2, 4, 5, 3] ,[1, 3, 4, 5, 2]
            ,[2, 1, 3, 4, 5] ,[2, 1, 3, 5, 4]
            ,[2, 1, 4, 5, 3] ,[3, 1, 2, 4, 5]
            ,[3, 1, 2, 5, 4] ,[4, 1, 2, 3, 5]
           ]:
Points:=[[1, 5],[1, 3],[1, 2],[2, 3],[4, 3],[2, 1],[3, 1]
       ,[5, 1],[1, 0],[-5, 1],[-4, 1],[-3, 1],[-1, 1],[-2, 3]
       ,[-1, 2],[-1, 4],[-1, 6] ]:
PointSelection := "adhoc":
Machine := "Witherlin":
##############################################################################
Instance:=2000:
PreTime:=    937.05:
GroebnerTime:=1260384.77:
RealTime:=   5356.59:
Table:=[[0,0,0,59,114,239,569,689,213,46]
       ,[0,0,0,0,107,449,617,484,241,32]
       ,[0,0,0,28,193,405,529,476,256,26]
       ,[0,0,0,8,113,89,971,629,133,5]
       ,[0,0,0,0,6,364,741,509,317,18]
       ,[0,0,0,0,0,81,332,818,589,76]
       ,[0,0,0,27,275,706,418,181,227,88]
       ,[0,0,0,0,8,364,716,483,321,35]
       ,[0,0,0,47,401,520,443,313,185,8]
       ,[0,0,0,11,290,674,672,186,57,9]]:
CoefficientHeight:=   34.6:
