##############################################################################
#
#  Data for the enumerative problem
#  A2415 X2 A1325e3 V2  = 19 on Witherlin
#
##############################################################################
FlagVariety:=[1, 2, 3, 4, 6]:
Label := "A2415 X2 A1325e3 V2 ":
EnumerativeProblem:=[ [2, 4, 1, 5, 3, 6] ,[1, 2, 5, 3, 4, 6]
                     ,[1, 3, 2, 5, 4, 6] ,[1, 3, 2, 5, 4, 6]
                     ,[1, 3, 2, 5, 4, 6] ,[3, 1, 2, 4, 5, 6]
                    ]:
NumberOfSolutions := 19:
Necklaces:=[ [1, 2, 3, 4, 5] ,[1, 2, 3, 5, 4]
            ,[1, 2, 4, 5, 3] ,[1, 3, 4, 5, 2]
            ,[2, 1, 3, 4, 5] ,[2, 1, 3, 5, 4]
            ,[2, 1, 4, 5, 3] ,[3, 1, 2, 4, 5]
            ,[3, 1, 2, 5, 4] ,[4, 1, 2, 3, 5]
           ]:
Points:=[[1, 5],[1, 3],[1, 2],[2, 3],[4, 3],[2, 1],[3, 1]
       ,[5, 1],[1, 0],[-5, 1],[-4, 1],[-3, 1],[-1, 1],[-2, 3]
       ,[-1, 2],[-1, 4],[-1, 6] ]:
PointSelection := "adhoc":
Machine := "Witherlin":
##############################################################################
Instance:=2000:
PreTime:=    942.099:
GroebnerTime:=1566046.77:
RealTime:=  5553.450:
Table:=[ [0, 0, 0, 59, 114, 248, 588, 723, 222, 46]
        ,[0, 0, 0, 0, 107, 459, 643, 502, 253, 36]
        ,[0, 0, 0, 29, 205, 423, 559, 494, 264, 26]
        ,[0, 0, 0, 8, 114, 91, 1002, 638, 142, 5]
        ,[0, 0, 0, 0, 6, 374, 747, 526, 328, 19]
        ,[0, 0, 0, 0, 0, 81, 363, 858, 620, 78]
        ,[0, 0, 0, 34, 287, 735, 435, 189, 230, 90]
        ,[0, 0, 0, 0, 8, 372, 757, 497, 331, 35]
        ,[0, 0, 0, 48, 421, 538, 461, 329, 195, 8]
        ,[0, 0, 0, 13, 305, 701, 710, 199, 63, 9]]:
CoefficientHeight:=   34.6:

#for i from 1 to nops(Table) do
# if sum(Table[i][j],j=1..10)<2000 then
#  lprint(sum(Table[i][j],j=1..10), Necklaces[i],Table[i]);
# end if:
#end do:


