##############################################################################
#
#  Data for the enumerative problem
#  A1524 Y11 X2 A1325 X11 V2  = 7 on rcf1422-3
#
##############################################################################
FlagVariety:=[1, 2, 3, 4, 6]:
Label := "A1524 Y11 X2 A1325 X11 V2 ":
EnumerativeProblem:=[ [1, 5, 2, 4, 3, 6] ,[1, 2, 4, 5, 3, 6]
                     ,[1, 2, 5, 3, 4, 6] ,[1, 3, 2, 5, 4, 6]
                     ,[1, 3, 4, 2, 5, 6] ,[3, 1, 2, 4, 5, 6]
                    ]:
NumberOfSolutions := 7:
Necklaces:=[ [1, 2, 3, 4, 5] ,[2, 4, 3, 1, 5]
            ,[1, 4, 2, 3, 5] ,[1, 3, 4, 2, 5]
            ,[2, 1, 4, 3, 5] ,[3, 1, 2, 4, 5]
            ,[1, 5, 2, 3, 4] ,[2, 4, 5, 3, 1]
            ,[5, 3, 4, 2, 1] ,[1, 4, 5, 3, 2]
            ,[1, 2, 3, 5, 4] ,[1, 2, 4, 3, 5]
            ,[1, 2, 5, 3, 4] ,[1, 2, 4, 5, 3]
            ,[1, 2, 5, 4, 3] ,[1, 3, 2, 5, 4]
            ,[1, 4, 2, 5, 3] ,[1, 5, 2, 4, 3]
            ,[1, 3, 5, 2, 4] ,[1, 4, 3, 2, 5]
            ,[1, 5, 3, 2, 4] ,[1, 4, 5, 2, 3]
            ,[1, 5, 4, 2, 3] ,[1, 3, 4, 5, 2]
            ,[1, 3, 5, 4, 2] ,[1, 4, 3, 5, 2]
            ,[1, 5, 3, 4, 2] ,[1, 5, 4, 3, 2]
            ,[2, 1, 3, 4, 5] ,[2, 1, 3, 5, 4]
            ,[2, 1, 5, 3, 4] ,[2, 1, 4, 5, 3]
            ,[2, 1, 5, 4, 3] ,[3, 1, 2, 5, 4]
            ,[4, 1, 2, 3, 5] ,[4, 1, 2, 5, 3]
            ,[3, 1, 4, 2, 5] ,[3, 1, 5, 2, 4]
            ,[4, 1, 3, 2, 5] ,[4, 1, 5, 2, 3]
            ,[3, 1, 4, 5, 2] ,[3, 1, 5, 4, 2]
            ,[4, 1, 3, 5, 2] ,[4, 1, 5, 3, 2]
            ,[2, 3, 1, 4, 5] ,[2, 3, 1, 5, 4]
            ,[2, 4, 1, 3, 5] ,[2, 4, 1, 5, 3]
            ,[3, 2, 1, 4, 5] ,[3, 2, 1, 5, 4]
            ,[4, 2, 1, 5, 3] ,[3, 4, 1, 2, 5]
            ,[4, 3, 1, 2, 5] ,[3, 4, 1, 5, 2]
            ,[4, 3, 1, 5, 2] ,[2, 3, 4, 1, 5]
            ,[3, 2, 4, 1, 5] ,[4, 2, 3, 1, 5]
            ,[3, 4, 2, 1, 5] ,[4, 3, 2, 1, 5]
           ]:
Points:=[[1, 7],[1, 5],[1, 3],[1, 2],[2, 3],[5, 6],[4, 3]
       ,[2, 1],[3, 1],[5, 1],[1, 0],[-5, 1],[-4, 1],[-3, 1]
       ,[-7, 3],[-1, 1],[-2, 3],[-1, 2],[-1, 4],[-1, 6],[-1, 9]
       ,[-1, 10] ]:
PointSelection := "adhoc":
Machine := "rcf1422-3":
##############################################################################
Instance:=15000:
PreTime:=  13952.99:
GroebnerTime:= 561165.13:
RealTime:=  16576.71:
Table:=[[0,22,5469,9468]
       ,[0,234,6800,7924]
       ,[0,275,2168,12516]
       ,[0,629,9454,4876]
       ,[0,227,8440,6292]
       ,[0,351,8144,6461]
       ,[0,28,2016,12915]
       ,[0,2947,6731,5281]
       ,[0,1078,6740,7141]
       ,[0,612,9392,4955]
       ,[0,39,4752,10168]
       ,[0,0,7660,7299]
       ,[0,0,1684,13275]
       ,[0,524,6944,7490]
       ,[0,87,2799,12073]
       ,[0,31,2175,12753]
       ,[0,0,2359,12600]
       ,[0,0,3398,11561]
       ,[0,0,3683,11276]
       ,[1,550,9112,5294]
       ,[0,39,10371,4547]
       ,[0,227,8363,6367]
       ,[12,1943,8440,4564]
       ,[14,356,6451,8138]
       ,[0,55,6501,8403]
       ,[0,921,5121,8917]
       ,[0,2857,4932,7170]
       ,[20,915,5951,8071]
       ,[0,278,4976,9705]
       ,[0,69,4904,9986]
       ,[0,0,8183,6776]
       ,[0,3348,5457,6154]
       ,[0,2039,8665,4255]
       ,[0,2932,6711,5313]
       ,[68,2891,8574,3424]
       ,[59,2642,7397,4861]
       ,[103,3392,5311,6153]
       ,[0,1344,4934,8681]
       ,[53,6031,3084,5788]
       ,[0,1115,7790,6054]
       ,[6,3575,5319,6059]
       ,[97,3956,6514,4384]
       ,[147,2061,5951,6797]
       ,[0,492,4489,9976]
       ,[70,600,4490,9799]
       ,[22,369,3801,10767]
       ,[0,0,3156,11803]
       ,[0,827,4370,9762]
       ,[671,1523,4580,8185]
       ,[141,870,6735,7213]
       ,[8,852,6934,7162]
       ,[0,664,6109,8186]
       ,[0,119,6526,8314]
       ,[0,750,4706,9503]
       ,[0,102,4580,10277]
       ,[3,1361,4866,8729]
       ,[76,829,4204,9850]
       ,[0,2523,6074,6361]
       ,[0,450,5556,8953]
       ,[0,791,5276,8889]]:
CoefficientHeight:=   41.2:
