##############################################################################
#
#  Data for the enumerative problem
#  A1264 Y11 A2135 A214e2 A1325  = 6 on Praxis
#
##############################################################################
FlagVariety:=[1, 2, 3, 4, 6]:
Label := "A1264 Y11 A2135 A214e2 A1325 ":
EnumerativeProblem:=[ [1, 2, 6, 4, 3, 5] ,[1, 2, 4, 5, 3, 6]
                     ,[2, 1, 3, 5, 4, 6] ,[2, 1, 4, 3, 5, 6]
                     ,[2, 1, 4, 3, 5, 6] ,[1, 3, 2, 5, 4, 6]
                    ]:
NumberOfSolutions := 6:
Necklaces:=[ [1, 2, 3, 4, 5] ,[1, 2, 3, 5, 4]
            ,[1, 2, 4, 5, 3] ,[1, 3, 2, 4, 5]
            ,[1, 3, 2, 5, 4] ,[1, 4, 2, 3, 5]
            ,[1, 5, 2, 3, 4] ,[1, 4, 2, 5, 3]
            ,[1, 5, 2, 4, 3] ,[1, 3, 4, 5, 2]
            ,[1, 4, 3, 5, 2] ,[1, 5, 3, 4, 2]
            ,[2, 1, 3, 4, 5] ,[2, 1, 3, 5, 4]
            ,[2, 1, 4, 5, 3] ,[3, 1, 2, 4, 5]
            ,[3, 1, 2, 5, 4] ,[4, 1, 2, 3, 5]
            ,[4, 1, 2, 5, 3] ,[3, 1, 4, 5, 2]
            ,[4, 1, 3, 5, 2] ,[2, 3, 1, 4, 5]
            ,[2, 3, 1, 5, 4] ,[2, 4, 1, 3, 5]
            ,[2, 4, 1, 5, 3] ,[3, 2, 1, 4, 5]
            ,[3, 2, 1, 5, 4] ,[4, 2, 1, 3, 5]
            ,[3, 4, 1, 2, 5] ,[4, 3, 1, 2, 5]
           ]:
Points:=[[4, 25],[7, 24],[10, 23],[13, 22],[15, 20],[17, 18],[19, 16]
       ,[21, 13],[23, 11],[24, 8],[24, 5],[25, 2],[25, -1],[25, -4]
       ,[24, -7],[23, -10],[22, -13],[20, -15],[18, -17],[16, -19],[13, -21]
       ,[11, -23],[8, -24],[5, -24],[2, -25] ]:
PointSelection := "QuasiUniformPointsAss(25,25)":
Machine := "Praxis":
##############################################################################
Instance:=10000:
PreTime:=   6707.43:
GroebnerTime:= 416648.35:
RealTime:=   6467.81:
Table:=[[3832,1213,2277,2679]
       ,[6,941,4778,4276]
       ,[0,2350,2847,4804]
       ,[0,557,3816,5628]
       ,[0,2859,5132,2010]
       ,[4182,1915,1616,2288]
       ,[0,2373,3170,4458]
       ,[0,3835,3661,2505]
       ,[1,1590,5160,3250]
       ,[3036,1003,2462,3500]
       ,[0,342,4087,5572]
       ,[5503,836,2117,1545]
       ,[0,4281,4304,1416]
       ,[18,3497,4392,2094]
       ,[0,3121,5256,1624]
       ,[940,4364,3243,1454]
       ,[0,2505,4907,2589]
       ,[4808,2608,1376,1209]
       ,[0,2553,5605,1843]
       ,[0,5010,2292,2699]
       ,[0,2153,4565,3283]
       ,[0,2697,3853,3451]
       ,[0,1015,5020,3966]
       ,[420,2143,4049,3389]
       ,[0,1182,5489,3330]
       ,[0,1868,5212,2921]
       ,[0,191,5688,4122]
       ,[0,358,3695,5948]
       ,[0,1781,2704,5516]
       ,[2363,804,2062,4772]]:
CoefficientHeight:=   86.9:
