##############################################################################
#
#  Data for the enumerative problem
#  A1354 A2135e2 A1325 X11e2  = 6 on Pieri
#
##############################################################################
FlagVariety:=[1, 2, 3, 4, 6]:
Label := "A1354 A2135e2 A1325 X11e2 ":
EnumerativeProblem:=[ [1, 3, 5, 4, 2, 6] ,[2, 1, 3, 5, 4, 6]
                     ,[2, 1, 3, 5, 4, 6] ,[1, 3, 2, 5, 4, 6]
                     ,[1, 3, 4, 2, 5, 6] ,[1, 3, 4, 2, 5, 6]
                    ]:
NumberOfSolutions := 6:
Necklaces:=[ [1, 2, 3, 4, 5] ,[1, 2, 4, 3, 5]
            ,[1, 2, 5, 3, 4] ,[1, 3, 2, 4, 5]
            ,[1, 4, 2, 3, 5] ,[1, 5, 2, 3, 4]
            ,[1, 3, 4, 2, 5] ,[1, 3, 5, 2, 4]
            ,[1, 4, 3, 2, 5] ,[1, 5, 3, 2, 4]
            ,[1, 4, 5, 2, 3] ,[2, 3, 1, 4, 5]
            ,[2, 4, 1, 3, 5] ,[3, 4, 1, 2, 5]
            ,[2, 3, 4, 1, 5] ,[2, 4, 3, 1, 5]
           ]:
Points:=[[4, 25],[7, 24],[10, 23],[13, 22],[15, 20],[17, 18],[19, 16]
       ,[21, 13],[23, 11],[24, 8],[24, 5],[25, 2],[25, -1],[25, -4]
       ,[24, -7],[23, -10],[22, -13],[20, -15],[18, -17],[16, -19],[13, -21]
       ,[11, -23],[8, -24],[5, -24],[2, -25] ]:
PointSelection := "QuasiUniformPointsAss(25,25)":
Machine := "Pieri":
##############################################################################
Instance:=10000:
PreTime:=   7138.02:
GroebnerTime:= 803464.04:
RealTime:=   3805.29:
Table:=[[0,0,0,10000]
       ,[0,0,2298,7702]
       ,[0,688,4104,5208]
       ,[0,0,0,10000]
       ,[0,0,2298,7702]
       ,[0,688,4104,5208]
       ,[0,1546,4136,4318]
       ,[0,0,4122,5878]
       ,[0,1546,4136,4318]
       ,[0,0,4122,5878]
       ,[0,710,3751,5539]
       ,[0,0,0,10000]
       ,[0,0,2298,7702]
       ,[0,1546,4136,4318]
       ,[0,799,3370,5831]
       ,[0,799,3370,5831]]:
CoefficientHeight:=   36.9:
