##############################################################################
#
#  Data for the enumerative problem
#  A315 W2 A2135 A1325e2 X11  = 16 on Ananke
#
##############################################################################
FlagVariety:=[1, 2, 3, 4, 6]:
Label := "A315 W2 A2135 A1325e2 X11 ":
EnumerativeProblem:=[ [3, 1, 5, 2, 4, 6] ,[1, 4, 2, 3, 5, 6]
                     ,[2, 1, 3, 5, 4, 6] ,[1, 3, 2, 5, 4, 6]
                     ,[1, 3, 2, 5, 4, 6] ,[1, 3, 4, 2, 5, 6]
                    ]:
NumberOfSolutions := 16:
Necklaces:=[ [1, 2, 3, 4, 5] ,[1, 2, 3, 5, 4]
            ,[1, 2, 4, 5, 3] ,[1, 3, 2, 4, 5]
            ,[1, 3, 2, 5, 4] ,[1, 4, 2, 3, 5]
            ,[1, 5, 2, 3, 4] ,[1, 4, 2, 5, 3]
            ,[1, 5, 2, 4, 3] ,[1, 3, 4, 5, 2]
            ,[1, 4, 3, 5, 2] ,[1, 5, 3, 4, 2]
            ,[2, 1, 3, 4, 5] ,[2, 1, 3, 5, 4]
            ,[2, 1, 4, 5, 3] ,[3, 1, 2, 4, 5]
            ,[3, 1, 2, 5, 4] ,[4, 1, 2, 3, 5]
            ,[4, 1, 2, 5, 3] ,[3, 1, 4, 5, 2]
            ,[4, 1, 3, 5, 2] ,[2, 3, 1, 4, 5]
            ,[2, 3, 1, 5, 4] ,[2, 4, 1, 3, 5]
            ,[2, 4, 1, 5, 3] ,[3, 2, 1, 4, 5]
            ,[3, 2, 1, 5, 4] ,[4, 2, 1, 3, 5]
            ,[3, 4, 1, 2, 5] ,[4, 3, 1, 2, 5]
           ]:
Points:=[[1, 7],[1, 5],[1, 3],[1, 2],[2, 3],[4, 3],[2, 1]
       ,[3, 1],[5, 1],[1, 0],[-5, 1],[-4, 1],[-3, 1],[-1, 1]
       ,[-2, 3],[-1, 2],[-1, 4],[-1, 6],[-1, 10] ]:
PointSelection := "adhoc":
Machine := "Ananke":
##############################################################################
Instance:=1000:
PreTime:=    255.11:
GroebnerTime:= 875523.40:
RealTime:=   2874.356:
Table:=[[0,0,38,118,168,253,317,80,26]
       ,[0,0,9,32,105,299,302,173,80]
       ,[0,0,10,139,199,279,269,85,19]
       ,[0,0,15,61,178,286,301,134,25]
       ,[0,0,27,122,236,287,211,97,20]
       ,[0,0,0,11,163,446,330,50,0]
       ,[0,0,11,49,252,358,252,70,8]
       ,[0,0,7,80,201,263,315,117,17]
       ,[0,0,7,81,235,282,255,112,28]
       ,[0,0,9,215,241,248,181,101,5]
       ,[0,0,0,8,62,238,386,268,38]
       ,[0,0,1,168,213,219,248,117,34]
       ,[0,0,0,115,311,330,153,85,6]
       ,[0,0,0,11,166,277,302,198,46]
       ,[0,0,0,45,123,210,332,228,62]
       ,[0,0,0,11,118,427,306,130,8]
       ,[0,0,0,1,105,373,333,175,13]
       ,[0,0,0,0,193,413,288,99,7]
       ,[0,0,0,3,125,265,286,263,58]
       ,[0,0,0,1,48,178,513,234,26]
       ,[0,0,0,2,135,262,323,250,28]
       ,[0,0,0,2,57,332,371,224,14]
       ,[0,0,3,150,197,238,248,158,6]
       ,[0,0,0,0,105,373,365,138,19]
       ,[0,0,2,62,249,259,279,132,17]
       ,[0,0,0,3,11,278,401,275,32]
       ,[0,0,0,30,148,218,239,322,43]
       ,[0,0,0,12,106,257,369,220,36]
       ,[0,0,0,15,73,462,308,121,21]
       ,[0,0,6,45,111,241,367,219,11]]:
CoefficientHeight:=   63.4:

