##############################################################################
#
#  Data for the enumerative problem
#  A1354 X2 A2135 A214 A1325e2  = 16 on fermat
#
##############################################################################
FlagVariety:=[1, 2, 3, 4, 6]:
Label := "A1354 X2 A2135 A214 A1325e2 ":
EnumerativeProblem:=[ [1, 3, 5, 4, 2, 6] ,[1, 2, 5, 3, 4, 6]
                     ,[2, 1, 3, 5, 4, 6] ,[2, 1, 4, 3, 5, 6]
                     ,[1, 3, 2, 5, 4, 6] ,[1, 3, 2, 5, 4, 6]
                    ]:
NumberOfSolutions := 16:
Necklaces:=[ [1, 2, 3, 4, 5] ,[1, 2, 4, 3, 5]
            ,[1, 2, 5, 3, 4] ,[1, 3, 2, 4, 5]
            ,[1, 4, 2, 3, 5] ,[1, 5, 2, 3, 4]
            ,[1, 3, 4, 2, 5] ,[1, 3, 5, 2, 4]
            ,[1, 4, 3, 2, 5] ,[1, 5, 3, 2, 4]
            ,[1, 4, 5, 2, 3] ,[1, 5, 4, 2, 3]
            ,[2, 1, 3, 4, 5] ,[2, 1, 4, 3, 5]
            ,[2, 1, 5, 3, 4] ,[3, 1, 2, 4, 5]
            ,[4, 1, 2, 3, 5] ,[3, 1, 4, 2, 5]
            ,[3, 1, 5, 2, 4] ,[4, 1, 3, 2, 5]
            ,[4, 1, 5, 2, 3] ,[2, 3, 1, 4, 5]
            ,[2, 4, 1, 3, 5] ,[3, 2, 1, 4, 5]
            ,[4, 2, 1, 3, 5] ,[3, 4, 1, 2, 5]
            ,[4, 3, 1, 2, 5] ,[2, 3, 4, 1, 5]
            ,[2, 4, 3, 1, 5] ,[3, 2, 4, 1, 5]
           ]:
Points:=[[1, 13],[2, 11],[2, 7],[2, 3],[4, 3],[2, 1],[3, 1]
       ,[5, 1],[1, 0],[-9, 2],[-4, 1],[-3, 1],[-1, 1],[-2, 3]
       ,[-2, 5],[-1, 4],[-1, 11] ]:
PointSelection := "adhoc":
Machine := "fermat":
##############################################################################
Instance:=1000:
PreTime:=    193.66:
GroebnerTime:=2310915.06:
RealTime:=   2259.13:
Table:=[[0,0,0,139,162,187,375,122,16]
       ,[0,0,0,15,67,367,322,172,58]
       ,[0,0,61,187,231,177,165,141,39]
       ,[0,0,0,83,127,339,300,116,36]
       ,[0,1,26,128,184,221,245,154,42]
       ,[0,0,128,350,168,129,122,76,28]
       ,[0,0,3,92,193,196,259,193,65]
       ,[0,0,0,80,275,270,217,134,25]
       ,[0,0,61,161,183,141,170,219,66]
       ,[0,0,0,48,123,265,279,168,118]
       ,[0,0,2,126,131,221,393,82,46]
       ,[0,0,0,4,68,478,337,101,13]
       ,[0,0,1,121,308,264,157,120,30]
       ,[0,0,0,2,92,273,347,190,97]
       ,[0,5,35,69,296,253,203,133,7]
       ,[0,0,59,121,225,230,228,94,44]
       ,[0,0,0,29,79,239,345,197,112]
       ,[0,0,0,0,41,238,245,381,96]
       ,[0,0,0,13,106,293,240,254,95]
       ,[0,0,0,10,38,240,411,225,77]
       ,[0,0,0,81,209,360,220,93,38]
       ,[0,0,0,84,130,229,386,141,31]
       ,[0,0,1,21,83,291,372,185,48]
       ,[0,0,0,90,300,278,223,99,11]
       ,[0,0,0,12,124,229,282,255,99]
       ,[0,0,0,5,85,274,368,193,76]
       ,[0,0,0,21,148,202,269,277,84]
       ,[0,0,0,3,89,239,355,237,78]
       ,[0,0,0,43,132,285,335,159,47]
       ,[0,0,0,1,68,318,315,213,86]]:
CoefficientHeight:=   25.1:
