##############################################################################
#
#  Data for the enumerative problem
#  A2415 W2 Y11 X2e2 A2135  = 6 on Praxis
#
##############################################################################
FlagVariety:=[1, 2, 3, 4, 6]:
Label := "A2415 W2 Y11 X2e2 A2135 ":
EnumerativeProblem:=[ [2, 4, 1, 5, 3, 6] ,[1, 4, 2, 3, 5, 6]
                     ,[1, 2, 4, 5, 3, 6] ,[1, 2, 5, 3, 4, 6]
                     ,[1, 2, 5, 3, 4, 6] ,[2, 1, 3, 5, 4, 6]
                    ]:
NumberOfSolutions := 6:
Necklaces:=[ [1, 2, 3, 4, 5] ,[1, 2, 3, 5, 4]
            ,[1, 2, 4, 5, 3] ,[1, 3, 2, 4, 5]
            ,[1, 3, 2, 5, 4] ,[1, 4, 2, 3, 5]
            ,[1, 5, 2, 3, 4] ,[1, 4, 2, 5, 3]
            ,[1, 5, 2, 4, 3] ,[1, 3, 4, 5, 2]
            ,[1, 4, 3, 5, 2] ,[1, 5, 3, 4, 2]
            ,[2, 1, 3, 4, 5] ,[2, 1, 3, 5, 4]
            ,[2, 1, 4, 5, 3] ,[3, 1, 2, 4, 5]
            ,[3, 1, 2, 5, 4] ,[4, 1, 2, 3, 5]
            ,[4, 1, 2, 5, 3] ,[3, 1, 4, 5, 2]
            ,[4, 1, 3, 5, 2] ,[2, 3, 1, 4, 5]
            ,[2, 3, 1, 5, 4] ,[2, 4, 1, 3, 5]
            ,[2, 4, 1, 5, 3] ,[3, 2, 1, 4, 5]
            ,[3, 2, 1, 5, 4] ,[4, 2, 1, 3, 5]
            ,[3, 4, 1, 2, 5] ,[4, 3, 1, 2, 5]
           ]:
Points:=[[4, 25],[7, 24],[10, 23],[13, 22],[15, 20],[17, 18],[19, 16]
       ,[21, 13],[23, 11],[24, 8],[24, 5],[25, 2],[25, -1],[25, -4]
       ,[24, -7],[23, -10],[22, -13],[20, -15],[18, -17],[16, -19],[13, -21]
       ,[11, -23],[8, -24],[5, -24],[2, -25] ]:
PointSelection := "QuasiUniformPointsAss(25,25)":
Machine := "Praxis":
##############################################################################
Instance:=10000:
PreTime:=   9645.97:
GroebnerTime:= 384811.29:
RealTime:=   5104.45:
Table:=[[0,0,0,10000]
       ,[0,0,0,10000]
       ,[0,0,0,10000]
       ,[0,0,0,10000]
       ,[0,0,0,10000]
       ,[0,0,0,10000]
       ,[0,0,0,10000]
       ,[0,0,0,10000]
       ,[0,0,0,10000]
       ,[0,0,0,10000]
       ,[0,0,0,10000]
       ,[0,0,0,10000]
       ,[0,1798,2271,5931]
       ,[0,1798,2271,5931]
       ,[0,1798,2271,5931]
       ,[0,449,5614,3937]
       ,[0,449,5614,3937]
       ,[0,2203,2843,4954]
       ,[0,2203,2843,4954]
       ,[0,449,5614,3937]
       ,[0,2203,2843,4954]
       ,[0,1730,2375,5895]
       ,[0,1730,2375,5895]
       ,[0,1799,2159,6042]
       ,[0,1799,2159,6042]
       ,[0,349,5272,4379]
       ,[0,349,5272,4379]
       ,[0,1899,2704,5397]
       ,[0,335,5412,4253]
       ,[0,1858,2865,5277]]:
CoefficientHeight:=   30.1:
