##############################################################################
#
#  Data for the enumerative problem
#  A1524 W2 Y11 X2 A2135 X11  = 6 on rcf1537-9
#
##############################################################################
FlagVariety:=[1, 2, 3, 4, 6]:
Label := "A1524 W2 Y11 X2 A2135 X11 ":
EnumerativeProblem:=[ [1, 5, 2, 4, 3, 6] ,[1, 4, 2, 3, 5, 6]
                     ,[1, 2, 4, 5, 3, 6] ,[1, 2, 5, 3, 4, 6]
                     ,[2, 1, 3, 5, 4, 6] ,[1, 3, 4, 2, 5, 6]
                    ]:
NumberOfSolutions := 6:
Necklaces:=[ [1, 2, 3, 4, 5] ,[2, 4, 3, 1, 5]
            ,[2, 3, 1, 4, 5] ,[1, 4, 2, 3, 5]
            ,[1, 3, 4, 2, 5] ,[5, 1, 3, 2, 4]
            ,[3, 1, 2, 4, 5] ,[1, 2, 3, 5, 4]
            ,[1, 2, 4, 3, 5] ,[1, 2, 5, 3, 4]
            ,[1, 2, 4, 5, 3] ,[1, 2, 5, 4, 3]
            ,[1, 3, 2, 4, 5] ,[1, 3, 2, 5, 4]
            ,[1, 5, 2, 3, 4] ,[1, 4, 2, 5, 3]
            ,[1, 5, 2, 4, 3] ,[1, 3, 5, 2, 4]
            ,[1, 4, 3, 2, 5] ,[1, 5, 3, 2, 4]
            ,[1, 4, 5, 2, 3] ,[1, 5, 4, 2, 3]
            ,[1, 3, 4, 5, 2] ,[1, 3, 5, 4, 2]
            ,[1, 4, 3, 5, 2] ,[1, 4, 5, 3, 2]
            ,[1, 5, 4, 3, 2] ,[2, 1, 3, 4, 5]
            ,[2, 1, 3, 5, 4] ,[2, 1, 4, 3, 5]
            ,[2, 1, 5, 3, 4] ,[2, 1, 4, 5, 3]
            ,[2, 1, 5, 4, 3] ,[3, 1, 2, 5, 4]
            ,[4, 1, 2, 3, 5] ,[4, 1, 2, 5, 3]
            ,[3, 1, 4, 2, 5] ,[3, 1, 5, 2, 4]
            ,[4, 1, 3, 2, 5] ,[4, 1, 5, 2, 3]
            ,[3, 1, 4, 5, 2] ,[3, 1, 5, 4, 2]
            ,[4, 1, 3, 5, 2] ,[4, 1, 5, 3, 2]
            ,[2, 3, 1, 5, 4] ,[2, 4, 1, 3, 5]
            ,[2, 4, 1, 5, 3] ,[3, 2, 1, 4, 5]
            ,[3, 2, 1, 5, 4] ,[4, 2, 1, 3, 5]
            ,[4, 2, 1, 5, 3] ,[3, 4, 1, 2, 5]
            ,[4, 3, 1, 2, 5] ,[3, 4, 1, 5, 2]
            ,[4, 3, 1, 5, 2] ,[2, 3, 4, 1, 5]
            ,[3, 2, 4, 1, 5] ,[4, 2, 3, 1, 5]
            ,[3, 4, 2, 1, 5] ,[4, 3, 2, 1, 5]
           ]:
Points:=[[4, 25],[7, 24],[10, 23],[13, 22],[15, 20],[17, 18],[19, 16]
       ,[21, 13],[23, 11],[24, 8],[24, 5],[25, 2],[25, -1],[25, -4]
       ,[24, -7],[23, -10],[22, -13],[20, -15],[18, -17],[16, -19],[13, -21]
       ,[11, -23],[8, -24],[5, -24],[2, -25] ]:
PointSelection := "QuasiUniformPointsAss(25,25)":
Machine := "rcf1537-9":
##############################################################################
Instance:=15000:
PreTime:=  16314.40:
GroebnerTime:= 368492.08:
RealTime:=  14654.50:
Table:=[[0,2662,4606,7732]
       ,[0,152,4255,10593]
       ,[0,0,8196,6804]
       ,[0,123,8053,6824]
       ,[51,1491,4317,9141]
       ,[0,0,0,15000]
       ,[0,944,4069,9987]
       ,[0,0,6024,8976]
       ,[0,823,7340,6837]
       ,[0,424,4026,10550]
       ,[0,0,3165,11835]
       ,[0,0,7850,7150]
       ,[0,755,3850,10395]
       ,[0,0,7224,7776]
       ,[0,0,8687,6313]
       ,[0,0,0,15000]
       ,[0,0,0,15000]
       ,[0,2064,6790,6146]
       ,[60,3102,5874,5964]
       ,[0,872,10483,3645]
       ,[0,491,7055,7454]
       ,[0,8,6141,8851]
       ,[0,0,3518,11482]
       ,[0,0,7295,7705]
       ,[0,0,0,15000]
       ,[0,0,6240,8760]
       ,[0,0,2969,12031]
       ,[0,1126,7317,6557]
       ,[0,0,3460,11540]
       ,[339,1571,7485,5605]
       ,[0,2193,6281,6526]
       ,[0,0,2565,12435]
       ,[0,0,4811,10189]
       ,[0,0,2656,12344]
       ,[0,0,4338,10662]
       ,[0,0,1958,13042]
       ,[0,0,0,15000]
       ,[0,0,0,15000]
       ,[0,0,0,15000]
       ,[0,0,0,15000]
       ,[0,0,4316,10684]
       ,[0,49,9959,4992]
       ,[0,0,3847,11153]
       ,[0,18,8117,6865]
       ,[0,0,6871,8129]
       ,[0,1014,6772,7214]
       ,[0,0,0,15000]
       ,[0,3426,4699,6875]
       ,[0,0,9706,5294]
       ,[0,0,5010,9990]
       ,[0,0,8270,6730]
       ,[0,601,4886,9513]
       ,[0,0,3671,11329]
       ,[0,0,0,15000]
       ,[0,869,3751,10380]
       ,[0,768,3423,10809]
       ,[0,0,0,15000]
       ,[0,0,0,15000]
       ,[0,0,5376,9624]
       ,[0,0,950,14050]]:
CoefficientHeight:=   59.3:
