##############################################################################
#
#  Data for the enumerative problem
#  A2415 A2135 Y2 A214 X11e2  = 6 on Pieri
#
##############################################################################
FlagVariety:=[1, 2, 3, 4, 6]:
Label := "A2415 A2135 Y2 A214 X11e2 ":
EnumerativeProblem:=[ [2, 4, 1, 5, 3, 6] ,[2, 1, 3, 5, 4, 6]
                     ,[1, 2, 3, 6, 4, 5] ,[2, 1, 4, 3, 5, 6]
                     ,[1, 3, 4, 2, 5, 6] ,[1, 3, 4, 2, 5, 6]
                    ]:
NumberOfSolutions := 6:
Necklaces:=[ [1, 2, 3, 4, 5] ,[1, 2, 4, 3, 5]
            ,[1, 2, 5, 3, 4] ,[1, 3, 2, 4, 5]
            ,[1, 4, 2, 3, 5] ,[1, 5, 2, 3, 4]
            ,[1, 3, 4, 2, 5] ,[1, 3, 5, 2, 4]
            ,[1, 4, 3, 2, 5] ,[1, 5, 3, 2, 4]
            ,[1, 4, 5, 2, 3] ,[1, 5, 4, 2, 3]
            ,[2, 1, 3, 4, 5] ,[2, 1, 4, 3, 5]
            ,[2, 1, 5, 3, 4] ,[3, 1, 2, 4, 5]
            ,[4, 1, 2, 3, 5] ,[3, 1, 4, 2, 5]
            ,[3, 1, 5, 2, 4] ,[4, 1, 3, 2, 5]
            ,[4, 1, 5, 2, 3] ,[2, 3, 1, 4, 5]
            ,[2, 4, 1, 3, 5] ,[3, 2, 1, 4, 5]
            ,[4, 2, 1, 3, 5] ,[3, 4, 1, 2, 5]
            ,[4, 3, 1, 2, 5] ,[2, 3, 4, 1, 5]
            ,[2, 4, 3, 1, 5] ,[3, 2, 4, 1, 5]
           ]:
Points:=[[4, 25],[7, 24],[10, 23],[13, 22],[15, 20],[17, 18],[19, 16]
       ,[21, 13],[23, 11],[24, 8],[24, 5],[25, 2],[25, -1],[25, -4]
       ,[24, -7],[23, -10],[22, -13],[20, -15],[18, -17],[16, -19],[13, -21]
       ,[11, -23],[8, -24],[5, -24],[2, -25] ]:
PointSelection := "QuasiUniformPointsAss(25,25)":
Machine := "Pieri":
##############################################################################
Instance:=15000:
PreTime:=  13656.63:
GroebnerTime:= 299528.14:
RealTime:=  10234.88:
Table:=[[0,620,10753,3627]
       ,[0,834,6426,7740]
       ,[0,4688,2192,8120]
       ,[0,2103,10250,2647]
       ,[0,1511,9585,3904]
       ,[0,47,8512,6441]
       ,[0,1488,7234,6278]
       ,[7,5039,7067,2887]
       ,[0,1634,8244,5122]
       ,[0,685,7462,6853]
       ,[0,5403,6511,3086]
       ,[0,1401,6184,7415]
       ,[0,0,9380,5620]
       ,[0,1478,6428,7094]
       ,[0,6,1104,13890]
       ,[0,1306,6844,6850]
       ,[0,807,7297,6896]
       ,[0,130,10594,4276]
       ,[0,512,6626,7862]
       ,[0,184,10760,4056]
       ,[0,4263,4068,6669]
       ,[545,5894,5439,3122]
       ,[1399,5790,5081,2730]
       ,[32,3141,7237,4590]
       ,[2,3393,6030,5575]
       ,[872,5991,7339,798]
       ,[54,7694,6096,1156]
       ,[3140,3948,7258,654]
       ,[16,1263,9101,4620]
       ,[1012,1492,9295,3201]]:
CoefficientHeight:=   71.9:
