##############################################################################
#
#  Data for the enumerative problem
#  A1524 X2e3 A2135 A1325  = 5 on Rcf1537-3.Math.Umass.Edu
#
##############################################################################
FlagVariety:=[1, 2, 3, 4, 6]:
Label := "A1524 X2e3 A2135 A1325 ":
EnumerativeProblem:=[ [1, 5, 2, 4, 3, 6] ,[1, 2, 5, 3, 4, 6]
                     ,[1, 2, 5, 3, 4, 6] ,[1, 2, 5, 3, 4, 6]
                     ,[2, 1, 3, 5, 4, 6] ,[1, 3, 2, 5, 4, 6]
                    ]:
NumberOfSolutions := 5:
Necklaces:=[ [1, 2, 3, 4, 5] ,[1, 2, 3, 5, 4]
            ,[1, 2, 4, 3, 5] ,[1, 2, 5, 3, 4]
            ,[1, 2, 4, 5, 3] ,[1, 2, 5, 4, 3]
            ,[1, 3, 4, 2, 5] ,[1, 3, 5, 2, 4]
            ,[1, 3, 4, 5, 2] ,[2, 3, 4, 1, 5]
           ]:
Points:=[[4, 25],[7, 24],[10, 23],[13, 22],[15, 20],[17, 18],[19, 16]
       ,[21, 13],[23, 11],[24, 8],[24, 5],[25, 2],[25, -1],[25, -4]
       ,[24, -7],[23, -10],[22, -13],[20, -15],[18, -17],[16, -19],[13, -21]
       ,[11, -23],[8, -24],[5, -24],[2, -25] ]:
PointSelection := "QuasiUniformPointsAss(25,25)":
Machine := "Rcf1537-3.Math.Umass.Edu":
##############################################################################
Instance:=15000:
PreTime:=   8905.49:
GroebnerTime:= 158241.93:
RealTime:=   3195.65:
Table:=[[0,0,15000]
       ,[0,0,15000]
       ,[0,1889,13111]
       ,[0,6536,8464]
       ,[0,1889,13111]
       ,[0,6536,8464]
       ,[0,9848,5152]
       ,[0,8044,6956]
       ,[0,9848,5152]
       ,[0,3705,11295]]:
CoefficientHeight:=   78.0:
