##############################################################################
#
#  Data for the enumerative problem
#  A1524 W2 Y11 A214e3  = 6 on Noether
#
##############################################################################
FlagVariety:=[1, 2, 3, 4, 6]:
Label := "A1524 W2 Y11 A214e3 ":
EnumerativeProblem:=[ [1, 5, 2, 4, 3, 6] ,[1, 4, 2, 3, 5, 6]
                     ,[1, 2, 4, 5, 3, 6] ,[2, 1, 4, 3, 5, 6]
                     ,[2, 1, 4, 3, 5, 6] ,[2, 1, 4, 3, 5, 6]
                    ]:
NumberOfSolutions := 6:
Necklaces:=[ [1, 2, 3, 4, 5] ,[1, 3, 2, 4, 5]
            ,[1, 4, 2, 3, 5] ,[1, 5, 2, 3, 4]
            ,[2, 1, 3, 4, 5] ,[3, 1, 2, 4, 5]
            ,[4, 1, 2, 3, 5] ,[2, 3, 1, 4, 5]
            ,[2, 4, 1, 3, 5] ,[3, 2, 1, 4, 5]
           ]:
Points:=[[4, 25],[7, 24],[10, 23],[13, 22],[15, 20],[17, 18],[19, 16]
       ,[21, 13],[23, 11],[24, 8],[24, 5],[25, 2],[25, -1],[25, -4]
       ,[24, -7],[23, -10],[22, -13],[20, -15],[18, -17],[16, -19],[13, -21]
       ,[11, -23],[8, -24],[5, -24],[2, -25] ]:
PointSelection := "QuasiUniformPointsAss(25,25)":
Machine := "Noether":
##############################################################################
Instance:=10000:
PreTime:=   5833.65:
GroebnerTime:= 191100.01:
RealTime:=   2545.87:
Table:=[[0,0,6472,3528]
       ,[0,1148,4774,4078]
       ,[0,2374,6804,822]
       ,[0,4857,5041,102]
       ,[0,4156,4710,1134]
       ,[0,0,4238,5762]
       ,[0,0,5133,4867]
       ,[0,134,5125,4741]
       ,[0,70,2985,6945]
       ,[0,239,3832,5929]]:
CoefficientHeight:=   75.6:
