##############################################################################
#
#  Data for the enumerative problem
#  A1524 W2 X2 Y2 A214 A1325  = 7 on Noether
#
##############################################################################
FlagVariety:=[1, 2, 3, 4, 6]:
Label := "A1524 W2 X2 Y2 A214 A1325 ":
EnumerativeProblem:=[ [1, 5, 2, 4, 3, 6] ,[1, 4, 2, 3, 5, 6]
                     ,[1, 2, 5, 3, 4, 6] ,[1, 2, 3, 6, 4, 5]
                     ,[2, 1, 4, 3, 5, 6] ,[1, 3, 2, 5, 4, 6]
                    ]:
NumberOfSolutions := 7:
Necklaces:=[ [1, 2, 3, 4, 5] ,[2, 4, 3, 1, 5]
            ,[2, 3, 1, 4, 5] ,[1, 3, 4, 2, 5]
            ,[1, 2, 4, 5, 3] ,[5, 2, 1, 3, 4]
            ,[2, 1, 4, 3, 5] ,[1, 2, 3, 5, 4]
            ,[1, 2, 4, 3, 5] ,[1, 2, 5, 3, 4]
            ,[1, 2, 5, 4, 3] ,[1, 3, 2, 4, 5]
            ,[1, 3, 2, 5, 4] ,[1, 4, 2, 3, 5]
            ,[1, 5, 2, 3, 4] ,[1, 4, 2, 5, 3]
            ,[1, 5, 2, 4, 3] ,[1, 3, 5, 2, 4]
            ,[1, 4, 3, 2, 5] ,[1, 5, 3, 2, 4]
            ,[1, 4, 5, 2, 3] ,[1, 5, 4, 2, 3]
            ,[1, 3, 4, 5, 2] ,[1, 3, 5, 4, 2]
            ,[1, 4, 3, 5, 2] ,[1, 5, 3, 4, 2]
            ,[1, 5, 4, 3, 2] ,[2, 1, 3, 4, 5]
            ,[2, 1, 3, 5, 4] ,[2, 1, 5, 3, 4]
            ,[2, 1, 4, 5, 3] ,[2, 1, 5, 4, 3]
            ,[3, 1, 2, 4, 5] ,[3, 1, 2, 5, 4]
            ,[4, 1, 2, 3, 5] ,[4, 1, 2, 5, 3]
            ,[3, 1, 4, 2, 5] ,[3, 1, 5, 2, 4]
            ,[4, 1, 3, 2, 5] ,[4, 1, 5, 2, 3]
            ,[3, 1, 4, 5, 2] ,[3, 1, 5, 4, 2]
            ,[4, 1, 3, 5, 2] ,[4, 1, 5, 3, 2]
            ,[2, 3, 1, 5, 4] ,[2, 4, 1, 3, 5]
            ,[2, 4, 1, 5, 3] ,[3, 2, 1, 4, 5]
            ,[3, 2, 1, 5, 4] ,[4, 2, 1, 3, 5]
            ,[4, 2, 1, 5, 3] ,[3, 4, 1, 2, 5]
            ,[4, 3, 1, 2, 5] ,[3, 4, 1, 5, 2]
            ,[4, 3, 1, 5, 2] ,[2, 3, 4, 1, 5]
            ,[3, 2, 4, 1, 5] ,[4, 2, 3, 1, 5]
            ,[3, 4, 2, 1, 5] ,[4, 3, 2, 1, 5]
           ]:
Points:=[[3, 23],[5, 22],[8, 22],[10, 21],[12, 20],[14, 18],[16, 17]
       ,[17, 15],[19, 13],[20, 12],[21, 9],[22, 7],[22, 5],[23, 3]
       ,[23, 0],[23, -2],[23, -4],[22, -7],[21, -9],[20, -11],[19, -13]
       ,[18, -15],[16, -16],[14, -18],[12, -19],[10, -20],[8, -21],[6, -22]
       ,[4, -23],[2, -23] ]:
PointSelection := "QuasiUniformPointsAss(30,23)":
Machine := "Noether":
##############################################################################
Instance:=5000:
PreTime:=   4187.70:
GroebnerTime:= 419248.62:
RealTime:=   7737.72:
Table:=[[17,1123,2233,1628]
       ,[61,604,2053,2283]
       ,[0,19,3594,1388]
       ,[0,567,2750,1684]
       ,[190,1066,1744,2001]
       ,[481,1183,2305,1032]
       ,[0,23,2914,2064]
       ,[98,1272,2594,1037]
       ,[0,191,1686,3124]
       ,[0,568,3014,1419]
       ,[31,1214,2298,1458]
       ,[151,1160,2595,1095]
       ,[265,1001,2068,1667]
       ,[0,17,1244,3740]
       ,[32,386,2413,2170]
       ,[74,672,1899,2356]
       ,[9,978,2391,1623]
       ,[0,1908,1500,1593]
       ,[2,527,2608,1864]
       ,[7,400,2721,1873]
       ,[0,535,2405,2061]
       ,[0,1216,1849,1936]
       ,[0,1076,912,3013]
       ,[6,442,1672,2881]
       ,[0,1407,2218,1376]
       ,[0,286,1681,3034]
       ,[60,990,1304,2647]
       ,[0,409,2051,2541]
       ,[33,1739,2265,964]
       ,[0,990,2494,1517]
       ,[0,911,1741,2349]
       ,[181,607,2254,1959]
       ,[3,214,2731,2053]
       ,[86,697,1956,2262]
       ,[0,88,2476,2437]
       ,[0,564,829,3608]
       ,[0,0,1870,3131]
       ,[0,187,1985,2829]
       ,[0,2,1410,3589]
       ,[0,1183,1645,2173]
       ,[0,1041,1527,2433]
       ,[0,1067,1940,1994]
       ,[22,792,2112,2075]
       ,[0,1709,1973,1319]
       ,[115,1335,1973,1578]
       ,[0,212,2810,1979]
       ,[0,1452,798,2751]
       ,[0,573,2348,2080]
       ,[0,303,2746,1952]
       ,[0,0,1569,3432]
       ,[0,273,1023,3705]
       ,[0,790,2651,1560]
       ,[0,65,1662,3274]
       ,[0,692,1534,2775]
       ,[0,1608,1533,1860]
       ,[0,729,2529,1743]
       ,[0,8,2653,2340]
       ,[0,720,2387,1894]
       ,[1,153,1551,3296]
       ,[0,735,1309,2957]]:
CoefficientHeight:=   66.3:
