##############################################################################
#
#  Data for the enumerative problem
#  A1354 Y11 A214e3 A1325  = 13 on Rcf1537-8
#
##############################################################################
FlagVariety:=[1, 2, 3, 4, 6]:
Label := "A1354 Y11 A214e3 A1325 ":
EnumerativeProblem:=[ [1, 3, 5, 4, 2, 6] ,[1, 2, 4, 5, 3, 6]
                     ,[2, 1, 4, 3, 5, 6] ,[2, 1, 4, 3, 5, 6]
                     ,[2, 1, 4, 3, 5, 6] ,[1, 3, 2, 5, 4, 6]
                    ]:
NumberOfSolutions := 13:
Necklaces:=[ [1, 2, 3, 4, 5] ,[1, 2, 3, 5, 4]
            ,[1, 2, 4, 5, 3] ,[1, 3, 4, 5, 2]
            ,[2, 1, 3, 4, 5] ,[2, 1, 3, 5, 4]
            ,[2, 1, 4, 5, 3] ,[3, 1, 2, 4, 5]
            ,[3, 1, 2, 5, 4] ,[4, 1, 2, 3, 5]
           ]:
Points:=[[1, 7],[1, 5],[1, 3],[1, 2],[2, 3],[4, 3],[2, 1]
       ,[3, 1],[5, 1],[1, 0],[-5, 1],[-4, 1],[-3, 1],[-1, 1]
       ,[-2, 3],[-1, 2],[-1, 4],[-1, 6],[-1, 10] ]:
PointSelection := "adhoc":
Machine := "Rcf1537-8":
##############################################################################
Instance:=5000:
PreTime:=   1937.34:
GroebnerTime:= 456724.79:
RealTime:=   2905.143:
Table:=[ [0, 0, 44, 1372, 2935, 629, 20]
        ,[0, 463, 1163, 1710, 1125, 526, 13]
        ,[0, 0, 360, 1794, 1942, 903, 1]
        ,[0, 0, 0, 1554, 2770, 672, 4]
        ,[0, 25, 610, 1799, 1776, 598, 192]
        ,[0, 0, 260, 2155, 1855, 672, 58]
        ,[0, 7, 85, 1658, 2479, 613, 158]
        ,[0, 33, 506, 1091, 1498, 1412, 460]
        ,[0, 0, 384, 2161, 1759, 659, 37]
        ,[0, 0, 0, 0, 3634, 1265, 101]]:
CoefficientHeight:=   27.9:
