##############################################################################
#
#  Data for the enumerative problem
#  A1524 A214 A1325e2 X11 V2  = 6 on Rota
#
##############################################################################
FlagVariety:=[1, 2, 3, 4, 6]:
Label := "A1524 A214 A1325e2 X11 V2 ":
EnumerativeProblem:=[ [1, 5, 2, 4, 3, 6] ,[2, 1, 4, 3, 5, 6]
                     ,[1, 3, 2, 5, 4, 6] ,[1, 3, 2, 5, 4, 6]
                     ,[1, 3, 4, 2, 5, 6] ,[3, 1, 2, 4, 5, 6]
                    ]:
NumberOfSolutions := 6:
Necklaces:=[ [1, 2, 3, 4, 5] ,[1, 2, 3, 5, 4]
            ,[1, 2, 4, 3, 5] ,[1, 2, 5, 3, 4]
            ,[1, 2, 4, 5, 3] ,[1, 2, 5, 4, 3]
            ,[1, 3, 4, 2, 5] ,[1, 3, 5, 2, 4]
            ,[1, 4, 5, 2, 3] ,[1, 3, 4, 5, 2]
            ,[1, 3, 5, 4, 2] ,[1, 4, 5, 3, 2]
            ,[2, 1, 3, 4, 5] ,[2, 1, 3, 5, 4]
            ,[2, 1, 4, 3, 5] ,[2, 1, 5, 3, 4]
            ,[2, 1, 4, 5, 3] ,[2, 1, 5, 4, 3]
            ,[3, 1, 2, 4, 5] ,[3, 1, 2, 5, 4]
            ,[4, 1, 2, 3, 5] ,[4, 1, 2, 5, 3]
            ,[3, 1, 4, 2, 5] ,[3, 1, 5, 2, 4]
            ,[4, 1, 3, 2, 5] ,[3, 1, 4, 5, 2]
            ,[4, 1, 3, 5, 2] ,[2, 3, 4, 1, 5]
            ,[3, 2, 4, 1, 5] ,[4, 2, 3, 1, 5]
           ]:
Points:=[[4, 25],[7, 24],[10, 23],[13, 22],[15, 20],[17, 18],[19, 16]
       ,[21, 13],[23, 11],[24, 8],[24, 5],[25, 2],[25, -1],[25, -4]
       ,[24, -7],[23, -10],[22, -13],[20, -15],[18, -17],[16, -19],[13, -21]
       ,[11, -23],[8, -24],[5, -24],[2, -25] ]:
PointSelection := "QuasiUniformPointsAss(25,25)":
Machine := "Rota":
##############################################################################
Instance:=5000:
PreTime:=   8945.63:
GroebnerTime:= 980560.82:
RealTime:=  17039.75:
Table:=[[74,521,1032,3373]
       ,[24,745,591,3640]
       ,[21,420,463,4096]
       ,[31,696,472,3801]
       ,[0,190,424,4386]
       ,[5,249,1442,3304]
       ,[30,350,363,4257]
       ,[6,672,173,4149]
       ,[1,177,326,4496]
       ,[0,0,662,4338]
       ,[18,118,1065,3799]
       ,[0,0,377,4623]
       ,[94,1597,505,2804]
       ,[2,754,1014,3230]
       ,[2,1602,207,3189]
       ,[0,706,102,4192]
       ,[0,157,1319,3524]
       ,[0,0,28,4972]
       ,[5,1627,366,3002]
       ,[0,6,468,4526]
       ,[0,0,323,4677]
       ,[0,0,405,4595]
       ,[2,1603,221,3174]
       ,[0,0,176,4824]
       ,[1,81,699,4219]
       ,[0,51,680,4269]
       ,[8,814,107,4071]
       ,[214,1390,288,3108]
       ,[3,1599,503,2895]
       ,[0,1,848,4151]]:
CoefficientHeight:=  338.5:
