##############################################################################
#
#  Data for the enumerative problem
#  Ve2 We2 X32X Y11e2 = 6 on Rcf1537-8
#
##############################################################################
FlagVariety:=[1, 2, 3, 4, 6]:
Label := "Ve2 We2 X32X Y11e2":
EnumerativeProblem:=[ [1, 4, 6, 2, 4, 6] ,[1, 2, 4, 3, 5, 6]
                     ,[2, 1, 3, 4, 5, 6] ,[2, 1, 3, 4, 5, 6]
                     ,[1, 3, 2, 4, 5, 6] ,[1, 3, 2, 4, 5, 6]
                     ,[1, 2, 4, 5, 3, 6] ,[1, 2, 4, 5, 3, 6]
                    ]:
NumberOfSolutions := 6:
Necklaces:=[ [1, 2, 3, 4, 5, 6, 7] ,[1, 6, 7, 4, 5, 2, 3]
            ,[1, 4, 5, 6, 7, 2, 3] ,[1, 2, 3, 6, 7, 4, 5]
            ,[1, 6, 7, 2, 3, 4, 5] ,[1, 4, 5, 2, 3, 6, 7]
           ]:
Points:=[[4, 41],[7, 40],[10, 40],[13, 39],[16, 38],[19, 36],[22, 35]
       ,[24, 33],[27, 31],[29, 29],[31, 26],[33, 24],[35, 21],[37, 19]
       ,[38, 16],[39, 13],[40, 10],[40, 7],[41, 4],[41, 1],[41, -3]
       ,[41, -6],[40, -9],[39, -12],[38, -15],[37, -18],[36, -21],[34, -23]
       ,[32, -26],[30, -28],[28, -30],[25, -32],[23, -34],[20, -36],[17, -37]
       ,[14, -38],[11, -39],[8, -40],[5, -41],[2, -41] ]:
PointSelection := "QuasiUniformPointsAss(40,41)":
Machine := "Rcf1537-8":
##############################################################################
Instance:=50000:
PreTime:=  21921.70:
GroebnerTime:=  45092.92:
RealTime:=   5696.48:
Table:=[[0,0,0,50000]
       ,[0,0,0,50000]
       ,[0,0,0,50000]
       ,[0,434,24561,25005]
       ,[0,2,20574,29424]
       ,[0,0,0,50000]]:
CoefficientHeight:=   67.1:
