##############################################################################
#
#  Data for the enumerative problem
#  Ve2 We3 XX32 Ye3 = 16 on rcf1537-10
#
##############################################################################
FlagVariety:=[1, 2, 3, 4, 6]:
Label := "Ve2 We3 XX32 Ye3":
EnumerativeProblem:=[ [1, 4, 6, 2, 3, 5] ,[1, 2, 4, 3, 5, 6]
                     ,[1, 2, 3, 5, 4, 6] ,[1, 2, 3, 5, 4, 6]
                     ,[1, 2, 3, 5, 4, 6] ,[2, 1, 3, 4, 5, 6]
                     ,[2, 1, 3, 4, 5, 6] ,[1, 3, 2, 4, 5, 6]
                     ,[1, 3, 2, 4, 5, 6] ,[1, 3, 2, 4, 5, 6]
                    ]:
NumberOfSolutions := 16:
Necklaces:=[ [1, 2, 3, 4, 5, 6, 7, 8, 9] ,[1, 5, 6, 7, 8, 9, 2, 3, 4]
            ,[1, 7, 8, 9, 2, 3, 4, 5, 6]]:
Points:=[[4, 32],[7, 31],[11, 30],[14, 29],[16, 27],[19, 26],[22, 24]
       ,[24, 21],[26, 19],[28, 16],[29, 13],[30, 10],[31, 7],[32, 4]
       ,[32, 1],[32, -3],[31, -6],[31, -9],[30, -12],[28, -15],[27, -18]
       ,[25, -20],[22, -23],[20, -25],[17, -27],[15, -28],[12, -30],[9, -31]
       ,[5, -32],[2, -32] ]:
PointSelection := "QuasiUniformPointsAss(30,32)":
Machine := "rcf1537-10":
##############################################################################
Instance:=1000:
PreTime:=    262.04:
GroebnerTime:= 378355.76:
RealTime:=    974.02:
Table:=[[0,0,0,0,0,0,0,0,1000]
       ,[0,0,0,0,50,190,245,239,276]
       ,[0,0,0,0,0,0,0,0,1000]]:
CoefficientHeight:=  265.5:
