##############################################################################
#
#  Data for the enumerative problem
#  X22 X2 Ve2 W2 W Y11 Y  = 4 on Noether
#
##############################################################################
FlagVariety:=[1, 2, 3, 4, 6]:
Label := "X22 X2 Ve2 W2 W Y11 Y ":
EnumerativeProblem:=[ [1, 4, 5, 2, 3, 6] ,[1, 2, 5, 3, 4, 6]
                     ,[2, 1, 3, 4, 5, 6] ,[2, 1, 3, 4, 5, 6]
                     ,[1, 4, 2, 3, 5, 6] ,[1, 3, 2, 4, 5, 6]
                     ,[1, 2, 4, 5, 3, 6] ,[1, 2, 3, 5, 4, 6]
                    ]:
NumberOfSolutions := 4:
Necklaces:=[ [1, 2, 3, 4, 5, 6, 7] ,[1, 4, 5, 6, 7, 2, 3]
            ,[1, 6, 7, 2, 3, 4, 5]]:
Points:=[[4, 32],[7, 31],[11, 30],[14, 29],[16, 27],[19, 26],[22, 24]
       ,[24, 21],[26, 19],[28, 16],[29, 13],[30, 10],[31, 7],[32, 4]
       ,[32, 1],[32, -3],[31, -6],[31, -9],[30, -12],[28, -15],[27, -18]
       ,[25, -20],[22, -23],[20, -25],[17, -27],[15, -28],[12, -30],[9, -31]
       ,[5, -32],[2, -32] ]:
PointSelection := "QuasiUniformPointsAss(30,32)":
Machine := "Noether":
##############################################################################
Instance:=10000:
PreTime:=   5472.00:
GroebnerTime:=   9002.83:
RealTime:=    739.10:
Table:=[[0,0,10000]
       ,[0,0,10000]
       ,[44,5527,4429]]:
CoefficientHeight:=   30.4:
