##############################################################################
#
#  Data for the enumerative problem
#  Ve2 We2 X32X Ye2Y11 = 8 on Schubert
#
##############################################################################
FlagVariety:=[1, 2, 3, 4, 6]:
Label := "Ve2 We2 X32X Ye2Y11":
EnumerativeProblem:=[ [1, 4, 6, 2, 4, 6] ,[1, 2, 4, 3, 5, 6]
                     ,[2, 1, 3, 4, 5, 6] ,[2, 1, 3, 4, 5, 6]
                     ,[1, 3, 2, 4, 5, 6] ,[1, 3, 2, 4, 5, 6]
                     ,[1, 2, 3, 5, 4, 6] ,[1, 2, 3, 5, 4, 6]
                     ,[1, 2, 4, 5, 3, 6]]:
NumberOfSolutions := 8:
Necklaces:=[ [1, 2, 3, 4, 5, 6, 7, 8] ,[1, 4, 5, 6, 7, 8, 2, 3]
            ,[1, 6, 7, 8, 2, 3, 4, 5]]:
Points:=[[4, 32],[7, 31],[11, 30],[14, 29],[16, 27],[19, 26],[22, 24]
       ,[24, 21],[26, 19],[28, 16],[29, 13],[30, 10],[31, 7],[32, 4]
       ,[32, 1],[32, -3],[31, -6],[31, -9],[30, -12],[28, -15],[27, -18]
       ,[25, -20],[22, -23],[20, -25],[17, -27],[15, -28],[12, -30],[9, -31]
       ,[5, -32],[2, -32] ]:
PointSelection := "QuasiUniformPointsAss(30,32)":
Machine := "Schubert":
##############################################################################
Instance:=25000:
PreTime:=  13925.78:
GroebnerTime:= 105723.95:
RealTime:=   4613.58:
Table:=[[0,0,0,0,25000]
       ,[8,870,4329,8804,10989]
       ,[0,0,131,15498,9371]]:
CoefficientHeight:=  111.8:
