Mon Feb  5 09:50:10 CST 2018
###########################################################
#
###        Grassmannian   Gr(3,11) 
#
###########################################################
[6, [8, 10, 11], [8, 10, 11], [8, 10, 11], [8, 10, 11], [3, 10, 11], [2, 3, 11]]
# (1)^4 * (6) * (77) = 6
###########################################################
[6, [8, 10, 11], [8, 10, 11], [8, 10, 11], [7, 10, 11], [4, 10, 11], [2, 3, 11]]
# (1)^3 * (2) * (5) * (77) = 6
###########################################################
[6, [8, 10, 11], [8, 10, 11], [8, 10, 11], [6, 10, 11], [5, 10, 11], [2, 3, 11]]
# (1)^3 * (3) * (4) * (77) = 6
###########################################################
[6, [8, 10, 11], [8, 10, 11], [7, 10, 11], [7, 10, 11], [5, 10, 11], [2, 3, 11]]
# (1)^2 * (2)^2 * (4) * (77) = 6
###########################################################
[6, [8, 10, 11], [8, 10, 11], [7, 10, 11], [6, 10, 11], [6, 10, 11], [2, 3, 11]]
# (1)^2 * (2) * (3)^2 * (77) = 6
###########################################################
[6, [8, 10, 11], [7, 10, 11], [7, 10, 11], [7, 10, 11], [6, 10, 11], [2, 3, 11]]
# (1) * (2)^3 * (3) * (77) = 6
###########################################################
[6, [7, 10, 11], [7, 10, 11], [7, 10, 11], [7, 10, 11], [7, 10, 11], [2, 3, 11]]
# (2)^5 * (77) = 6
###########################################################
[6, [8, 9, 11], [8, 9, 11], [8, 9, 11], [8, 9, 11], [3, 10, 11], [4, 5, 11]]
# (11)^4 * (6) * (55) = 6
###########################################################
[6, [8, 9, 11], [8, 9, 11], [8, 9, 11], [7, 8, 11], [3, 10, 11], [5, 6, 11]]
# (11)^3 * (22) * (6) * (44) = 6
###########################################################
[6, [8, 9, 11], [8, 9, 11], [8, 9, 11], [6, 7, 11], [6, 7, 11], [3, 10, 11]]
# (11)^3 * (33)^2 * (6) = 6
###########################################################
[6, [8, 9, 11], [8, 9, 11], [7, 8, 11], [7, 8, 11], [6, 7, 11], [3, 10, 11]]
# (11)^2 * (22)^2 * (33) * (6) = 6
###########################################################
[6, [8, 9, 11], [7, 8, 11], [7, 8, 11], [7, 8, 11], [7, 8, 11], [3, 10, 11]]
# (11) * (22)^4 * (6) = 6
###########################################################
[8, [6, 10, 11], [3, 9, 11], [3, 9, 11], [3, 9, 11]]
# (3) * (61)^3 = 8
###########################################################
[8, [6, 10, 11], [5, 7, 11], [5, 7, 11], [5, 7, 11]]
# (3) * (43)^3 = 8
###########################################################
[8, [5, 10, 11], [4, 9, 11], [3, 9, 11], [3, 9, 11]]
# (4) * (51) * (61)^2 = 8
###########################################################
[8, [5, 9, 11], [4, 10, 11], [3, 9, 11], [3, 9, 11]]
# (41) * (5) * (61)^2 = 8
###########################################################
[8, [4, 10, 11], [4, 9, 11], [4, 9, 11], [3, 9, 11]]
# (5) * (51)^2 * (61) = 8
###########################################################
[10, [7, 9, 11], [5, 7, 11], [5, 7, 11], [5, 7, 11]]
# (21) * (43)^3 = 10
###########################################################
[10, [8, 10, 11], [8, 10, 11], [8, 10, 11], [8, 10, 11], [8, 10, 11], [4, 10, 11], [2, 3, 11]]
# (1)^5 * (5) * (77) = 10
###########################################################
[10, [8, 10, 11], [8, 10, 11], [8, 10, 11], [8, 10, 11], [7, 10, 11], [5, 10, 11], [2, 3, 11]]
# (1)^4 * (2) * (4) * (77) = 10
###########################################################
[10, [8, 10, 11], [8, 10, 11], [8, 10, 11], [8, 10, 11], [6, 10, 11], [6, 10, 11], [2, 3, 11]]
# (1)^4 * (3)^2 * (77) = 10
###########################################################
[10, [8, 10, 11], [8, 10, 11], [8, 10, 11], [7, 10, 11], [7, 10, 11], [6, 10, 11], [2, 3, 11]]
# (1)^3 * (2)^2 * (3) * (77) = 10
###########################################################
[10, [8, 10, 11], [8, 10, 11], [7, 10, 11], [7, 10, 11], [7, 10, 11], [7, 10, 11], [2, 3, 11]]
# (1)^2 * (2)^4 * (77) = 10
###########################################################
[10, [8, 9, 11], [8, 9, 11], [8, 9, 11], [8, 9, 11], [8, 9, 11], [3, 10, 11], [5, 6, 11]]
# (11)^5 * (6) * (44) = 10
###########################################################
[10, [8, 9, 11], [8, 9, 11], [8, 9, 11], [8, 9, 11], [7, 8, 11], [6, 7, 11], [3, 10, 11]]
# (11)^4 * (22) * (33) * (6) = 10
###########################################################
[10, [8, 9, 11], [8, 9, 11], [8, 9, 11], [7, 8, 11], [7, 8, 11], [7, 8, 11], [3, 10, 11]]
# (11)^3 * (22)^3 * (6) = 10
###########################################################
[12, [6, 10, 11], [4, 8, 11], [4, 8, 11], [3, 9, 11]]
# (3) * (52)^2 * (61) = 12
###########################################################
[12, [5, 10, 11], [4, 9, 11], [4, 9, 11], [3, 8, 11]]
# (4) * (51)^2 * (62) = 12
###########################################################
[12, [5, 10, 11], [5, 8, 11], [5, 7, 11], [5, 7, 11]]
# (4) * (42) * (43)^2 = 12
###########################################################
[14, [5, 9, 11], [4, 9, 11], [4, 9, 11], [3, 9, 11]]
# (41) * (51)^2 * (61) = 14
###########################################################
[15, [8, 10, 11], [8, 10, 11], [8, 10, 11], [8, 10, 11], [8, 10, 11], [8, 10, 11], [5, 10, 11], [2, 3, 11]]
# (1)^6 * (4) * (77) = 15
###########################################################
[15, [8, 10, 11], [8, 10, 11], [8, 10, 11], [8, 10, 11], [8, 10, 11], [7, 10, 11], [6, 10, 11], [2, 3, 11]]
# (1)^5 * (2) * (3) * (77) = 15
###########################################################
[15, [8, 10, 11], [8, 10, 11], [8, 10, 11], [8, 10, 11], [7, 10, 11], [7, 10, 11], [7, 10, 11], [2, 3, 11]]
# (1)^4 * (2)^3 * (77) = 15
###########################################################
[15, [8, 9, 11], [8, 9, 11], [8, 9, 11], [8, 9, 11], [8, 9, 11], [8, 9, 11], [6, 7, 11], [3, 10, 11]]
# (11)^6 * (33) * (6) = 15
###########################################################
[15, [8, 9, 11], [8, 9, 11], [8, 9, 11], [8, 9, 11], [8, 9, 11], [7, 8, 11], [7, 8, 11], [3, 10, 11]]
# (11)^5 * (22)^2 * (6) = 15
###########################################################
[16, [5, 9, 11], [5, 9, 11], [4, 8, 11], [3, 9, 11]]
# (41)^2 * (52) * (61) = 16
###########################################################
[16, [4, 9, 11], [4, 9, 11], [4, 9, 11], [4, 9, 11]]
# (51)^4 = 16
###########################################################
[21, [8, 10, 11], [8, 10, 11], [8, 10, 11], [8, 10, 11], [8, 10, 11], [8, 10, 11], [8, 10, 11], [6, 10, 11], [2, 3, 11]]
# (1)^7 * (3) * (77) = 21
###########################################################
[21, [8, 10, 11], [8, 10, 11], [8, 10, 11], [8, 10, 11], [8, 10, 11], [8, 10, 11], [7, 10, 11], [7, 10, 11], [2, 3, 11]]
# (1)^6 * (2)^2 * (77) = 21
###########################################################
[21, [8, 9, 11], [8, 9, 11], [8, 9, 11], [8, 9, 11], [8, 9, 11], [8, 9, 11], [8, 9, 11], [7, 8, 11], [3, 10, 11]]
# (11)^7 * (22) * (6) = 21
###########################################################
[24, [8, 9, 11], [5, 10, 11], [4, 9, 11], [4, 9, 11], [4, 9, 11]]
# (11) * (4) * (51)^3 = 24
###########################################################
[28, [8, 10, 11], [8, 10, 11], [8, 10, 11], [8, 10, 11], [8, 10, 11], [8, 10, 11], [8, 10, 11], [8, 10, 11], [7, 10, 11], [2, 3, 11]]
# (1)^8 * (2) * (77) = 28
###########################################################
[28, [8, 9, 11], [8, 9, 11], [8, 9, 11], [8, 9, 11], [8, 9, 11], [8, 9, 11], [8, 9, 11], [8, 9, 11], [8, 9, 11], [3, 10, 11]]
# (11)^9 * (6) = 28
###########################################################
[36, [8, 10, 11], [8, 10, 11], [8, 10, 11], [8, 10, 11], [8, 10, 11], [8, 10, 11], [8, 10, 11], [8, 10, 11], [8, 10, 11], [8, 10, 11], [2, 3, 11]]
# (1)^10 * (77) = 36
###########################################################
[72, [7, 8, 11], [5, 9, 11], [5, 9, 11], [5, 9, 11], [5, 9, 11]]
# (22) * (41)^4 = 72
###########################################################
#   Number of Schubert problems that might not be at least alternating = 45
#   Elapsed time = 46.381881   seconds 
