##############################################################################
#
#  Data for the enumerative problem
#  A1524 Y11 X2 A1325 X11 V2  = 7 on rcf1422-3
#
##############################################################################
FlagVariety:=[1, 2, 3, 4, 6]:
Label := "A1524 Y11 X2 A1325 X11 V2 ":
EnumerativeProblem:=[ [1, 5, 2, 4, 3, 6] ,[1, 2, 4, 5, 3, 6]
                     ,[1, 2, 5, 3, 4, 6] ,[1, 3, 2, 5, 4, 6]
                     ,[1, 3, 4, 2, 5, 6] ,[3, 1, 2, 4, 5, 6]
                    ]:
NumberOfSolutions := 7:
Necklaces:=[ [1, 2, 3, 4, 5] ,[2, 4, 3, 1, 5]
            ,[1, 4, 2, 3, 5] ,[1, 3, 4, 2, 5]
            ,[2, 1, 4, 3, 5] ,[3, 1, 2, 4, 5]
            ,[1, 5, 2, 3, 4] ,[2, 4, 5, 3, 1]
            ,[5, 3, 4, 2, 1] ,[1, 4, 5, 3, 2]
            ,[1, 2, 3, 5, 4] ,[1, 2, 4, 3, 5]
            ,[1, 2, 5, 3, 4] ,[1, 2, 4, 5, 3]
            ,[1, 2, 5, 4, 3] ,[1, 3, 2, 5, 4]
            ,[1, 4, 2, 5, 3] ,[1, 5, 2, 4, 3]
            ,[1, 3, 5, 2, 4] ,[1, 4, 3, 2, 5]
            ,[1, 5, 3, 2, 4] ,[1, 4, 5, 2, 3]
            ,[1, 5, 4, 2, 3] ,[1, 3, 4, 5, 2]
            ,[1, 3, 5, 4, 2] ,[1, 4, 3, 5, 2]
            ,[1, 5, 3, 4, 2] ,[1, 5, 4, 3, 2]
            ,[2, 1, 3, 4, 5] ,[2, 1, 3, 5, 4]
            ,[2, 1, 5, 3, 4] ,[2, 1, 4, 5, 3]
            ,[2, 1, 5, 4, 3] ,[3, 1, 2, 5, 4]
            ,[4, 1, 2, 3, 5] ,[4, 1, 2, 5, 3]
            ,[3, 1, 4, 2, 5] ,[3, 1, 5, 2, 4]
            ,[4, 1, 3, 2, 5] ,[4, 1, 5, 2, 3]
            ,[3, 1, 4, 5, 2] ,[3, 1, 5, 4, 2]
            ,[4, 1, 3, 5, 2] ,[4, 1, 5, 3, 2]
            ,[2, 3, 1, 4, 5] ,[2, 3, 1, 5, 4]
            ,[2, 4, 1, 3, 5] ,[2, 4, 1, 5, 3]
            ,[3, 2, 1, 4, 5] ,[3, 2, 1, 5, 4]
            ,[4, 2, 1, 5, 3] ,[3, 4, 1, 2, 5]
            ,[4, 3, 1, 2, 5] ,[3, 4, 1, 5, 2]
            ,[4, 3, 1, 5, 2] ,[2, 3, 4, 1, 5]
            ,[3, 2, 4, 1, 5] ,[4, 2, 3, 1, 5]
            ,[3, 4, 2, 1, 5] ,[4, 3, 2, 1, 5]
           ]:
Points:=[[1, 7],[1, 5],[1, 3],[1, 2],[2, 3],[5, 6],[4, 3]
       ,[2, 1],[3, 1],[5, 1],[1, 0],[-5, 1],[-4, 1],[-3, 1]
       ,[-7, 3],[-1, 1],[-2, 3],[-1, 2],[-1, 4],[-1, 6],[-1, 9]
       ,[-1, 10] ]:
PointSelection := "adhoc":
Machine := "rcf1422-3":
##############################################################################
Instance:=15000:
PreTime:=  13972.41:
GroebnerTime:= 561704.67:
RealTime:=  16604.08:
Table:=[[0,22,5483,9495]
       ,[0,236,6816,7947]
       ,[0,277,2172,12551]
       ,[0,630,9481,4889]
       ,[0,227,8465,6308]
       ,[0,351,8171,6475]
       ,[0,28,2022,12950]
       ,[0,2955,6746,5299]
       ,[0,1081,6760,7159]
       ,[0,613,9419,4968]
       ,[0,39,4767,10194]
       ,[0,0,7680,7320]
       ,[0,0,1688,13312]
       ,[0,526,6960,7513]
       ,[0,88,2806,12106]
       ,[0,31,2183,12786]
       ,[0,0,2365,12635]
       ,[0,0,3410,11590]
       ,[0,0,3693,11307]
       ,[1,551,9139,5307]
       ,[0,39,10399,4560]
       ,[0,227,8388,6383]
       ,[12,1950,8458,4580]
       ,[14,357,6469,8160]
       ,[0,55,6516,8429]
       ,[0,925,5132,8943]
       ,[0,2869,4945,7186]
       ,[20,917,5966,8095]
       ,[0,279,4988,9733]
       ,[0,69,4921,10010]
       ,[0,0,8209,6791]
       ,[0,3355,5473,6172]
       ,[0,2044,8689,4267]
       ,[0,2942,6729,5326]
       ,[68,2899,8598,3433]
       ,[60,2644,7422,4874]
       ,[104,3400,5329,6167]
       ,[0,1347,4946,8707]
       ,[53,6051,3090,5803]
       ,[0,1119,7805,6076]
       ,[6,3585,5337,6072]
       ,[97,3970,6531,4394]
       ,[147,2067,5969,6814]
       ,[0,492,4502,10004]
       ,[70,600,4504,9826]
       ,[22,371,3809,10798]
       ,[0,0,3166,11834]
       ,[0,832,4382,9786]
       ,[673,1531,4594,8202]
       ,[141,875,6749,7235]
       ,[8,855,6956,7178]
       ,[0,668,6126,8206]
       ,[0,121,6543,8336]
       ,[0,752,4717,9531]
       ,[0,102,4592,10306]
       ,[3,1367,4880,8750]
       ,[76,832,4216,9876]
       ,[0,2531,6090,6378]
       ,[0,451,5568,8981]
       ,[0,792,5294,8911]]:
CoefficientHeight:=   41.2:
