
2 4      0.02    0      1      6       1       8
2 5      0.11    0      5     17       5      27
2 6      0.37    0     18     44      22      84
2 7      1.49    0     53    107      80     240
2 8      6.38    0    140    249     259     648
2 9     28.06    0    341    546     765    1652
2 10   144.23    0    783   1153    2107    4043
2 11  405.568    0   1714   2345    5473    9532

3 5      0.88    0      5     17       5      27
3 6     11.96    2     47     70      60     186
3 7     96.10    8    293    353     498    1144
3 8    960.88   30   1468   1361    3251    6080
3 9  20005.37   93   6437   4797   18219   29453
3 10 

4 6     52.58    0     18     44      22      84
4 7   1293.56    8    293    353     498    1144
4 8  76830.37   82   3101   2413    7286   12800
4 9 
