##############################################################################
#
#  Data for the enumerative problem
#  A214 X2 Ye2 W Xe2  = 6 on Pisces
#
##############################################################################
FlagVariety:=[1, 2, 3, 5]:
Label := "A214 X2 Ye2 W Xe2 ":
EnumerativeProblem:=[ [2, 1, 4, 3, 5] ,[1, 4, 2, 3, 5]
                     ,[1, 2, 4, 3, 5] ,[1, 2, 4, 3, 5]
                     ,[2, 1, 3, 4, 5] ,[1, 3, 2, 4, 5]
                     ,[1, 3, 2, 4, 5]]:
NumberOfSolutions := 6:
Necklaces:=[ [2, 3, 5, 1, 4, 6] ,[3, 1, 5, 2, 4, 6]
            ,[2, 1, 5, 3, 4, 6] ,[1, 3, 5, 2, 4, 6]
            ,[1, 2, 5, 3, 4, 6] ,[3, 2, 5, 1, 4, 6]
            ,[6, 2, 3, 1, 4, 5] ,[5, 1, 3, 6, 2, 4]
            ,[5, 3, 6, 1, 2, 4] ,[6, 2, 4, 1, 3, 5]
            ,[6, 1, 4, 2, 3, 5] ,[6, 1, 5, 2, 3, 4]
            ,[1, 2, 4, 6, 3, 5] ,[4, 5, 6, 1, 2, 3]
            ,[1, 4, 6, 2, 3, 5] ,[1, 2, 3, 4, 5, 6]
            ,[4, 1, 2, 6, 3, 5] ,[6, 3, 4, 5, 1, 2]
            ,[2, 1, 3, 6, 4, 5] ,[1, 3, 4, 6, 2, 5]
            ,[1, 2, 3, 6, 4, 5] ,[1, 5, 6, 4, 2, 3]
            ,[5, 4, 6, 3, 1, 2] ,[6, 1, 5, 4, 2, 3]
            ,[2, 1, 6, 5, 3, 4] ,[4, 5, 6, 3, 1, 2]
            ,[5, 1, 6, 4, 2, 3] ,[6, 1, 2, 5, 3, 4]
            ,[6, 3, 5, 4, 1, 2] ,[1, 4, 6, 5, 2, 3]
            ,[5, 3, 6, 4, 1, 2] ,[6, 1, 4, 5, 2, 3]
            ,[2, 1, 5, 6, 3, 4] ,[1, 2, 5, 6, 3, 4]
            ,[5, 3, 4, 6, 1, 2] ,[2, 5, 6, 1, 3, 4]
            ,[4, 3, 6, 5, 1, 2] ,[5, 1, 4, 6, 2, 3]
            ,[4, 3, 5, 6, 1, 2] ,[3, 2, 6, 1, 4, 5]
            ,[3, 1, 6, 2, 4, 5] ,[3, 5, 6, 4, 1, 2]
            ,[3, 4, 6, 5, 1, 2] ,[3, 4, 5, 6, 1, 2]
            ,[6, 4, 5, 2, 1, 3] ,[1, 5, 6, 3, 2, 4]
            ,[5, 4, 6, 2, 1, 3] ,[6, 1, 5, 3, 2, 4]
            ,[2, 1, 6, 4, 3, 5] ,[4, 5, 6, 2, 1, 3]
            ,[6, 3, 5, 2, 1, 4] ,[1, 4, 6, 3, 2, 5]
            ,[5, 3, 6, 2, 1, 4] ,[6, 1, 4, 3, 2, 5]
            ,[2, 1, 5, 4, 3, 6] ,[1, 2, 5, 4, 3, 6]
            ,[6, 3, 4, 2, 1, 5] ,[1, 4, 5, 3, 2, 6]
            ,[5, 3, 4, 2, 1, 6] ,[2, 5, 6, 4, 1, 3]
            ,[4, 3, 6, 2, 1, 5] ,[5, 1, 4, 3, 2, 6]
            ,[4, 3, 5, 2, 1, 6] ,[3, 2, 6, 5, 1, 4]
            ,[2, 3, 6, 5, 1, 4] ,[3, 1, 6, 5, 2, 4]
            ,[3, 5, 6, 2, 1, 4] ,[4, 1, 6, 3, 2, 5]
            ,[5, 1, 2, 4, 3, 6] ,[3, 4, 6, 2, 1, 5]
            ,[4, 1, 5, 3, 2, 6] ,[3, 4, 5, 2, 1, 6]
            ,[6, 2, 3, 5, 1, 4] ,[4, 2, 3, 6, 1, 5]
            ,[3, 2, 4, 6, 1, 5] ,[2, 3, 4, 6, 1, 5]
            ,[4, 1, 3, 6, 2, 5] ,[3, 1, 4, 6, 2, 5]
            ,[1, 3, 5, 4, 2, 6] ,[5, 1, 3, 2, 4, 6]
            ,[3, 1, 5, 4, 2, 6] ,[3, 1, 5, 6, 2, 4]
            ,[5, 1, 3, 4, 2, 6] ,[2, 4, 5, 1, 3, 6]
            ,[5, 2, 3, 1, 4, 6] ,[4, 2, 5, 1, 3, 6]
            ,[5, 2, 4, 1, 3, 6] ,[2, 3, 5, 4, 1, 6]
            ,[2, 4, 5, 3, 1, 6] ,[3, 2, 5, 4, 1, 6]
           ]:
Points:=[[5, 31],[9, 30],[12, 29],[16, 27],[19, 25],[21, 22],[24, 20]
       ,[26, 17],[28, 13],[29, 10],[30, 6],[31, 2],[31, -1],[31, -5]
       ,[30, -9],[29, -12],[27, -16],[25, -19],[22, -21],[20, -24],[17, -26]
       ,[13, -28],[10, -29],[6, -30],[2, -31] ]:
PointSelection := "QuasiUniformPointsAss(25,31)":
Machine := "Pisces":
##############################################################################
Instance:=25000:
PreTime:=   6549.30:
GroebnerTime:= 119210.95:
RealTime:=  28667.53:
Table:=[[0,8550,11130,5320]
       ,[0,4461,10659,9880]
       ,[0,8290,10758,5952]
       ,[0,9626,9921,5453]
       ,[0,7813,10831,6356]
       ,[0,6768,12664,5568]
       ,[0,0,11778,13222]
       ,[0,1954,10470,12576]
       ,[0,0,16114,8886]
       ,[0,5323,11053,8624]
       ,[0,5863,12478,6659]
       ,[0,2561,9075,13364]
       ,[0,3761,12433,8806]
       ,[0,0,0,25000]
       ,[131,5628,11566,7675]
       ,[0,2496,6009,16495]
       ,[0,0,0,25000]
       ,[0,931,13486,10583]
       ,[0,0,5879,19121]
       ,[0,0,11855,13145]
       ,[0,0,6497,18503]
       ,[0,1360,11406,12234]
       ,[0,5534,8201,11265]
       ,[0,2664,8261,14075]
       ,[0,2733,6676,15591]
       ,[0,3355,2937,18705]
       ,[0,2382,5232,17370]
       ,[0,435,4008,20553]
       ,[0,2501,11456,11043]
       ,[0,3496,12013,9491]
       ,[0,302,12037,12661]
       ,[0,460,14000,10540]
       ,[0,2955,13404,8641]
       ,[0,2258,11221,11521]
       ,[0,0,14732,10268]
       ,[0,0,0,25000]
       ,[0,3953,10943,10104]
       ,[0,233,12668,12099]
       ,[0,2021,9666,13313]
       ,[0,4005,13230,7765]
       ,[0,0,6452,18548]
       ,[0,1199,11212,12589]
       ,[0,9721,8272,7007]
       ,[0,3413,6917,14670]
       ,[0,5050,7316,12634]
       ,[0,2321,9251,13428]
       ,[0,5485,11103,8412]
       ,[0,5787,12125,7088]
       ,[0,4605,12614,7781]
       ,[0,4747,7454,12799]
       ,[0,4831,13292,6877]
       ,[5,3456,15230,6309]
       ,[0,5652,11716,7632]
       ,[128,7475,12465,4932]
       ,[0,4078,13982,6940]
       ,[0,5749,13726,5525]
       ,[0,1244,8490,15266]
       ,[306,2485,10823,11386]
       ,[0,2460,10390,12150]
       ,[0,3776,12364,8860]
       ,[0,2231,11350,11419]
       ,[64,3895,14278,6763]
       ,[1,5745,10896,8358]
       ,[0,7572,10585,6843]
       ,[0,10829,10237,3934]
       ,[0,944,7215,16841]
       ,[0,4170,7691,13139]
       ,[0,1895,11374,11731]
       ,[0,4688,5732,14580]
       ,[28,5571,12950,6451]
       ,[2,2241,13778,8979]
       ,[17,8649,9790,6544]
       ,[42,2372,13566,9020]
       ,[0,2627,11170,11203]
       ,[0,2816,11239,10945]
       ,[0,0,16116,8884]
       ,[0,1986,13807,9207]
       ,[0,331,14286,10383]
       ,[13,1316,12823,10848]
       ,[0,7062,11360,6578]
       ,[0,2211,10124,12665]
       ,[0,2112,11635,11253]
       ,[7,837,13431,10725]
       ,[0,1789,11591,11620]
       ,[0,2597,8482,13921]
       ,[0,7359,10396,7245]
       ,[0,5694,13914,5392]
       ,[0,6520,14319,4161]
       ,[0,4967,12613,7420]
       ,[25,3325,14967,6683]]:
CoefficientHeight:=   58.5:
