##############################################################################
#
#  Data for the enumerative problem
#  A31526 A21436 Xe5  = 16 on Calypso
#  1000 iterations planned  
#
##############################################################################
FlagVariety:=[1, 3, 5, 6]:
Label := "A31526 A21436 Xe5 ":
EnumerativeProblem:=[ [3, 1, 5, 2, 6, 4] ,[2, 1, 4, 3, 6, 5]
                     ,[1, 2, 4, 3, 5, 6] ,[1, 2, 4, 3, 5, 6]
                     ,[1, 2, 4, 3, 5, 6] ,[1, 2, 4, 3, 5, 6]
                     ,[1, 2, 4, 3, 5, 6]]:
NumberOfSolutions := 16:
Necklaces:=[ [1, 2, 3, 4, 5, 6] ,[2, 1, 3, 4, 5, 6]
            ,[3, 1, 2, 4, 5, 6]]:
Points:=[[1, 11],[2, 11],[3, 10],[4, 10],[5, 10],[6, 9],[7, 8]
       ,[8, 8],[9, 7],[9, 6],[10, 5],[10, 4],[11, 3],[11, 2]
       ,[11, 1],[11, -1],[11, -2],[11, -3],[10, -4],[10, -5],[9, -6]
       ,[9, -7],[8, -8],[7, -8],[6, -9],[5, -10],[4, -10],[3, -10]
       ,[2, -11],[1, -11] ]:
PointSelection := "QuasiUniformPoints(30,11)":
Machine := "Calypso":
NumberOfIterations := 1000:
##############################################################################
Instance:=7:
PreTime:=       .99:
GroebnerTime:= 383654.71:
RealTime:=      2.73:
Table:=[[0,0,0,0,0,0,0,0,7]
       ,[0,0,0,0,0,0,0,0,7]
       ,[0,0,0,0,0,0,0,0,7]]:
CoefficientHeight:=    0.0:


