##############################################################################
#
#  Data for the enumerative problem
#  A21436 V3 Z111 Xe4  = 10 on Chevalley
#  1000 iterations planned  
#
##############################################################################
FlagVariety:=[1, 3, 5, 6]:
Label := "A21436 V3 Z111 Xe4 ":
EnumerativeProblem:=[ [2, 1, 4, 3, 6, 5] ,[4, 1, 2, 3, 5, 6]
                     ,[1, 2, 4, 5, 6, 3] ,[1, 2, 4, 3, 5, 6]
                     ,[1, 2, 4, 3, 5, 6] ,[1, 2, 4, 3, 5, 6]
                     ,[1, 2, 4, 3, 5, 6]]:
NumberOfSolutions := 10:
Necklaces:=[ [1, 2, 3, 4, 5, 6] ,[1, 3, 2, 4, 5, 6]
            ,[1, 4, 2, 3, 5, 6] ,[1, 5, 2, 3, 4, 6]
            ,[1, 6, 2, 3, 4, 5] ,[2, 1, 3, 4, 5, 6]
            ,[3, 1, 2, 4, 5, 6] ,[4, 1, 2, 3, 5, 6]
            ,[5, 1, 2, 3, 4, 6] ,[2, 3, 1, 4, 5, 6]
            ,[2, 4, 1, 3, 5, 6] ,[2, 5, 1, 3, 4, 6]
            ,[3, 2, 1, 4, 5, 6] ,[4, 2, 1, 3, 5, 6]
            ,[3, 4, 1, 2, 5, 6]]:
Points:=[[6, 41],[10, 40],[14, 39],[17, 37],[21, 35],[25, 33],[28, 30]
       ,[31, 27],[33, 24],[36, 21],[37, 17],[39, 13],[40, 9],[41, 5]
       ,[41, 1],[41, -3],[40, -8],[39, -12],[38, -16],[36, -19],[34, -23]
       ,[32, -26],[29, -29],[26, -32],[22, -34],[19, -36],[15, -38],[11, -40]
       ,[7, -40],[3, -41] ]:
PointSelection := "QuasiUniformPointsAss(30,41)":
Machine := "Chevalley":
NumberOfIterations := 1000:
##############################################################################
Instance:=25000:
PreTime:=   9528.25:
GroebnerTime:=  92847.68:
RealTime:=  11393.19:
Table:=[[0,0,214,5499,2871,16416]
       ,[0,0,1636,8716,8661,5987]
       ,[0,0,79,5904,13366,5651]
       ,[0,0,0,5833,4291,14876]
       ,[0,0,0,0,0,25000]
       ,[0,0,214,5499,2871,16416]
       ,[0,0,1636,8716,8661,5987]
       ,[0,0,79,5904,13366,5651]
       ,[0,0,0,5833,4291,14876]
       ,[0,247,1858,6687,9188,7020]
       ,[0,702,2891,6951,10976,3480]
       ,[0,795,1660,6837,6302,9406]
       ,[0,247,1858,6687,9188,7020]
       ,[0,702,2891,6951,10976,3480]
       ,[0,125,2925,9887,7992,4071]]:
CoefficientHeight:=   58.0:
