##############################################################################
#
#  Data for the enumerative problem
#  A21635 A21436e2 Xe2  = 5 on Schubert
#  1000 iterations planned  
#
##############################################################################
FlagVariety:=[1, 3, 5, 6]:
Label := "A21635 A21436e2 Xe2 ":
EnumerativeProblem:=[ [2, 1, 6, 3, 5, 4] ,[2, 1, 4, 3, 6, 5]
                     ,[2, 1, 4, 3, 6, 5] ,[1, 2, 4, 3, 5, 6]
                     ,[1, 2, 4, 3, 5, 6]]:
NumberOfSolutions := 5:
Necklaces:=[ [1, 2, 3, 4] ,[1, 3, 2, 4]
            ,[1, 4, 2, 3] ,[2, 3, 1, 4]
           ]:
Points:=[[10, 100],[18, 99],[26, 98],[33, 95],[40, 93],[47, 89],[54, 85]
       ,[60, 81],[66, 76],[72, 71],[77, 65],[82, 59],[86, 53],[90, 46]
       ,[93, 39],[96, 32],[98, 24],[100, 17],[101, 9],[101, 1],[101, -6]
       ,[100, -14],[99, -22],[97, -29],[94, -37],[91, -44],[87, -51],[83, -57]
       ,[79, -63],[74, -69],[68, -75],[62, -80],[56, -84],[49, -88],[42, -92]
       ,[35, -95],[28, -97],[20, -99],[13, -100],[5, -101] ]:
PointSelection := "QuasiUniformPointsAss(40,101)":
Machine := "Schubert":
NumberOfIterations := 1000:
##############################################################################
Instance:=10000:
PreTime:=   3471.87:
GroebnerTime:=   2307.90:
RealTime:=   1159.85:
Table:=[[3104,6896,0]
       ,[2741,6185,1074]
       ,[3244,5606,1150]
       ,[2815,5979,1206]]:
CoefficientHeight:=   72.2:
