##############################################################################
#
#  Data for the enumerative problem
#  A21536 A21436e2 Xe3  = 16 on Pieri
#  1000 iterations planned  
#
##############################################################################
FlagVariety:=[1, 3, 5, 6]:
Label := "A21536 A21436e2 Xe3 ":
EnumerativeProblem:=[ [2, 1, 5, 3, 6, 4] ,[2, 1, 4, 3, 6, 5]
                     ,[2, 1, 4, 3, 6, 5] ,[1, 2, 4, 3, 5, 6]
                     ,[1, 2, 4, 3, 5, 6] ,[1, 2, 4, 3, 5, 6]
                    ]:
NumberOfSolutions := 16:
Necklaces:=[ [1, 2, 3, 4, 5] ,[1, 3, 2, 4, 5]
            ,[1, 4, 2, 3, 5] ,[1, 5, 2, 3, 4]
            ,[2, 3, 1, 4, 5] ,[2, 4, 1, 3, 5]
           ]:
Points:=[[3, 23],[5, 22],[8, 22],[10, 21],[12, 20],[14, 18],[16, 17]
       ,[17, 15],[19, 13],[20, 12],[21, 9],[22, 7],[22, 5],[23, 3]
       ,[23, 0],[23, -2],[23, -4],[22, -7],[21, -9],[20, -11],[19, -13]
       ,[18, -15],[16, -16],[14, -18],[12, -19],[10, -20],[8, -21],[6, -22]
       ,[4, -23],[2, -23] ]:
PointSelection := "QuasiUniformPointsAss(30,23)":
Machine := "Pieri":
NumberOfIterations := 1000:
##############################################################################
Instance:=5000:
PreTime:=   1614.38:
GroebnerTime:= 280394.71:
RealTime:=   5874.81:
Table:=[[0,0,0,6,1117,1011,1654,678,534]
       ,[0,0,0,56,339,1443,1172,1362,628]
       ,[0,41,54,295,656,764,994,1385,811]
       ,[0,0,0,0,258,443,1724,1068,1507]
       ,[0,0,38,174,1860,2173,388,275,92]
       ,[0,0,1,201,372,2144,1424,679,179]]:
CoefficientHeight:=  150.4:
