##############################################################################
#
#  Data for the enumerative problem
#  A31426 A21436e2 Xe3  = 16 on Rota
#  1000 iterations planned  
#
##############################################################################
FlagVariety:=[1, 3, 5, 6]:
Label := "A31426 A21436e2 Xe3 ":
EnumerativeProblem:=[ [3, 1, 4, 2, 6, 5] ,[2, 1, 4, 3, 6, 5]
                     ,[2, 1, 4, 3, 6, 5] ,[1, 2, 4, 3, 5, 6]
                     ,[1, 2, 4, 3, 5, 6] ,[1, 2, 4, 3, 5, 6]
                    ]:
NumberOfSolutions := 16:
Necklaces:=[ [1, 2, 3, 4, 5] ,[1, 3, 2, 4, 5]
            ,[1, 4, 2, 3, 5] ,[1, 5, 2, 3, 4]
            ,[2, 3, 1, 4, 5] ,[2, 4, 1, 3, 5]
           ]:
Points:=[[6, 41],[10, 40],[14, 39],[17, 37],[21, 35],[25, 33],[28, 30]
       ,[31, 27],[33, 24],[36, 21],[37, 17],[39, 13],[40, 9],[41, 5]
       ,[41, 1],[41, -3],[40, -8],[39, -12],[38, -16],[36, -19],[34, -23]
       ,[32, -26],[29, -29],[26, -32],[22, -34],[19, -36],[15, -38],[11, -40]
       ,[7, -40],[3, -41] ]:
PointSelection := "QuasiUniformPointsAss(30,41)":
Machine := "Rota":
NumberOfIterations := 1000:
##############################################################################
Instance:=5000:
PreTime:=   6535.78:
GroebnerTime:= 311934.41:
RealTime:=  13163.20:
Table:=[[0,0,0,8,1121,978,1645,672,576]
       ,[0,0,0,54,322,1458,1175,1326,665]
       ,[0,39,46,289,653,747,1030,1351,845]
       ,[0,0,0,0,263,435,1717,1084,1501]
       ,[0,0,36,175,1845,2189,401,267,87]
       ,[0,0,1,205,380,2159,1434,643,178]]:
CoefficientHeight:=  111.0:
