##############################################################################
#
#  Data for the enumerative problem
#  A31256e2 Xe5  = 10 on Rota
#
##############################################################################
FlagVariety:=[1, 3, 5, 6]:
Label := "A31256e2 Xe5 ":
EnumerativeProblem:=[ [3, 1, 2, 5, 6, 4] ,[3, 1, 2, 5, 6, 4]
                     ,[1, 2, 4, 3, 5, 6] ,[1, 2, 4, 3, 5, 6]
                     ,[1, 2, 4, 3, 5, 6] ,[1, 2, 4, 3, 5, 6]
                     ,[1, 2, 4, 3, 5, 6]]:
NumberOfSolutions := 10:
Necklaces:=[ [1, 2, 3, 4, 5, 6] ,[2, 1, 3, 4, 5, 6]
            ,[3, 1, 2, 4, 5, 6]]:
Points:=[[4, 32],[7, 31],[11, 30],[14, 29],[16, 27],[19, 26],[22, 24]
       ,[24, 21],[26, 19],[28, 16],[29, 13],[30, 10],[31, 7],[32, 4]
       ,[32, 1],[32, -3],[31, -6],[31, -9],[30, -12],[28, -15],[27, -18]
       ,[25, -20],[22, -23],[20, -25],[17, -27],[15, -28],[12, -30],[9, -31]
       ,[5, -32],[2, -32] ]:
PointSelection := "QuasiUniformPointsAss(30,32)":
Machine := "Rota":
##############################################################################
Instance:=500000:
PreTime:= 215675.59:
GroebnerTime:=3135237.63:
RealTime:= 193940.53:
Table:=[[0,281803,0,208124,0,10073]
       ,[0,78485,0,346010,0,75505]
       ,[0,45764,0,261976,0,192260]]:
CoefficientHeight:=  347.8:
