#BadIdeals here, if any
##############################################################################
#
#  Data for the enumerative problem
#  V2e2 Z11e2 Xe5  = 10 on rcf1537-9
#  1000 iterations planned  
#
##############################################################################
FlagVariety:=[1, 3, 5, 6]:
Label := "V2e2 Z11e2 Xe5 ":
EnumerativeProblem:=[ [3, 1, 2, 4, 5, 6] ,[3, 1, 2, 4, 5, 6]
                     ,[1, 2, 3, 5, 6, 4] ,[1, 2, 3, 5, 6, 4]
                     ,[1, 2, 4, 3, 5, 6] ,[1, 2, 4, 3, 5, 6]
                     ,[1, 2, 4, 3, 5, 6] ,[1, 2, 4, 3, 5, 6]
                     ,[1, 2, 4, 3, 5, 6]]:
NumberOfSolutions := 10:
Necklaces:=[ [1, 2, 3, 4, 5, 6, 7, 8] ,[1, 2, 4, 3, 5, 6, 7, 8]
            ,[1, 2, 5, 3, 4, 6, 7, 8] ,[1, 2, 6, 3, 4, 5, 7, 8]
            ,[1, 2, 7, 3, 4, 5, 6, 8] ,[1, 2, 8, 3, 4, 5, 6, 7]
            ,[1, 3, 4, 2, 5, 6, 7, 8] ,[1, 3, 5, 2, 4, 6, 7, 8]
            ,[1, 3, 6, 2, 4, 5, 7, 8] ,[1, 3, 7, 2, 4, 5, 6, 8]
            ,[1, 4, 5, 2, 3, 6, 7, 8] ,[1, 4, 6, 2, 3, 5, 7, 8]
            ,[2, 1, 3, 4, 5, 6, 7, 8] ,[2, 1, 4, 3, 5, 6, 7, 8]
            ,[2, 1, 5, 3, 4, 6, 7, 8] ,[3, 1, 2, 4, 5, 6, 7, 8]
            ,[4, 1, 2, 3, 5, 6, 7, 8] ,[5, 1, 2, 3, 4, 6, 7, 8]
            ,[6, 1, 2, 3, 4, 5, 7, 8] ,[7, 1, 2, 3, 4, 5, 6, 8]
            ,[3, 1, 4, 2, 5, 6, 7, 8] ,[3, 1, 5, 2, 4, 6, 7, 8]
            ,[3, 1, 6, 2, 4, 5, 7, 8] ,[3, 1, 7, 2, 4, 5, 6, 8]
            ,[3, 1, 8, 2, 4, 5, 6, 7] ,[4, 1, 3, 2, 5, 6, 7, 8]
            ,[5, 1, 3, 2, 4, 6, 7, 8] ,[6, 1, 3, 2, 4, 5, 7, 8]
            ,[7, 1, 3, 2, 4, 5, 6, 8] ,[4, 1, 5, 2, 3, 6, 7, 8]
            ,[4, 1, 6, 2, 3, 5, 7, 8] ,[4, 1, 7, 2, 3, 5, 6, 8]
            ,[4, 1, 8, 2, 3, 5, 6, 7] ,[5, 1, 4, 2, 3, 6, 7, 8]
            ,[6, 1, 4, 2, 3, 5, 7, 8] ,[7, 1, 4, 2, 3, 5, 6, 8]
            ,[5, 1, 7, 2, 3, 4, 6, 8] ,[6, 1, 5, 2, 3, 4, 7, 8]
            ,[7, 1, 5, 2, 3, 4, 6, 8] ,[7, 1, 6, 2, 3, 4, 5, 8]
            ,[2, 4, 5, 1, 3, 6, 7, 8] ,[2, 4, 6, 1, 3, 5, 7, 8]
            ,[2, 4, 7, 1, 3, 5, 6, 8] ,[2, 5, 6, 1, 3, 4, 7, 8]
            ,[5, 2, 3, 1, 4, 6, 7, 8] ,[6, 2, 3, 1, 4, 5, 7, 8]
            ,[4, 2, 6, 1, 3, 5, 7, 8] ,[6, 2, 4, 1, 3, 5, 7, 8]
           ]:
Points:=[[2, 11],[4, 10],[5, 10],[6, 9],[8, 8],[9, 7],[10, 6]
       ,[10, 4],[11, 3],[11, 1],[11, -1],[11, -2],[10, -4],[10, -5]
       ,[9, -6],[8, -8],[7, -9],[6, -10],[4, -10],[3, -11],[1, -11]
        ]:
PointSelection := "QuasiUniformPointsAss(21,11)":
Machine := "rcf1537-9":
NumberOfIterations := 1000:
##############################################################################
Instance:=5000:
PreTime:=   4048.57:
GroebnerTime:= 665319.81:
RealTime:=  12742.89:
Table:=[[0,0,0,0,0,5000]
       ,[0,0,0,1049,248,3703]
       ,[0,130,775,2901,797,397]
       ,[0,283,1287,2054,1039,337]
       ,[0,214,617,2897,784,488]
       ,[0,1,65,1577,1269,2088]
       ,[0,0,0,0,0,5000]
       ,[0,0,0,844,347,3809]
       ,[55,225,837,2221,1120,542]
       ,[0,569,750,2311,1082,288]
       ,[0,0,0,0,0,5000]
       ,[0,0,0,698,666,3636]
       ,[0,10,54,151,353,4432]
       ,[0,18,219,2557,823,1383]
       ,[0,55,556,1828,1758,803]
       ,[0,4,150,1619,1200,2027]
       ,[0,193,582,2711,821,693]
       ,[0,206,1307,1959,1162,366]
       ,[0,119,870,2839,856,316]
       ,[0,0,0,1183,289,3528]
       ,[0,9,152,2008,1419,1412]
       ,[4,370,1537,2225,643,221]
       ,[13,334,1660,2051,745,197]
       ,[2,747,1075,1867,520,789]
       ,[0,37,265,2408,711,1579]
       ,[0,130,733,2722,971,444]
       ,[0,383,1351,1719,1136,411]
       ,[39,311,847,2304,1109,390]
       ,[0,45,146,1371,509,2929]
       ,[6,218,775,1671,1347,983]
       ,[13,786,1766,1729,550,156]
       ,[10,388,1716,1983,721,182]
       ,[0,54,684,1915,1547,800]
       ,[0,298,845,1938,1301,618]
       ,[0,991,985,1800,799,425]
       ,[48,383,942,2161,1033,433]
       ,[3,318,1546,2302,634,197]
       ,[0,245,831,1885,1302,737]
       ,[0,472,1402,1692,1041,393]
       ,[0,140,761,2526,1015,558]
       ,[0,0,0,946,253,3801]
       ,[1,54,234,1212,810,2689]
       ,[39,438,848,2299,968,408]
       ,[0,0,0,785,541,3674]
       ,[0,722,653,2208,1103,314]
       ,[35,241,732,2332,1196,464]
       ,[9,1667,2106,1006,195,17]
       ,[20,448,811,2269,1027,425]]:
CoefficientHeight:=   74.0:

