Isomorphism_Classes[5,16]:=[

#################################################################
### The symmetric function = s[3, 2] + s[3, 1, 1] + s[2, 2, 1]   has 4 graph isomorphism types.

  [ [[2, 4], [2, 3], [3, 4], [3], [2, 4], [1, 3, 4], [1, 4], [1, 3], [2, 4], [2], [2, 3], [1, 3], [1, 4], [1, 2, 4], [1, 2], [1, 3]], 
     {[2, 1, 6], [2, 2, 12], [2, 5, 13], [2, 7, 9], [2, 8, 10], [2, 11, 16], [3, 1, 3], [3, 4, 5], [3, 6, 9], [3, 8, 10], [3, 12, 14], [3, 15, 16], [4, 1, 2], [4, 4, 5], [4, 7, 8], [4, 9, 11], [4, 12, 13], [4, 14, 16]}, 
     [[1, 2, 2, 7, 3, 4, 5, 6, 4, 5], [1, 2, 2, 7, 5, 6, 3, 4, 4, 5], [1, 2, 3, 4, 2, 7, 5, 6, 4, 5], [1, 2, 5, 6, 2, 7, 3, 4, 4, 5], [1, 2, 5, 6, 3, 4, 2, 7, 4, 5], [3, 4, 1, 2, 2, 7, 5, 6, 4, 5], [3, 4, 1, 2, 5, 6, 2, 7, 4, 5], [3, 4, 1, 2, 5, 6, 4, 5, 2, 7], [3, 4, 5, 6, 1, 2, 2, 7, 4, 5], [3, 4, 5, 6, 1, 2, 4, 5, 2, 7], [3, 4, 5, 6, 4, 5, 1, 2, 2, 7], [5, 6, 1, 2, 2, 7, 3, 4, 4, 5], [5, 6, 1, 2, 3, 4, 2, 7, 4, 5], [5, 6, 3, 4, 1, 2, 2, 7, 4, 5], [5, 6, 3, 4, 1, 2, 4, 5, 2, 7], [5, 6, 3, 4, 4, 5, 1, 2, 2, 7]], 
     table([(0)=[{15}, {}, {}],(1)=[{16}, {[3, 15, 16]}, {}],(2)=[{11, 14}, {[2, 11, 16], [4, 14, 16]}, {}],(3)=[{9, 12}, {[3, 12, 14], [4, 9, 11]}, {}],(4)=[{2, 6, 7, 13}, {[2, 2, 12], [2, 7, 9], [3, 6, 9], [4, 12, 13]}, {}],(5)=[{1, 5, 8}, {[2, 1, 6], [2, 5, 13], [4, 1, 2], [4, 7, 8]}, {}],(6)=[{3, 4, 10}, {[2, 8, 10], [3, 1, 3], [3, 4, 5], [3, 8, 10], [4, 4, 5]}, {}]]) ], 

  [ [[3, 4], [2, 4], [2, 3], [2, 4], [3], [1, 3, 4], [1, 4], [1, 3], [2, 4], [2], [2, 3], [1, 4], [1, 3], [1, 2, 4], [1, 2], [1, 3]], 
     {[2, 2, 6], [2, 3, 13], [2, 4, 12], [2, 7, 9], [2, 8, 10], [2, 11, 16], [3, 1, 4], [3, 2, 5], [3, 6, 9], [3, 8, 10], [3, 13, 14], [3, 15, 16], [4, 2, 3], [4, 4, 5], [4, 7, 8], [4, 9, 11], [4, 12, 13], [4, 14, 16]}, 
     [[1, 3, 3, 4, 4, 7, 5, 6, 2, 4], [1, 3, 3, 7, 2, 3, 5, 6, 3, 4], [1, 3, 3, 7, 5, 6, 2, 3, 3, 4], [1, 3, 5, 6, 3, 4, 4, 7, 2, 4], [1, 3, 5, 6, 3, 7, 2, 3, 3, 4], [2, 3, 1, 2, 2, 7, 5, 6, 3, 4], [2, 3, 1, 2, 5, 6, 2, 7, 3, 4], [2, 3, 1, 2, 5, 6, 3, 4, 2, 7], [2, 3, 5, 6, 1, 2, 2, 7, 3, 4], [2, 3, 5, 6, 1, 2, 3, 4, 2, 7], [2, 3, 5, 6, 3, 4, 1, 2, 2, 7], [5, 6, 1, 3, 3, 4, 4, 7, 2, 4], [5, 6, 1, 3, 3, 7, 2, 3, 3, 4], [5, 6, 2, 3, 1, 2, 2, 7, 3, 4], [5, 6, 2, 3, 1, 2, 3, 4, 2, 7], [5, 6, 2, 3, 3, 4, 1, 2, 2, 7]], 
     table([(0)=[{15}, {}, {}],(1)=[{16}, {[3, 15, 16]}, {}],(2)=[{11, 14}, {[2, 11, 16], [4, 14, 16]}, {}],(3)=[{9, 13}, {[3, 13, 14], [4, 9, 11]}, {}],(4)=[{3, 6, 7, 12}, {[2, 3, 13], [2, 7, 9], [3, 6, 9], [4, 12, 13]}, {}],(5)=[{2, 4, 8}, {[2, 2, 6], [2, 4, 12], [4, 2, 3], [4, 7, 8]}, {}],(6)=[{1, 5, 10}, {[2, 8, 10], [3, 1, 4], [3, 2, 5], [3, 8, 10], [4, 4, 5]}, {}]]) ], 

  [ [[2, 3], [2, 4], [3, 4], [1, 3], [1, 4], [1, 2], [1, 2, 4], [1, 3], [1, 3], [1, 3, 4], [1, 4], [2], [2, 4], [2, 3], [2, 4], [3]], 
     {[2, 1, 9], [2, 2, 10], [2, 4, 12], [2, 5, 13], [2, 8, 14], [2, 11, 15], [3, 2, 3], [3, 4, 6], [3, 7, 8], [3, 9, 12], [3, 10, 15], [3, 13, 16], [4, 1, 2], [4, 4, 5], [4, 7, 8], [4, 9, 11], [4, 13, 14], [4, 15, 16]}, 
     [[2, 3, 3, 7, 4, 5, 1, 3, 5, 6], [2, 3, 3, 7, 4, 5, 5, 6, 1, 3], [2, 3, 4, 5, 3, 7, 5, 6, 1, 3], [2, 7, 1, 2, 4, 5, 2, 3, 5, 6], [2, 7, 1, 2, 4, 5, 5, 6, 2, 3], [2, 7, 4, 5, 1, 2, 2, 3, 5, 6], [2, 7, 4, 5, 1, 2, 5, 6, 2, 3], [2, 7, 4, 5, 5, 6, 1, 2, 2, 3], [4, 5, 2, 3, 3, 7, 1, 3, 5, 6], [4, 5, 2, 3, 3, 7, 5, 6, 1, 3], [4, 5, 2, 3, 5, 6, 3, 7, 1, 3], [4, 5, 2, 7, 1, 2, 2, 3, 5, 6], [4, 5, 2, 7, 1, 2, 5, 6, 2, 3], [4, 5, 2, 7, 5, 6, 1, 2, 2, 3], [4, 5, 5, 6, 2, 3, 3, 7, 1, 3], [4, 5, 5, 6, 2, 7, 1, 2, 2, 3]], 
     table([(0)=[{6}, {}, {}],(1)=[{4}, {[3, 4, 6]}, {}],(2)=[{5, 12}, {[2, 4, 12], [4, 4, 5]}, {}],(3)=[{9, 13}, {[2, 5, 13], [3, 9, 12]}, {}],(4)=[{1, 11, 14, 16}, {[2, 1, 9], [3, 13, 16], [4, 9, 11], [4, 13, 14]}, {}],(5)=[{2, 8, 15}, {[2, 8, 14], [2, 11, 15], [4, 1, 2], [4, 15, 16]}, {}],(6)=[{3, 7, 10}, {[2, 2, 10], [3, 2, 3], [3, 7, 8], [3, 10, 15], [4, 7, 8]}, {}]]) ], 

  [ [[1, 3, 4], [2, 4], [2, 3], [1, 4], [1, 3], [1, 2, 4], [1, 3], [1, 2], [3, 4], [2, 4], [2, 3], [2, 4], [3], [1, 4], [1, 3], [2]], 
     {[2, 1, 2], [2, 3, 15], [2, 4, 10], [2, 5, 16], [2, 7, 11], [2, 12, 14], [3, 1, 2], [3, 5, 8], [3, 6, 7], [3, 9, 12], [3, 10, 13], [3, 15, 16], [4, 2, 3], [4, 4, 5], [4, 6, 7], [4, 10, 11], [4, 12, 13], [4, 14, 15]}, 
     [[2, 5, 3, 4, 5, 6, 4, 5, 1, 4], [2, 5, 5, 6, 3, 4, 4, 5, 1, 4], [2, 5, 5, 6, 3, 5, 1, 3, 3, 4], [2, 6, 1, 2, 3, 4, 4, 5, 2, 4], [2, 6, 1, 2, 3, 5, 2, 3, 3, 4], [2, 6, 3, 4, 1, 2, 4, 5, 2, 4], [2, 6, 3, 4, 4, 5, 1, 2, 2, 4], [2, 6, 3, 5, 1, 2, 2, 3, 3, 4], [3, 4, 2, 5, 5, 6, 4, 5, 1, 4], [3, 4, 2, 6, 1, 2, 4, 5, 2, 4], [3, 4, 2, 6, 4, 5, 1, 2, 2, 4], [3, 4, 4, 5, 2, 4, 4, 6, 1, 4], [3, 4, 4, 5, 2, 6, 1, 2, 2, 4], [3, 5, 2, 3, 3, 4, 4, 6, 1, 4], [3, 5, 2, 3, 3, 6, 1, 3, 3, 4], [3, 5, 2, 6, 1, 2, 2, 3, 3, 4]], 
     table([(0)=[{8}, {}, {}],(1)=[{5}, {[3, 5, 8]}, {}],(2)=[{4, 16}, {[2, 5, 16], [4, 4, 5]}, {}],(3)=[{10, 15}, {[2, 4, 10], [3, 15, 16]}, {}],(4)=[{3, 11, 13, 14}, {[2, 3, 15], [3, 10, 13], [4, 10, 11], [4, 14, 15]}, {}],(5)=[{2, 7, 12}, {[2, 7, 11], [2, 12, 14], [4, 2, 3], [4, 12, 13]}, {}],(6)=[{1, 6, 9}, {[2, 1, 2], [3, 1, 2], [3, 6, 7], [3, 9, 12], [4, 6, 7]}, {}]]) ], 

 NULL]:
