Isomorphism_Classes[5,11]:=[

#################################################################
### The symmetric function = s[3, 2] + s[3, 1, 1]   has 4 graph isomorphism types.

  [ [[3, 4], [2, 4], [2, 3], [2, 4], [3], [1, 4], [1, 3], [1, 2], [1, 4], [1, 3], [2]], 
     {[2, 2, 6], [2, 3, 7], [2, 4, 9], [2, 10, 11], [3, 1, 4], [3, 2, 5], [3, 7, 8], [3, 10, 11], [4, 2, 3], [4, 4, 5], [4, 6, 7], [4, 9, 10]}, 
     [[1, 2, 3, 4, 4, 7, 5, 6, 2, 4], [1, 2, 3, 7, 2, 3, 5, 6, 3, 4], [1, 2, 3, 7, 5, 6, 2, 3, 3, 4], [1, 2, 5, 6, 3, 4, 4, 7, 2, 4], [1, 2, 5, 6, 3, 7, 2, 3, 3, 4], [3, 7, 1, 2, 2, 3, 5, 6, 3, 4], [3, 7, 1, 2, 5, 6, 2, 3, 3, 4], [3, 7, 5, 6, 1, 2, 2, 3, 3, 4], [5, 6, 1, 2, 3, 4, 4, 7, 2, 4], [5, 6, 1, 2, 3, 7, 2, 3, 3, 4], [5, 6, 3, 7, 1, 2, 2, 3, 3, 4]], 
     table([(0)=[{8}, {}, {}],(1)=[{7}, {[3, 7, 8]}, {}],(2)=[{3, 6}, {[2, 3, 7], [4, 6, 7]}, {}],(3)=[{2}, {[2, 2, 6], [4, 2, 3]}, {}],(4)=[{5}, {[3, 2, 5]}, {}],(5)=[{4}, {[4, 4, 5]}, {}],(6)=[{1, 9}, {[2, 4, 9], [3, 1, 4]}, {}],(7)=[{10}, {[4, 9, 10]}, {}],(8)=[{11}, {[2, 10, 11], [3, 10, 11]}, {}]]) ], 

  [ [[3, 4], [2, 4], [2, 3], [1, 4], [1, 3], [1, 2], [2, 4], [3], [1, 4], [1, 3], [2]], 
     {[2, 2, 4], [2, 3, 10], [2, 5, 11], [2, 7, 9], [3, 1, 2], [3, 5, 6], [3, 7, 8], [3, 10, 11], [4, 2, 3], [4, 4, 5], [4, 7, 8], [4, 9, 10]}, 
     [[2, 3, 1, 6, 6, 7, 3, 6, 4, 5], [2, 3, 3, 6, 1, 3, 3, 7, 4, 5], [2, 3, 3, 6, 4, 5, 1, 3, 3, 7], [2, 6, 1, 2, 2, 3, 3, 7, 4, 5], [2, 6, 1, 2, 4, 5, 2, 3, 3, 7], [2, 6, 4, 5, 1, 2, 2, 3, 3, 7], [4, 5, 1, 6, 2, 3, 6, 7, 3, 6], [4, 5, 1, 6, 6, 7, 2, 3, 3, 6], [4, 5, 2, 3, 1, 6, 6, 7, 3, 6], [4, 5, 2, 3, 3, 6, 1, 3, 3, 7], [4, 5, 2, 6, 1, 2, 2, 3, 3, 7]], 
     table([(0)=[{6}, {}, {}],(1)=[{5}, {[3, 5, 6]}, {}],(2)=[{4, 11}, {[2, 5, 11], [4, 4, 5]}, {}],(3)=[{2, 10}, {[2, 2, 4], [3, 10, 11]}, {}],(4)=[{1, 3, 9}, {[2, 3, 10], [3, 1, 2], [4, 2, 3], [4, 9, 10]}, {}],(5)=[{7}, {[2, 7, 9]}, {}],(6)=[{8}, {[3, 7, 8], [4, 7, 8]}, {}]]) ], 

  [ [[3, 4], [2, 4], [2, 3], [2, 4], [3], [1, 4], [1, 3], [1, 2], [1, 4], [1, 3], [2]], 
     {[2, 2, 6], [2, 3, 10], [2, 4, 9], [2, 7, 11], [3, 1, 4], [3, 2, 5], [3, 7, 8], [3, 10, 11], [4, 2, 3], [4, 4, 5], [4, 6, 7], [4, 9, 10]}, 
     [[2, 3, 3, 4, 4, 7, 5, 6, 1, 4], [2, 3, 3, 7, 1, 3, 5, 6, 3, 4], [2, 3, 3, 7, 5, 6, 1, 3, 3, 4], [2, 3, 5, 6, 3, 4, 4, 7, 1, 4], [2, 3, 5, 6, 3, 7, 1, 3, 3, 4], [2, 7, 1, 2, 2, 3, 5, 6, 3, 4], [2, 7, 1, 2, 5, 6, 2, 3, 3, 4], [2, 7, 5, 6, 1, 2, 2, 3, 3, 4], [5, 6, 2, 3, 3, 4, 4, 7, 1, 4], [5, 6, 2, 3, 3, 7, 1, 3, 3, 4], [5, 6, 2, 7, 1, 2, 2, 3, 3, 4]], 
     table([(0)=[{8}, {}, {}],(1)=[{7}, {[3, 7, 8]}, {}],(2)=[{6, 11}, {[2, 7, 11], [4, 6, 7]}, {}],(3)=[{2, 10}, {[2, 2, 6], [3, 10, 11]}, {}],(4)=[{3, 5, 9}, {[2, 3, 10], [3, 2, 5], [4, 2, 3], [4, 9, 10]}, {}],(5)=[{4}, {[2, 4, 9], [4, 4, 5]}, {}],(6)=[{1}, {[3, 1, 4]}, {}]]) ], 

  [ [[2, 3], [2, 4], [3, 4], [1, 3], [1, 4], [1, 2], [1, 3], [1, 4], [2], [2, 4], [3]], 
     {[2, 1, 7], [2, 2, 8], [2, 4, 9], [2, 5, 10], [3, 2, 3], [3, 4, 6], [3, 7, 9], [3, 10, 11], [4, 1, 2], [4, 4, 5], [4, 7, 8], [4, 10, 11]}, 
     [[2, 3, 3, 6, 4, 5, 1, 3, 6, 7], [2, 3, 3, 6, 4, 5, 6, 7, 1, 3], [2, 3, 3, 6, 6, 7, 4, 5, 1, 3], [2, 6, 1, 2, 4, 5, 2, 3, 6, 7], [2, 6, 1, 2, 4, 5, 6, 7, 2, 3], [2, 6, 4, 5, 1, 2, 2, 3, 6, 7], [4, 5, 2, 3, 3, 6, 1, 3, 6, 7], [4, 5, 2, 3, 3, 6, 6, 7, 1, 3], [4, 5, 2, 6, 1, 2, 2, 3, 6, 7], [4, 5, 2, 6, 1, 2, 6, 7, 2, 3], [4, 5, 2, 6, 6, 7, 1, 2, 2, 3]], 
     table([(0)=[{6}, {}, {}],(1)=[{4}, {[3, 4, 6]}, {}],(2)=[{5, 9}, {[2, 4, 9], [4, 4, 5]}, {}],(3)=[{7, 10}, {[2, 5, 10], [3, 7, 9]}, {}],(4)=[{1, 8, 11}, {[2, 1, 7], [3, 10, 11], [4, 7, 8], [4, 10, 11]}, {}],(5)=[{2}, {[2, 2, 8], [4, 1, 2]}, {}],(6)=[{3}, {[3, 2, 3]}, {}]]) ], 

#################################################################
### The symmetric function = s[3, 1, 1] + s[2, 2, 1]   has 4 graph isomorphism types.

  [ [[3, 4], [2, 3], [2, 4], [1, 3, 4], [2, 4], [2, 3], [1, 3], [1, 4], [1, 2, 4], [1, 2], [1, 3]], 
     {[2, 2, 7], [2, 3, 8], [2, 4, 5], [2, 6, 11], [3, 1, 3], [3, 4, 5], [3, 7, 9], [3, 10, 11], [4, 2, 3], [4, 5, 6], [4, 7, 8], [4, 9, 11]}, 
     [[1, 2, 3, 4, 6, 7, 2, 6, 4, 5], [1, 2, 6, 7, 2, 6, 3, 4, 4, 5], [1, 2, 6, 7, 3, 4, 2, 6, 4, 5], [3, 4, 1, 2, 6, 7, 2, 6, 4, 5], [3, 4, 6, 7, 1, 2, 2, 6, 4, 5], [3, 4, 6, 7, 4, 5, 1, 2, 2, 6], [6, 7, 1, 2, 2, 6, 3, 4, 4, 5], [6, 7, 1, 2, 3, 4, 2, 6, 4, 5], [6, 7, 3, 4, 1, 2, 2, 6, 4, 5], [6, 7, 3, 4, 1, 2, 4, 5, 2, 6], [6, 7, 3, 4, 4, 5, 1, 2, 2, 6]], 
     table([(0)=[{10}, {}, {}],(1)=[{11}, {[3, 10, 11]}, {}],(2)=[{6, 9}, {[2, 6, 11], [4, 9, 11]}, {}],(3)=[{5, 7}, {[3, 7, 9], [4, 5, 6]}, {}],(4)=[{2, 4, 8}, {[2, 2, 7], [2, 4, 5], [3, 4, 5], [4, 7, 8]}, {}],(5)=[{3}, {[2, 3, 8], [4, 2, 3]}, {}],(6)=[{1}, {[3, 1, 3]}, {}]]) ], 

  [ [[2, 3], [2, 4], [3, 4], [1, 3], [1, 3, 4], [1, 4], [1, 2, 4], [1, 2], [1, 3], [2, 4], [2, 3]], 
     {[2, 1, 4], [2, 2, 5], [2, 6, 10], [2, 9, 11], [3, 2, 3], [3, 4, 7], [3, 5, 10], [3, 8, 9], [4, 1, 2], [4, 4, 6], [4, 7, 9], [4, 10, 11]}, 
     [[1, 3, 3, 7, 4, 5, 2, 3, 5, 6], [1, 3, 3, 7, 4, 5, 5, 6, 2, 3], [1, 3, 4, 5, 3, 7, 5, 6, 2, 3], [4, 5, 1, 3, 3, 7, 2, 3, 5, 6], [4, 5, 1, 3, 3, 7, 5, 6, 2, 3], [4, 5, 1, 3, 5, 6, 3, 7, 2, 3], [4, 5, 2, 3, 1, 2, 2, 7, 5, 6], [4, 5, 2, 3, 1, 2, 5, 6, 2, 7], [4, 5, 2, 3, 5, 6, 1, 2, 2, 7], [4, 5, 5, 6, 1, 3, 3, 7, 2, 3], [4, 5, 5, 6, 2, 3, 1, 2, 2, 7]], 
     table([(0)=[{8}, {}, {}],(1)=[{9}, {[3, 8, 9]}, {}],(2)=[{7, 11}, {[2, 9, 11], [4, 7, 9]}, {}],(3)=[{4, 10}, {[3, 4, 7], [4, 10, 11]}, {}],(4)=[{1, 5, 6}, {[2, 1, 4], [2, 6, 10], [3, 5, 10], [4, 4, 6]}, {}],(5)=[{2}, {[2, 2, 5], [4, 1, 2]}, {}],(6)=[{3}, {[3, 2, 3]}, {}]]) ], 

  [ [[2, 3], [2, 4], [3, 4], [1, 2, 4], [1, 2], [1, 3], [1, 3, 4], [1, 3], [1, 4], [2, 3], [2, 4]], 
     {[2, 1, 6], [2, 2, 7], [2, 8, 10], [2, 9, 11], [3, 2, 3], [3, 4, 6], [3, 5, 8], [3, 7, 11], [4, 1, 2], [4, 4, 6], [4, 8, 9], [4, 10, 11]}, 
     [[1, 4, 4, 8, 5, 6, 2, 3, 6, 7], [1, 4, 4, 8, 5, 6, 6, 7, 2, 3], [1, 4, 5, 6, 4, 8, 6, 7, 2, 3], [5, 6, 1, 4, 2, 3, 4, 8, 6, 7], [5, 6, 1, 4, 2, 3, 6, 7, 4, 8], [5, 6, 1, 4, 4, 8, 2, 3, 6, 7], [5, 6, 1, 4, 4, 8, 6, 7, 2, 3], [5, 6, 1, 4, 6, 7, 2, 3, 4, 8], [5, 6, 1, 4, 6, 7, 4, 8, 2, 3], [5, 6, 6, 7, 1, 4, 2, 3, 4, 8], [5, 6, 6, 7, 1, 4, 4, 8, 2, 3]], 
     table([(0)=[{5}, {}, {}],(1)=[{8}, {[3, 5, 8]}, {}],(2)=[{9, 10}, {[2, 8, 10], [4, 8, 9]}, {}],(3)=[{11}, {[2, 9, 11], [4, 10, 11]}, {}],(4)=[{7}, {[3, 7, 11]}, {}],(5)=[{2}, {[2, 2, 7]}, {}],(6)=[{1, 3}, {[3, 2, 3], [4, 1, 2]}, {}],(7)=[{6}, {[2, 1, 6]}, {}],(8)=[{4}, {[3, 4, 6], [4, 4, 6]}, {}]]) ], 

  [ [[1, 3, 4], [2, 4], [2, 3], [3, 4], [2, 4], [2, 3], [1, 4], [1, 3], [1, 2, 4], [1, 2], [1, 3]], 
     {[2, 1, 2], [2, 3, 8], [2, 5, 7], [2, 6, 11], [3, 1, 2], [3, 4, 5], [3, 8, 9], [3, 10, 11], [4, 2, 3], [4, 5, 6], [4, 7, 8], [4, 9, 11]}, 
     [[1, 5, 3, 4, 5, 6, 4, 5, 2, 4], [1, 5, 5, 6, 3, 4, 4, 5, 2, 4], [1, 5, 5, 6, 3, 5, 2, 3, 3, 4], [3, 4, 1, 5, 5, 6, 4, 5, 2, 4], [3, 4, 4, 5, 1, 4, 4, 6, 2, 4], [3, 4, 4, 5, 2, 4, 1, 2, 2, 6], [3, 5, 1, 3, 3, 4, 4, 6, 2, 4], [3, 5, 1, 3, 3, 6, 2, 3, 3, 4], [3, 5, 2, 3, 1, 2, 2, 6, 3, 4], [3, 5, 2, 3, 1, 2, 3, 4, 2, 6], [3, 5, 2, 3, 3, 4, 1, 2, 2, 6]], 
     table([(0)=[{10}, {}, {}],(1)=[{11}, {[3, 10, 11]}, {}],(2)=[{6, 9}, {[2, 6, 11], [4, 9, 11]}, {}],(3)=[{5, 8}, {[3, 8, 9], [4, 5, 6]}, {}],(4)=[{3, 4, 7}, {[2, 3, 8], [2, 5, 7], [3, 4, 5], [4, 7, 8]}, {}],(5)=[{2}, {[4, 2, 3]}, {}],(6)=[{1}, {[2, 1, 2], [3, 1, 2]}, {}]]) ], 

 NULL]:
