Isomorphism_Classes[5,20]:=[

#################################################################
### The symmetric function = s[4, 1] + s[3, 2] + s[3, 1, 1] + s[2, 2, 1]   has 1 graph isomorphism type.

  [ [[3, 4], [2, 3], [2, 4], [1, 3], [1, 3, 4], [1, 4], [1], [1, 4], [1, 3], [1, 2, 4], [1, 2], [1, 3], [2, 4], [2], [2, 3], [4], [3], [2, 4], [2], [3]], 
     {[2, 2, 4], [2, 3, 5], [2, 6, 18], [2, 7, 19], [2, 8, 13], [2, 9, 14], [2, 12, 15], [3, 1, 3], [3, 4, 10], [3, 5, 13], [3, 9, 14], [3, 11, 12], [3, 17, 18], [3, 19, 20], [4, 2, 3], [4, 4, 6], [4, 8, 9], [4, 10, 12], [4, 13, 15], [4, 16, 17], [4, 18, 20]}, 
     [[1, 5, 5, 6, 6, 7, 2, 6, 3, 4], [1, 5, 5, 7, 2, 5, 3, 4, 5, 6], [1, 5, 5, 7, 2, 5, 5, 6, 3, 4], [2, 5, 1, 2, 2, 7, 3, 4, 5, 6], [2, 5, 1, 2, 2, 7, 5, 6, 3, 4], [2, 5, 1, 2, 3, 4, 2, 7, 5, 6], [2, 5, 1, 2, 3, 4, 5, 6, 2, 7], [2, 5, 1, 2, 5, 6, 2, 7, 3, 4], [2, 5, 1, 2, 5, 6, 3, 4, 2, 7], [2, 5, 3, 4, 1, 2, 2, 7, 5, 6], [2, 5, 3, 4, 1, 2, 5, 6, 2, 7], [2, 5, 3, 4, 5, 6, 1, 2, 2, 7], [2, 5, 5, 6, 1, 2, 2, 7, 3, 4], [2, 5, 5, 6, 1, 2, 3, 4, 2, 7], [2, 5, 5, 6, 3, 4, 1, 2, 2, 7], [3, 4, 1, 5, 5, 6, 6, 7, 2, 6], [3, 4, 1, 5, 5, 7, 2, 5, 5, 6], [3, 4, 2, 5, 1, 2, 2, 7, 5, 6], [3, 4, 2, 5, 1, 2, 5, 6, 2, 7], [3, 4, 2, 5, 5, 6, 1, 2, 2, 7]], 
     table([(0)=[{7}, {}, {}],(1)=[{19}, {[2, 7, 19]}, {}],(2)=[{20}, {[3, 19, 20]}, {}],(3)=[{18}, {[4, 18, 20]}, {}],(4)=[{6, 17}, {[2, 6, 18], [3, 17, 18]}, {}],(5)=[{4, 16}, {[4, 4, 6], [4, 16, 17]}, {}],(6)=[{2, 10}, {[2, 2, 4], [3, 4, 10]}, {}],(7)=[{3, 12}, {[4, 2, 3], [4, 10, 12]}, {}],(9)=[{13}, {[3, 5, 13], [4, 13, 15]}, {}],(8)=[{1, 5, 11, 15}, {[2, 3, 5], [2, 12, 15], [3, 1, 3], [3, 11, 12]}, {}],(11)=[{9}, {[4, 8, 9]}, {}],(10)=[{8}, {[2, 8, 13]}, {}],(12)=[{14}, {[2, 9, 14], [3, 9, 14]}, {}]]) ], 

#################################################################
### The symmetric function = s[3, 2] + s[3, 1, 1] + s[2, 2, 1] + s[2, 1, 1, 1]   has 1 graph isomorphism type.

  [ [[2, 3, 4], [1, 4], [1, 3, 4], [1, 3], [1, 2, 4], [1, 3], [1, 2, 4], [1, 2], [1, 2, 3], [3, 4], [2, 4], [2, 3], [2, 4], [3], [1, 3, 4], [2, 4], [2], [2, 3], [1, 4], [1, 3]], 
     {[2, 1, 15], [2, 2, 11], [2, 3, 16], [2, 4, 17], [2, 6, 12], [2, 13, 19], [2, 18, 20], [3, 3, 7], [3, 4, 8], [3, 5, 6], [3, 10, 13], [3, 11, 14], [3, 15, 16], [3, 17, 20], [4, 2, 4], [4, 5, 6], [4, 7, 9], [4, 11, 12], [4, 13, 14], [4, 16, 18], [4, 19, 20]}, 
     [[2, 5, 5, 8, 6, 7, 1, 5, 3, 4], [2, 8, 1, 2, 3, 4, 6, 7, 2, 5], [2, 8, 1, 2, 6, 7, 2, 5, 3, 4], [2, 8, 1, 2, 6, 7, 3, 4, 2, 5], [2, 8, 3, 4, 1, 2, 6, 7, 2, 5], [2, 8, 3, 4, 6, 7, 1, 2, 2, 5], [2, 8, 6, 7, 1, 2, 2, 5, 3, 4], [2, 8, 6, 7, 1, 2, 3, 4, 2, 5], [2, 8, 6, 7, 3, 4, 1, 2, 2, 5], [3, 4, 2, 5, 5, 8, 6, 7, 1, 5], [3, 4, 2, 8, 1, 2, 6, 7, 2, 5], [3, 4, 2, 8, 6, 7, 1, 2, 2, 5], [3, 4, 6, 7, 2, 5, 5, 8, 1, 5], [3, 4, 6, 7, 2, 8, 1, 2, 2, 5], [6, 7, 2, 5, 5, 8, 1, 5, 3, 4], [6, 7, 2, 8, 1, 2, 2, 5, 3, 4], [6, 7, 2, 8, 1, 2, 3, 4, 2, 5], [6, 7, 2, 8, 3, 4, 1, 2, 2, 5], [6, 7, 3, 4, 2, 5, 5, 8, 1, 5], [6, 7, 3, 4, 2, 8, 1, 2, 2, 5]], 
     table([(0)=[{8}, {}, {}],(1)=[{4}, {[3, 4, 8]}, {}],(2)=[{2, 17}, {[2, 4, 17], [4, 2, 4]}, {}],(3)=[{11, 20}, {[2, 2, 11], [3, 17, 20]}, {}],(4)=[{12, 14, 18, 19}, {[2, 18, 20], [3, 11, 14], [4, 11, 12], [4, 19, 20]}, {}],(5)=[{6, 13, 16}, {[2, 6, 12], [2, 13, 19], [4, 13, 14], [4, 16, 18]}, {}],(6)=[{3, 5, 10, 15}, {[2, 3, 16], [3, 5, 6], [3, 10, 13], [3, 15, 16], [4, 5, 6]}, {}],(7)=[{1, 7}, {[2, 1, 15], [3, 3, 7]}, {}],(8)=[{9}, {[4, 7, 9]}, {}]]) ], 

 NULL]:
