##############################################################################
#
#  Data for the enumerative problem
#  Xe4 Ye2 Z111  = 7 on Schubert
#  15000 iterations planned  
#
##############################################################################
FlagVariety:=[2, 3, 4, 5]:
Label := "Xe4 Ye2 Z111 ":
EnumerativeProblem:=[ [1, 3, 2, 4, 5] ,[1, 3, 2, 4, 5]
                     ,[1, 3, 2, 4, 5] ,[1, 3, 2, 4, 5]
                     ,[1, 2, 4, 3, 5] ,[1, 2, 4, 3, 5]
                     ,[1, 3, 4, 5, 2]]:
NumberOfSolutions := 7:
Necklaces:=[ [1, 2, 3, 4, 5, 6] ,[1, 2, 3, 4, 6, 5]
            ,[1, 2, 4, 3, 5, 6] ,[1, 2, 4, 3, 6, 5]
            ,[1, 2, 5, 3, 4, 6] ,[1, 3, 4, 2, 5, 6]
            ,[1, 3, 5, 2, 4, 6] ,[1, 3, 5, 2, 6, 4]
            ,[1, 4, 5, 2, 3, 6]]:
Points:=[[3, 22],[5, 21],[7, 21],[9, 20],[11, 19],[13, 18],[15, 16]
       ,[16, 15],[18, 13],[19, 11],[20, 9],[21, 7],[21, 5],[22, 3]
       ,[22, 0],[22, -2],[22, -4],[21, -6],[20, -8],[19, -10],[18, -12]
       ,[17, -14],[15, -16],[14, -17],[12, -18],[10, -20],[8, -20],[6, -21]
       ,[4, -22],[1, -22] ]:
PointSelection := "QuasiUniformPointsAss(30,22)":
Machine := "Schubert":
NumberOfIterations := 15000:
##############################################################################
Instance:=15000:
PreTime:=   5570.44:
GroebnerTime:=  18393.82:
RealTime:=   4588.05:
Table:=[[0,0,0,15000]
       ,[0,0,0,15000]
       ,[752,3363,5631,5254]
       ,[0,2697,5938,6365]
       ,[0,1466,3584,9950]
       ,[0,1654,7570,5776]
       ,[2219,3318,5275,4188]
       ,[19,1437,8315,5229]
       ,[0,42,6298,8660]]:
CoefficientHeight:=   31.3:
