##############################################################################
#
#  Data for the enumerative problem
#  A32VWe5 = 5 on Praxis
#
##############################################################################
FlagVariety:=[1, 2, 6]:
Label := "A32VWe5":
EnumerativeProblem:=[ [3, 2, 1, 4, 5, 6] ,[2, 1, 3, 4, 5, 6]
                     ,[1, 3, 2, 4, 5, 6] ,[1, 3, 2, 4, 5, 6]
                     ,[1, 3, 2, 4, 5, 6] ,[1, 3, 2, 4, 5, 6]
                     ,[1, 3, 2, 4, 5, 6]]:
NumberOfSolutions := 5:
Necklaces:=[ [1, 2, 3, 4, 5, 6] ,[2, 1, 3, 4, 5, 6]
            ,[3, 1, 2, 4, 5, 6]]:
Points:=[[9, 66],[16, 65],[22, 63],[28, 61],[34, 57],[40, 54],[45, 49]
       ,[50, 44],[54, 39],[58, 34],[61, 27],[64, 21],[65, 15],[67, 8]
       ,[67, 1],[67, -6],[66, -12],[64, -19],[62, -25],[59, -32],[56, -37]
       ,[52, -43],[47, -48],[42, -52],[36, -56],[31, -60],[24, -62],[18, -65]
       ,[11, -66],[5, -67] ]:
PointSelection := "QuasiUniformPointsAss(30,67)":
Machine := "Praxis":
##############################################################################
Instance:=25000:
PreTime:=   6472.64:
GroebnerTime:=   2337.23:
RealTime:=   2037.26:
Table:=[[0,0,25000]
       ,[5421,6490,13089]
       ,[1763,12201,11036]]:
CoefficientHeight:=   59.8:
