##############################################################################
#
#  Data for the enumerative problem
#  V2Ve2We5 = 4 on Newton
#
##############################################################################
FlagVariety:=[1, 2, 6]:
Label := "V2Ve2We5":
EnumerativeProblem:=[ [3, 1, 2, 4, 5, 6] ,[2, 1, 3, 4, 5, 6]
                     ,[2, 1, 3, 4, 5, 6] ,[1, 3, 2, 4, 5, 6]
                     ,[1, 3, 2, 4, 5, 6] ,[1, 3, 2, 4, 5, 6]
                     ,[1, 3, 2, 4, 5, 6] ,[1, 3, 2, 4, 5, 6]
                    ]:
NumberOfSolutions := 4:
Necklaces:=[ [1, 2, 3, 4, 5, 6, 7] ,[1, 3, 2, 4, 5, 6, 7]
            ,[1, 4, 2, 3, 5, 6, 7] ,[1, 5, 2, 3, 4, 6, 7]
            ,[1, 6, 2, 3, 4, 5, 7] ,[1, 7, 2, 3, 4, 5, 6]
            ,[2, 3, 1, 4, 5, 6, 7] ,[2, 4, 1, 3, 5, 6, 7]
            ,[2, 5, 1, 3, 4, 6, 7] ,[2, 6, 1, 3, 4, 5, 7]
            ,[3, 4, 1, 2, 5, 6, 7] ,[3, 5, 1, 2, 4, 6, 7]
           ]:
Points:=[[9, 66],[16, 65],[22, 63],[28, 61],[34, 57],[40, 54],[45, 49]
       ,[50, 44],[54, 39],[58, 34],[61, 27],[64, 21],[65, 15],[67, 8]
       ,[67, 1],[67, -6],[66, -12],[64, -19],[62, -25],[59, -32],[56, -37]
       ,[52, -43],[47, -48],[42, -52],[36, -56],[31, -60],[24, -62],[18, -65]
       ,[11, -66],[5, -67] ]:
PointSelection := "QuasiUniformPointsAss(30,67)":
Machine := "Newton":
##############################################################################
Instance:=25000:
PreTime:=   6868.17:
GroebnerTime:=   9600.29:
RealTime:=   3424.69:
Table:=[[0,0,25000]
       ,[0,3391,21609]
       ,[0,12537,12463]
       ,[0,11576,13424]
       ,[0,3061,21939]
       ,[0,0,25000]
       ,[0,3314,21686]
       ,[95,11336,13569]
       ,[566,16047,8387]
       ,[343,6827,17830]
       ,[0,11096,13904]
       ,[936,18793,5271]]:
CoefficientHeight:=   42.3:
