##############################################################################
#
#  Data for the enumerative problem
#  W11Ve2We5 = 5 on rcf1422-2
#
##############################################################################
FlagVariety:=[1, 2, 6]:
Label := "W11Ve2We5":
EnumerativeProblem:=[ [2, 3, 1, 4, 5, 6] ,[2, 1, 3, 4, 5, 6]
                     ,[2, 1, 3, 4, 5, 6] ,[1, 3, 2, 4, 5, 6]
                     ,[1, 3, 2, 4, 5, 6] ,[1, 3, 2, 4, 5, 6]
                     ,[1, 3, 2, 4, 5, 6] ,[1, 3, 2, 4, 5, 6]
                    ]:
NumberOfSolutions := 5:
Necklaces:=[ [1, 2, 3, 4, 5, 6, 7] ,[1, 3, 2, 4, 5, 6, 7]
            ,[1, 4, 2, 3, 5, 6, 7] ,[1, 5, 2, 3, 4, 6, 7]
            ,[1, 6, 2, 3, 4, 5, 7] ,[1, 7, 2, 3, 4, 5, 6]
            ,[2, 3, 1, 4, 5, 6, 7] ,[2, 4, 1, 3, 5, 6, 7]
            ,[2, 5, 1, 3, 4, 6, 7] ,[2, 6, 1, 3, 4, 5, 7]
            ,[3, 4, 1, 2, 5, 6, 7] ,[3, 5, 1, 2, 4, 6, 7]
           ]:
Points:=[[9, 66],[16, 65],[22, 63],[28, 61],[34, 57],[40, 54],[45, 49]
       ,[50, 44],[54, 39],[58, 34],[61, 27],[64, 21],[65, 15],[67, 8]
       ,[67, 1],[67, -6],[66, -12],[64, -19],[62, -25],[59, -32],[56, -37]
       ,[52, -43],[47, -48],[42, -52],[36, -56],[31, -60],[24, -62],[18, -65]
       ,[11, -66],[5, -67] ]:
PointSelection := "QuasiUniformPointsAss(30,67)":
Machine := "rcf1422-2":
##############################################################################
Instance:=25000:
PreTime:=  13713.03:
GroebnerTime:=  35143.89:
RealTime:=   9769.55:
Table:=[[0,0,25000]
       ,[5520,5920,13560]
       ,[2654,11759,10587]
       ,[695,11595,12710]
       ,[5114,7665,12221]
       ,[0,0,25000]
       ,[0,0,25000]
       ,[6585,7511,10904]
       ,[1167,13174,10659]
       ,[2175,13787,9038]
       ,[0,0,25000]
       ,[4985,8314,11701]]:
CoefficientHeight:=   82.6:
