##############################################################################
#
#  Data for the enumerative problem
#  W21Ve2We4 = 5 on rcf1422-2
#
##############################################################################
FlagVariety:=[1, 2, 6]:
Label := "W21Ve2We4":
EnumerativeProblem:=[ [2, 4, 1, 3, 5, 6] ,[2, 1, 3, 4, 5, 6]
                     ,[2, 1, 3, 4, 5, 6] ,[1, 3, 2, 4, 5, 6]
                     ,[1, 3, 2, 4, 5, 6] ,[1, 3, 2, 4, 5, 6]
                     ,[1, 3, 2, 4, 5, 6]]:
NumberOfSolutions := 5:
Necklaces:=[ [1, 2, 3, 4, 5, 6] ,[1, 3, 2, 4, 5, 6]
            ,[1, 4, 2, 3, 5, 6] ,[1, 5, 2, 3, 4, 6]
            ,[1, 6, 2, 3, 4, 5] ,[2, 3, 1, 4, 5, 6]
            ,[2, 4, 1, 3, 5, 6] ,[2, 5, 1, 3, 4, 6]
            ,[3, 4, 1, 2, 5, 6]]:
Points:=[[9, 66],[16, 65],[22, 63],[28, 61],[34, 57],[40, 54],[45, 49]
       ,[50, 44],[54, 39],[58, 34],[61, 27],[64, 21],[65, 15],[67, 8]
       ,[67, 1],[67, -6],[66, -12],[64, -19],[62, -25],[59, -32],[56, -37]
       ,[52, -43],[47, -48],[42, -52],[36, -56],[31, -60],[24, -62],[18, -65]
       ,[11, -66],[5, -67] ]:
PointSelection := "QuasiUniformPointsAss(30,67)":
Machine := "rcf1422-2":
##############################################################################
Instance:=25000:
PreTime:=  13045.82:
GroebnerTime:=  10525.46:
RealTime:=   7738.52:
Table:=[[0,0,25000]
       ,[5494,7535,11971]
       ,[1444,12619,10937]
       ,[1846,12665,10489]
       ,[5434,7074,12492]
       ,[0,0,25000]
       ,[5470,7479,12051]
       ,[1640,12386,10974]
       ,[0,0,25000]]:
CoefficientHeight:=   42.2:
