##############################################################################
#
#  Data for the enumerative problem
#  W2Ve2We5 = 9 on Schur
#
##############################################################################
FlagVariety:=[1, 2, 6]:
Label := "W2Ve2We5":
EnumerativeProblem:=[ [1, 4, 2, 3, 5, 6] ,[2, 1, 3, 4, 5, 6]
                     ,[2, 1, 3, 4, 5, 6] ,[1, 3, 2, 4, 5, 6]
                     ,[1, 3, 2, 4, 5, 6] ,[1, 3, 2, 4, 5, 6]
                     ,[1, 3, 2, 4, 5, 6] ,[1, 3, 2, 4, 5, 6]
                    ]:
NumberOfSolutions := 9:
Necklaces:=[ [1, 2, 3, 4, 5, 6, 7] ,[1, 3, 2, 4, 5, 6, 7]
            ,[1, 4, 2, 3, 5, 6, 7] ,[1, 5, 2, 3, 4, 6, 7]
            ,[1, 6, 2, 3, 4, 5, 7] ,[1, 7, 2, 3, 4, 5, 6]
            ,[2, 3, 1, 4, 5, 6, 7] ,[2, 4, 1, 3, 5, 6, 7]
            ,[2, 5, 1, 3, 4, 6, 7] ,[2, 6, 1, 3, 4, 5, 7]
            ,[3, 4, 1, 2, 5, 6, 7] ,[3, 5, 1, 2, 4, 6, 7]
           ]:
Points:=[[9, 66],[16, 65],[22, 63],[28, 61],[34, 57],[40, 54],[45, 49]
       ,[50, 44],[54, 39],[58, 34],[61, 27],[64, 21],[65, 15],[67, 8]
       ,[67, 1],[67, -6],[66, -12],[64, -19],[62, -25],[59, -32],[56, -37]
       ,[52, -43],[47, -48],[42, -52],[36, -56],[31, -60],[24, -62],[18, -65]
       ,[11, -66],[5, -67] ]:
PointSelection := "QuasiUniformPointsAss(30,67)":
Machine := "Schur":
##############################################################################
Instance:=25000:
PreTime:=   3381.89:
GroebnerTime:= 108257.23:
RealTime:=   8526.31:
Table:=[[0,0,0,0,25000]
       ,[0,3953,4918,6317,9812]
       ,[17,584,3445,11603,9351]
       ,[0,1559,3789,13035,6617]
       ,[0,1973,4958,6633,11436]
       ,[0,0,1671,2459,20870]
       ,[0,0,0,0,25000]
       ,[0,4066,6824,5449,8661]
       ,[39,1018,6032,11112,6799]
       ,[0,2355,6154,10032,6459]
       ,[0,0,0,0,25000]
       ,[0,4902,7110,4724,8264]]:
CoefficientHeight:=  121.9:
