##############################################################################
#
#  Data for the enumerative problem
#  We7Ve2 = 14 on Biblios
#
##############################################################################
FlagVariety:=[1, 2, 6]:
Label := "We7Ve2":
EnumerativeProblem:=[ [1, 3, 2, 4, 5, 6] ,[1, 3, 2, 4, 5, 6]
                     ,[1, 3, 2, 4, 5, 6] ,[1, 3, 2, 4, 5, 6]
                     ,[1, 3, 2, 4, 5, 6] ,[1, 3, 2, 4, 5, 6]
                     ,[1, 3, 2, 4, 5, 6] ,[2, 1, 3, 4, 5, 6]
                     ,[2, 1, 3, 4, 5, 6]]:
NumberOfSolutions := 14:
Necklaces:=[ [1, 2, 3, 4, 5, 6, 7, 8] ,[1, 2, 3, 4, 5, 7, 6, 8]
            ,[1, 2, 3, 4, 6, 7, 5, 8] ,[1, 2, 3, 5, 6, 7, 4, 8]
           ]:
Points:=[[9, 66],[16, 65],[22, 63],[28, 61],[34, 57],[40, 54],[45, 49]
       ,[50, 44],[54, 39],[58, 34],[61, 27],[64, 21],[65, 15],[67, 8]
       ,[67, 1],[67, -6],[66, -12],[64, -19],[62, -25],[59, -32],[56, -37]
       ,[52, -43],[47, -48],[42, -52],[36, -56],[31, -60],[24, -62],[18, -65]
       ,[11, -66],[5, -67] ]:
PointSelection := "QuasiUniformPointsAss(30,67)":
Machine := "Biblios":
##############################################################################
Instance:=50000:
PreTime:=   7216.25:
GroebnerTime:= 299754.94:
RealTime:=  10877.69:
Table:=[[0,0,0,0,0,0,0,50000]
       ,[0,0,6455,6503,10205,7673,5308,13856]
       ,[0,102,1268,1085,10143,16287,13053,8062]
       ,[0,0,1445,4578,9697,14635,14936,4709]]:
CoefficientHeight:=  144.2:
