##############################################################################
#
#  Data for the enumerative problem
#  Ve4We5 = 4 on Catalina
#
##############################################################################
FlagVariety:=[1, 2, 6]:
Label := "Ve4We5":
EnumerativeProblem:=[ [2, 1, 3, 4, 5, 6] ,[2, 1, 3, 4, 5, 6]
                     ,[2, 1, 3, 4, 5, 6] ,[2, 1, 3, 4, 5, 6]
                     ,[1, 3, 2, 4, 5, 6] ,[1, 3, 2, 4, 5, 6]
                     ,[1, 3, 2, 4, 5, 6] ,[1, 3, 2, 4, 5, 6]
                     ,[1, 3, 2, 4, 5, 6]]:
NumberOfSolutions := 4:
Necklaces:=[ [1, 2, 3, 4, 5, 6, 7, 8] ,[1, 2, 4, 3, 5, 6, 7, 8]
            ,[1, 2, 5, 3, 4, 6, 7, 8] ,[1, 3, 4, 2, 5, 6, 7, 8]
            ,[1, 3, 5, 2, 4, 6, 7, 8] ,[1, 3, 6, 2, 4, 5, 7, 8]
            ,[1, 3, 7, 2, 4, 5, 6, 8] ,[1, 4, 5, 2, 3, 6, 7, 8]
            ,[1, 4, 6, 2, 3, 5, 7, 8] ,[2, 4, 6, 1, 3, 5, 7, 8]
           ]:
Points:=[[9, 66],[16, 65],[22, 63],[28, 61],[34, 57],[40, 54],[45, 49]
       ,[50, 44],[54, 39],[58, 34],[61, 27],[64, 21],[65, 15],[67, 8]
       ,[67, 1],[67, -6],[66, -12],[64, -19],[62, -25],[59, -32],[56, -37]
       ,[52, -43],[47, -48],[42, -52],[36, -56],[31, -60],[24, -62],[18, -65]
       ,[11, -66],[5, -67] ]:
PointSelection := "QuasiUniformPointsAss(30,67)":
Machine := "Catalina":
##############################################################################
Instance:=25000:
PreTime:=   7696.45:
GroebnerTime:=  11709.19:
RealTime:=   3286.23:
Table:=[[0,0,25000]
       ,[0,3218,21782]
       ,[0,12296,12704]
       ,[0,3480,21520]
       ,[92,12281,12627]
       ,[829,16190,7981]
       ,[466,7531,17003]
       ,[0,11540,13460]
       ,[1309,19153,4538]
       ,[3766,15781,5453]]:
CoefficientHeight:=   57.0:
