##############################################################################
#
#  Data for the enumerative problem
#  V2VWe6 = 9 on Croix
#
##############################################################################
FlagVariety:=[1, 2, 6]:
Label := "V2VWe6":
EnumerativeProblem:=[ [3, 1, 2, 4, 5, 6] ,[2, 1, 3, 4, 5, 6]
                     ,[1, 3, 2, 4, 5, 6] ,[1, 3, 2, 4, 5, 6]
                     ,[1, 3, 2, 4, 5, 6] ,[1, 3, 2, 4, 5, 6]
                     ,[1, 3, 2, 4, 5, 6] ,[1, 3, 2, 4, 5, 6]
                    ]:
NumberOfSolutions := 9:
Necklaces:=[ [1, 2, 3, 4, 5, 6, 7] ,[2, 1, 3, 4, 5, 6, 7]
            ,[3, 1, 2, 4, 5, 6, 7] ,[4, 1, 2, 3, 5, 6, 7]
           ]:
Points:=[[9, 66],[16, 65],[22, 63],[28, 61],[34, 57],[40, 54],[45, 49]
       ,[50, 44],[54, 39],[58, 34],[61, 27],[64, 21],[65, 15],[67, 8]
       ,[67, 1],[67, -6],[66, -12],[64, -19],[62, -25],[59, -32],[56, -37]
       ,[52, -43],[47, -48],[42, -52],[36, -56],[31, -60],[24, -62],[18, -65]
       ,[11, -66],[5, -67] ]:
PointSelection := "QuasiUniformPointsAss(30,67)":
Machine := "Croix":
##############################################################################
Instance:=25000:
PreTime:=   3165.91:
GroebnerTime:=  23376.01:
RealTime:=   2152.30:
Table:=[[0,0,0,0,25000]
       ,[0,1423,4150,3514,15913]
       ,[0,3194,7931,8751,5124]
       ,[0,369,6189,11810,6632]]:
CoefficientHeight:=  101.1:
