##############################################################################
#
#  Data for the enumerative problem
#  A1325 Ze2 Xe4  = 5 on Pieri
#
##############################################################################
FlagVariety:=[2, 4, 5]:
Label := "A1325 Ze2 Xe4 ":
EnumerativeProblem:=[ [1, 3, 2, 5, 4] ,[1, 2, 3, 5, 4]
                     ,[1, 2, 3, 5, 4] ,[1, 3, 2, 4, 5]
                     ,[1, 3, 2, 4, 5] ,[1, 3, 2, 4, 5]
                     ,[1, 3, 2, 4, 5]]:
NumberOfSolutions := 5:
Necklaces:=[ [1, 2, 3, 4, 5, 6] ,[1, 3, 2, 4, 5, 6]
            ,[1, 4, 2, 3, 5, 6] ,[1, 5, 2, 3, 4, 6]
            ,[1, 6, 2, 3, 4, 5] ,[2, 3, 1, 4, 5, 6]
            ,[2, 4, 1, 3, 5, 6] ,[2, 5, 1, 3, 4, 6]
            ,[3, 4, 1, 2, 5, 6]]:
Points:=[[3, 23],[5, 22],[8, 22],[10, 21],[12, 20],[14, 18],[16, 17]
       ,[17, 15],[19, 13],[20, 12],[21, 9],[22, 7],[22, 5],[23, 3]
       ,[23, 0],[23, -2],[23, -4],[22, -7],[21, -9],[20, -11],[19, -13]
       ,[18, -15],[16, -16],[14, -18],[12, -19],[10, -20],[8, -21],[6, -22]
       ,[4, -23],[2, -23] ]:
PointSelection := "QuasiUniformPointsAss(30,23)":
Machine := "Pieri":
##############################################################################
Instance:=15000:
PreTime:=   2414.24:
GroebnerTime:=   2132.04:
RealTime:=   2281.67:
Table:=[[0,0,15000]
       ,[1096,2685,11219]
       ,[98,7880,7022]
       ,[3435,6444,5121]
       ,[3530,2018,9452]
       ,[2940,4187,7873]
       ,[658,7712,6630]
       ,[96,9372,5532]
       ,[632,6611,7757]]:
CoefficientHeight:=   22.7:
