##############################################################################
#
#  Data for the enumerative problem
#  A1325 Ze3 Xe3  = 2 on Schubert
#
##############################################################################
FlagVariety:=[2, 4, 5]:
Label := "A1325 Ze3 Xe3 ":
EnumerativeProblem:=[ [1, 3, 2, 5, 4] ,[1, 2, 3, 5, 4]
                     ,[1, 2, 3, 5, 4] ,[1, 2, 3, 5, 4]
                     ,[1, 3, 2, 4, 5] ,[1, 3, 2, 4, 5]
                     ,[1, 3, 2, 4, 5]]:
NumberOfSolutions := 2:
Necklaces:=[ [1, 2, 3, 4, 5, 6] ,[1, 2, 4, 3, 5, 6]
            ,[1, 2, 5, 3, 4, 6] ,[1, 2, 6, 3, 4, 5]
            ,[1, 3, 4, 2, 5, 6] ,[1, 3, 5, 2, 4, 6]
            ,[1, 3, 6, 2, 4, 5] ,[1, 4, 5, 2, 3, 6]
            ,[2, 3, 4, 1, 5, 6] ,[2, 3, 5, 1, 4, 6]
           ]:
Points:=[[10, 100],[18, 99],[26, 98],[33, 95],[40, 93],[47, 89],[54, 85]
       ,[60, 81],[66, 76],[72, 71],[77, 65],[82, 59],[86, 53],[90, 46]
       ,[93, 39],[96, 32],[98, 24],[100, 17],[101, 9],[101, 1],[101, -6]
       ,[100, -14],[99, -22],[97, -29],[94, -37],[91, -44],[87, -51],[83, -57]
       ,[79, -63],[74, -69],[68, -75],[62, -80],[56, -84],[49, -88],[42, -92]
       ,[35, -95],[28, -97],[20, -99],[13, -100],[5, -101] ]:
PointSelection := "QuasiUniformPointsAss(40,101)":
Machine := "Schubert":
##############################################################################
Instance:=25000:
PreTime:=   4867.46:
GroebnerTime:=   2227.86:
RealTime:=   2344.48:
Table:=[[0,25000]
       ,[0,25000]
       ,[0,25000]
       ,[0,25000]
       ,[0,25000]
       ,[0,25000]
       ,[1193,23807]
       ,[1406,23594]
       ,[0,25000]
       ,[2032,22968]]:
CoefficientHeight:=   23.9:
