##############################################################################
#
#  Data for the enumerative problem
#  A1325e3 Xe2  = 5 on Schur
#
##############################################################################
FlagVariety:=[2, 4, 5]:
Label := "A1325e3 Xe2 ":
EnumerativeProblem:=[ [1, 3, 2, 5, 4] ,[1, 3, 2, 5, 4]
                     ,[1, 3, 2, 5, 4] ,[1, 3, 2, 4, 5]
                     ,[1, 3, 2, 4, 5]]:
NumberOfSolutions := 5:
Necklaces:=[ [1, 2, 3, 4] ,[1, 3, 2, 4]
           ]:
Points:=[[4, 41],[7, 40],[10, 40],[13, 39],[16, 38],[19, 36],[22, 35]
       ,[24, 33],[27, 31],[29, 29],[31, 26],[33, 24],[35, 21],[37, 19]
       ,[38, 16],[39, 13],[40, 10],[40, 7],[41, 4],[41, 1],[41, -3]
       ,[41, -6],[40, -9],[39, -12],[38, -15],[37, -18],[36, -21],[34, -23]
       ,[32, -26],[30, -28],[28, -30],[25, -32],[23, -34],[20, -36],[17, -37]
       ,[14, -38],[11, -39],[8, -40],[5, -41],[2, -41] ]:
PointSelection := "QuasiUniformPointsAss(40,41)":
Machine := "Schur":
##############################################################################
Instance:=15000:
PreTime:=    974.56:
GroebnerTime:=    263.37:
RealTime:=    554.20:
Table:=[[0,0,15000]
       ,[0,0,15000]]:
CoefficientHeight:=   15.4:
