##############################################################################
#
#  Data for the enumerative problem
#  A1325 X2 Ze2 Xe2  = 3 on Schur
#
##############################################################################
FlagVariety:=[2, 4, 5]:
Label := "A1325 X2 Ze2 Xe2 ":
EnumerativeProblem:=[ [1, 3, 2, 5, 4] ,[1, 4, 2, 3, 5]
                     ,[1, 2, 3, 5, 4] ,[1, 2, 3, 5, 4]
                     ,[1, 3, 2, 4, 5] ,[1, 3, 2, 4, 5]
                    ]:
NumberOfSolutions := 3:
Necklaces:=[ [1, 2, 3, 4, 5] ,[1, 2, 4, 3, 5]
            ,[1, 2, 5, 3, 4] ,[1, 3, 4, 2, 5]
            ,[1, 3, 5, 2, 4] ,[1, 4, 5, 2, 3]
            ,[2, 1, 3, 4, 5] ,[2, 1, 4, 3, 5]
            ,[2, 1, 5, 3, 4] ,[3, 1, 2, 4, 5]
            ,[4, 1, 2, 3, 5] ,[3, 1, 4, 2, 5]
            ,[3, 1, 5, 2, 4] ,[4, 1, 3, 2, 5]
            ,[2, 3, 4, 1, 5] ,[3, 2, 4, 1, 5]
           ]:
Points:=[[10, 100],[18, 99],[26, 98],[33, 95],[40, 93],[47, 89],[54, 85]
       ,[60, 81],[66, 76],[72, 71],[77, 65],[82, 59],[86, 53],[90, 46]
       ,[93, 39],[96, 32],[98, 24],[100, 17],[101, 9],[101, 1],[101, -6]
       ,[100, -14],[99, -22],[97, -29],[94, -37],[91, -44],[87, -51],[83, -57]
       ,[79, -63],[74, -69],[68, -75],[62, -80],[56, -84],[49, -88],[42, -92]
       ,[35, -95],[28, -97],[20, -99],[13, -100],[5, -101] ]:
PointSelection := "QuasiUniformPointsAss(40,101)":
Machine := "Schur":
##############################################################################
Instance:=25000:
PreTime:=   2044.24:
GroebnerTime:=   2344.43:
RealTime:=   1764.18:
Table:=[[4731,20269]
       ,[9763,15237]
       ,[11940,13060]
       ,[10632,14368]
       ,[3568,21432]
       ,[0,25000]
       ,[6400,18600]
       ,[8468,16532]
       ,[7833,17167]
       ,[0,25000]
       ,[0,25000]
       ,[9408,15592]
       ,[6207,18793]
       ,[4124,20876]
       ,[8876,16124]
       ,[10284,14716]]:
CoefficientHeight:=   17.9:
