##############################################################################
#
#  Data for the enumerative problem
#  A1325e2 Z Xe3  = 5 on Pieri
#
##############################################################################
FlagVariety:=[2, 4, 5]:
Label := "A1325e2 Z Xe3 ":
EnumerativeProblem:=[ [1, 3, 2, 5, 4] ,[1, 3, 2, 5, 4]
                     ,[1, 2, 3, 5, 4] ,[1, 3, 2, 4, 5]
                     ,[1, 3, 2, 4, 5] ,[1, 3, 2, 4, 5]
                    ]:
NumberOfSolutions := 5:
Necklaces:=[ [1, 2, 3, 4, 5] ,[1, 3, 2, 4, 5]
            ,[2, 1, 3, 4, 5] ,[3, 1, 2, 4, 5]
            ,[4, 1, 2, 3, 5] ,[2, 4, 1, 3, 5]
           ]:
Points:=[[3, 23],[5, 22],[8, 22],[10, 21],[12, 20],[14, 18],[16, 17]
       ,[17, 15],[19, 13],[20, 12],[21, 9],[22, 7],[22, 5],[23, 3]
       ,[23, 0],[23, -2],[23, -4],[22, -7],[21, -9],[20, -11],[19, -13]
       ,[18, -15],[16, -16],[14, -18],[12, -19],[10, -20],[8, -21],[6, -22]
       ,[4, -23],[2, -23] ]:
PointSelection := "QuasiUniformPointsAss(30,23)":
Machine := "Pieri":
##############################################################################
Instance:=15000:
PreTime:=   2271.25:
GroebnerTime:=   1440.60:
RealTime:=   1768.74:
Table:=[[7411,2298,5291]
       ,[0,9909,5091]
       ,[0,0,15000]
       ,[235,5218,9547]
       ,[732,7155,7113]
       ,[300,6294,8406]]:
CoefficientHeight:=   20.1:
