##############################################################################
#
#  Data for the enumerative problem
#  X2 Ze3 Xe3  = 3 on Schur
#
##############################################################################
FlagVariety:=[2, 4, 5]:
Label := "X2 Ze3 Xe3 ":
EnumerativeProblem:=[ [1, 4, 2, 3, 5] ,[1, 2, 3, 5, 4]
                     ,[1, 2, 3, 5, 4] ,[1, 2, 3, 5, 4]
                     ,[1, 3, 2, 4, 5] ,[1, 3, 2, 4, 5]
                     ,[1, 3, 2, 4, 5]]:
NumberOfSolutions := 3:
Necklaces:=[ [1, 2, 3, 4, 5, 6] ,[1, 2, 4, 3, 5, 6]
            ,[1, 2, 5, 3, 4, 6] ,[1, 2, 6, 3, 4, 5]
            ,[1, 3, 4, 2, 5, 6] ,[1, 3, 5, 2, 4, 6]
            ,[1, 3, 6, 2, 4, 5] ,[1, 4, 5, 2, 3, 6]
            ,[2, 3, 4, 1, 5, 6] ,[2, 3, 5, 1, 4, 6]
           ]:
Points:=[[10, 100],[18, 99],[26, 98],[33, 95],[40, 93],[47, 89],[54, 85]
       ,[60, 81],[66, 76],[72, 71],[77, 65],[82, 59],[86, 53],[90, 46]
       ,[93, 39],[96, 32],[98, 24],[100, 17],[101, 9],[101, 1],[101, -6]
       ,[100, -14],[99, -22],[97, -29],[94, -37],[91, -44],[87, -51],[83, -57]
       ,[79, -63],[74, -69],[68, -75],[62, -80],[56, -84],[49, -88],[42, -92]
       ,[35, -95],[28, -97],[20, -99],[13, -100],[5, -101] ]:
PointSelection := "QuasiUniformPointsAss(40,101)":
Machine := "Schur":
##############################################################################
Instance:=25000:
PreTime:=   1908.38:
GroebnerTime:=   1356.62:
RealTime:=   1401.04:
Table:=[[0,25000]
       ,[4898,20102]
       ,[7281,17719]
       ,[4074,20926]
       ,[7522,17478]
       ,[7649,17351]
       ,[11619,13381]
       ,[11098,13902]
       ,[0,25000]
       ,[4273,20727]]:
CoefficientHeight:=   37.6:
