##############################################################################
#
#  Data for the enumerative problem
#  Ze4 Xe4  = 2 on Schur
#
##############################################################################
FlagVariety:=[2, 4, 5]:
Label := "Ze4 Xe4 ":
EnumerativeProblem:=[ [1, 2, 3, 5, 4] ,[1, 2, 3, 5, 4]
                     ,[1, 2, 3, 5, 4] ,[1, 2, 3, 5, 4]
                     ,[1, 3, 2, 4, 5] ,[1, 3, 2, 4, 5]
                     ,[1, 3, 2, 4, 5] ,[1, 3, 2, 4, 5]
                    ]:
NumberOfSolutions := 2:
Necklaces:=[ [1, 2, 3, 4, 5, 6, 7] ,[1, 2, 4, 3, 5, 6, 7]
            ,[1, 2, 5, 3, 4, 6, 7] ,[1, 3, 4, 2, 5, 6, 7]
            ,[1, 3, 5, 2, 4, 6, 7] ,[1, 3, 6, 2, 4, 5, 7]
            ,[1, 4, 5, 2, 3, 6, 7] ,[2, 4, 6, 1, 3, 5, 7]
           ]:
Points:=[[3, 23],[5, 22],[8, 22],[10, 21],[12, 20],[14, 18],[16, 17]
       ,[17, 15],[19, 13],[20, 12],[21, 9],[22, 7],[22, 5],[23, 3]
       ,[23, 0],[23, -2],[23, -4],[22, -7],[21, -9],[20, -11],[19, -13]
       ,[18, -15],[16, -16],[14, -18],[12, -19],[10, -20],[8, -21],[6, -22]
       ,[4, -23],[2, -23] ]:
PointSelection := "QuasiUniformPointsAss(30,23)":
Machine := "Schur":
##############################################################################
Instance:=5000:
PreTime:=    413.88:
GroebnerTime:=    200.88:
RealTime:=    200.09:
Table:=[[0,5000]
       ,[0,5000]
       ,[0,5000]
       ,[0,5000]
       ,[136,4864]
       ,[244,4756]
       ,[312,4688]
       ,[0,5000]]:
CoefficientHeight:=   34.6:
