##############################################################################
#
#  Data for the enumerative problem
#  Ze3 Xe5  = 5 on Schur
#
##############################################################################
FlagVariety:=[2, 4, 5]:
Label := "Ze3 Xe5 ":
EnumerativeProblem:=[ [1, 2, 3, 5, 4] ,[1, 2, 3, 5, 4]
                     ,[1, 2, 3, 5, 4] ,[1, 3, 2, 4, 5]
                     ,[1, 3, 2, 4, 5] ,[1, 3, 2, 4, 5]
                     ,[1, 3, 2, 4, 5] ,[1, 3, 2, 4, 5]
                    ]:
NumberOfSolutions := 5:
Necklaces:=[ [1, 2, 3, 4, 5, 6, 7] ,[1, 3, 2, 4, 5, 6, 7]
            ,[1, 4, 2, 3, 5, 6, 7] ,[2, 4, 1, 3, 5, 6, 7]
            ,[2, 5, 1, 3, 4, 6, 7]]:
Points:=[[3, 23],[5, 22],[8, 22],[10, 21],[12, 20],[14, 18],[16, 17]
       ,[17, 15],[19, 13],[20, 12],[21, 9],[22, 7],[22, 5],[23, 3]
       ,[23, 0],[23, -2],[23, -4],[22, -7],[21, -9],[20, -11],[19, -13]
       ,[18, -15],[16, -16],[14, -18],[12, -19],[10, -20],[8, -21],[6, -22]
       ,[4, -23],[2, -23] ]:
PointSelection := "QuasiUniformPointsAss(30,23)":
Machine := "Schur":
##############################################################################
Instance:=15000:
PreTime:=   1217.24:
GroebnerTime:=   1716.42:
RealTime:=    860.53:
Table:=[[0,0,15000]
       ,[2138,2205,10657]
       ,[2483,6424,6093]
       ,[2699,5041,7260]
       ,[115,10358,4527]]:
CoefficientHeight:=   61.1:
