##############################################################################
#
#  Data for the enumerative problem
#  Z11 Xe5 Z  = 5 on Pieri
#
##############################################################################
FlagVariety:=[2, 4, 5]:
Label := "Z11 Xe5 Z ":
EnumerativeProblem:=[ [1, 2, 4, 5, 3] ,[1, 3, 2, 4, 5]
                     ,[1, 3, 2, 4, 5] ,[1, 3, 2, 4, 5]
                     ,[1, 3, 2, 4, 5] ,[1, 3, 2, 4, 5]
                     ,[1, 2, 3, 5, 4]]:
NumberOfSolutions := 5:
Necklaces:=[ [1, 2, 3, 4, 5, 6] ,[1, 2, 3, 4, 6, 5]
            ,[1, 2, 3, 5, 6, 4]]:
Points:=[[3, 31],[6, 31],[8, 30],[10, 29],[12, 28],[14, 27],[17, 26]
       ,[18, 25],[20, 23],[22, 22],[24, 20],[25, 18],[26, 16],[28, 14]
       ,[29, 12],[29, 10],[30, 7],[31, 5],[31, 3],[31, 0],[31, -2]
       ,[31, -4],[30, -7],[30, -9],[29, -11],[28, -13],[27, -16],[26, -18]
       ,[24, -19],[23, -21],[21, -23],[19, -24],[17, -26],[15, -27],[13, -28]
       ,[11, -29],[9, -30],[6, -30],[4, -31],[2, -31] ]:
PointSelection := "QuasiUniformPointsAss(40,31)":
Machine := "Pieri":
##############################################################################
Instance:=10000:
PreTime:=   1486.01:
GroebnerTime:=    574.17:
RealTime:=    816.83:
Table:=[[0,0,10000]
       ,[1435,1547,7018]
       ,[1469,4202,4329]]:
CoefficientHeight:=   32.5:
