##############################################################################
#
#  Data for the enumerative problem
#  A2415 Y11 A1325e3  = 12 on Chevalley
#
##############################################################################
FlagVariety:=[2, 4, 6]:
Label := "A2415 Y11 A1325e3 ":
EnumerativeProblem:=[ [2, 4, 1, 5, 3, 6] ,[1, 2, 4, 5, 3, 6]
                     ,[1, 3, 2, 5, 4, 6] ,[1, 3, 2, 5, 4, 6]
                     ,[1, 3, 2, 5, 4, 6]]:
NumberOfSolutions := 12:
Necklaces:=[ [1, 2, 3, 4] ,[2, 1, 3, 4]
           ]:
Points:=[[3, 31],[6, 31],[8, 30],[10, 29],[12, 28],[14, 27],[17, 26]
       ,[18, 25],[20, 23],[22, 22],[24, 20],[25, 18],[26, 16],[28, 14]
       ,[29, 12],[29, 10],[30, 7],[31, 5],[31, 3],[31, 0],[31, -2]
       ,[31, -4],[30, -7],[30, -9],[29, -11],[28, -13],[27, -16],[26, -18]
       ,[24, -19],[23, -21],[21, -23],[19, -24],[17, -26],[15, -27],[13, -28]
       ,[11, -29],[9, -30],[6, -30],[4, -31],[2, -31] ]:
PointSelection := "QuasiUniformPointsAss(40,31)":
Machine := "TAMU":
##############################################################################
Instance:=100000:
PreTime:=  12653.90:
GroebnerTime:= 145384.26:
RealTime:=   5820.68:
Table:=[[0,0,0,52260,45494,2246,0]
       ,[0,0,0,0,67027,31380,1593]]:
CoefficientHeight:=   37.7:
