##############################################################################
#
#  Data for the enumerative problem
#  A1435 W2e2 Y11 A1325  = 6 on Chevalley
#
##############################################################################
FlagVariety:=[2, 4, 6]:
Label := "A1435 W2e2 Y11 A1325 ":
EnumerativeProblem:=[ [1, 4, 3, 5, 2, 6] ,[1, 4, 2, 3, 5, 6]
                     ,[1, 4, 2, 3, 5, 6] ,[1, 2, 4, 5, 3, 6]
                     ,[1, 3, 2, 5, 4, 6]]:
NumberOfSolutions := 6:
Necklaces:=[ [1, 2, 3, 4] ,[1, 2, 4, 3]
            ,[1, 3, 2, 4] ,[1, 4, 2, 3]
            ,[1, 3, 4, 2] ,[2, 3, 1, 4]
           ]:
Points:=[[4, 41],[7, 40],[10, 40],[13, 39],[16, 38],[19, 36],[22, 35]
       ,[24, 33],[27, 31],[29, 29],[31, 26],[33, 24],[35, 21],[37, 19]
       ,[38, 16],[39, 13],[40, 10],[40, 7],[41, 4],[41, 1],[41, -3]
       ,[41, -6],[40, -9],[39, -12],[38, -15],[37, -18],[36, -21],[34, -23]
       ,[32, -26],[30, -28],[28, -30],[25, -32],[23, -34],[20, -36],[17, -37]
       ,[14, -38],[11, -39],[8, -40],[5, -41],[2, -41] ]:
PointSelection := "QuasiUniformPointsAss(40,41)":
Machine := "Chevalley":
##############################################################################
Instance:=15000:
PreTime:=   1742.98:
GroebnerTime:=   3233.64:
RealTime:=    865.24:
Table:=[ [0, 0, 0, 15000]
        ,[0, 0, 0, 15000]
        ,[0, 0, 6056, 8944]
        ,[0, 874, 924, 13202]
        ,[0, 1540, 6940, 6520]
        ,[0, 0, 4678, 10322]]:
CoefficientHeight:=   22.2:
