##############################################################################
#
#  Data for the enumerative problem
#  A1425e2 A1325e2 W Y  = 18 on rcf1422-4
#
##############################################################################
FlagVariety:=[2, 4, 6]:
Label := "A1425e2 A1325e2 W Y ":
EnumerativeProblem:=[ [1, 4, 2, 5, 3, 6] ,[1, 4, 2, 5, 3, 6]
                     ,[1, 3, 2, 5, 4, 6] ,[1, 3, 2, 5, 4, 6]
                     ,[1, 3, 2, 4, 5, 6] ,[1, 2, 3, 5, 4, 6]
                    ]:
NumberOfSolutions := 18:
Necklaces:=[ [1, 2, 3, 4, 5] ,[1, 2, 3, 5, 4]
            ,[1, 2, 4, 3, 5] ,[1, 2, 5, 3, 4]
            ,[1, 2, 4, 5, 3] ,[1, 3, 4, 2, 5]
            ,[2, 1, 3, 4, 5] ,[2, 1, 3, 5, 4]
            ,[2, 1, 4, 3, 5] ,[3, 1, 2, 4, 5]
            ,[4, 1, 2, 3, 5] ,[4, 1, 2, 5, 3]
            ,[3, 1, 4, 2, 5] ,[3, 1, 5, 2, 4]
            ,[4, 1, 3, 2, 5] ,[4, 1, 3, 5, 2]
           ]:
Points:=[[6, 41],[10, 40],[14, 39],[17, 37],[21, 35],[25, 33],[28, 30]
       ,[31, 27],[33, 24],[36, 21],[37, 17],[39, 13],[40, 9],[41, 5]
       ,[41, 1],[41, -3],[40, -8],[39, -12],[38, -16],[36, -19],[34, -23]
       ,[32, -26],[29, -29],[26, -32],[22, -34],[19, -36],[15, -38],[11, -40]
       ,[7, -40],[3, -41] ]:
PointSelection := "QuasiUniformPointsAss(30,41)":
Machine := "rcf1422-4":
##############################################################################
Instance:=7500:
PreTime:=   3045.96:
GroebnerTime:= 945830.05:
RealTime:=  37676.34:
Table:=[[0,0,0,131,1604,1180,1622,1616,1015,332]
       ,[0,0,0,131,1604,1180,1622,1616,1015,332]
       ,[0,0,0,0,0,144,871,2622,2848,1015]
       ,[0,0,0,71,154,795,1134,2538,1929,879]
       ,[0,0,0,0,0,144,871,2622,2848,1015]
       ,[0,0,0,103,1818,1419,1033,1312,1353,462]
       ,[0,0,0,0,0,9,512,2615,2509,1855]
       ,[0,0,0,0,0,9,512,2615,2509,1855]
       ,[0,0,0,0,0,0,0,2288,3076,2136]
       ,[0,0,0,0,31,86,615,3227,2289,1252]
       ,[0,0,0,0,0,1634,1324,2223,1367,952]
       ,[0,0,0,0,0,1634,1324,2223,1367,952]
       ,[0,0,0,0,0,1,45,357,2737,4360]
       ,[0,0,0,0,0,56,187,1345,3524,2388]
       ,[0,0,0,0,0,36,626,1453,2250,3135]
       ,[0,0,0,0,0,36,626,1453,2250,3135]]:
CoefficientHeight:=   90.7:
