##############################################################################
#
#  Data for the enumerative problem
#  A2415 A1325e3 Y W  = 19 on Schur
#
##############################################################################
FlagVariety:=[2, 4, 6]:
Label := "A2415 A1325e3 Y W ":
EnumerativeProblem:=[ [2, 4, 1, 5, 3, 6] ,[1, 3, 2, 5, 4, 6]
                     ,[1, 3, 2, 5, 4, 6] ,[1, 3, 2, 5, 4, 6]
                     ,[1, 2, 3, 5, 4, 6] ,[1, 3, 2, 4, 5, 6]
                    ]:
NumberOfSolutions := 19:
Necklaces:=[ [1, 2, 3, 4, 5] ,[1, 2, 3, 5, 4]
            ,[1, 2, 4, 3, 5] ,[1, 2, 5, 3, 4]
            ,[1, 2, 4, 5, 3] ,[1, 2, 5, 4, 3]
            ,[1, 3, 4, 2, 5] ,[1, 3, 5, 2, 4]
            ,[1, 3, 4, 5, 2] ,[2, 3, 4, 1, 5]
           ]:
Points:=[[4, 25],[7, 24],[10, 23],[13, 22],[15, 20],[17, 18],[19, 16]
       ,[21, 13],[23, 11],[24, 8],[24, 5],[25, 2],[25, -1],[25, -4]
       ,[24, -7],[23, -10],[22, -13],[20, -15],[18, -17],[16, -19],[13, -21]
       ,[11, -23],[8, -24],[5, -24],[2, -25] ]:
PointSelection := "QuasiUniformPointsAss(25,13)":
Machine := "Schur":
##############################################################################
Instance:=5000:
PreTime:=    701.06:
GroebnerTime:= 370735.9:
RealTime:=  11784.034:
Table:=[[0,0,0,24,743,1802,1664,531,173,63]
       ,[0,0,0,6,576,299,2339,1395,332,53]
       ,[0,0,0,0,12,895,1701,1183,959,250]
       ,[0,0,0,86,891,1368,1250,895,449,61]
       ,[0,0,0,73,485,1061,1419,1237,675,50]
       ,[0,0,0,163,678,1813,1148,586,472,140]
       ,[0,0,0,0,8,1140,1761,1319,693,79]
       ,[0,0,0,0,0,203,940,2147,1493,217]
       ,[0,0,0,0,228,1072,1611,1295,708,86]
       ,[0,0,0,148,271,597,1322,1957,607,98]]:
CoefficientHeight:=   84.4:

