##############################################################################
#
#  Data for the enumerative problem
#  A1435 A1325e3 W Y  = 18 on rcf1537-9
#
##############################################################################
FlagVariety:=[2, 4, 6]:
Label := "A1435 A1325e3 W Y ":
EnumerativeProblem:=[ [1, 4, 3, 5, 2, 6] ,[1, 3, 2, 5, 4, 6]
                     ,[1, 3, 2, 5, 4, 6] ,[1, 3, 2, 5, 4, 6]
                     ,[1, 3, 2, 4, 5, 6] ,[1, 2, 3, 5, 4, 6]
                    ]:
NumberOfSolutions := 18:
Necklaces:=[ [1, 2, 3, 4, 5] ,[1, 2, 3, 5, 4]
            ,[1, 2, 4, 3, 5] ,[1, 2, 5, 3, 4]
            ,[1, 2, 4, 5, 3] ,[1, 2, 5, 4, 3]
            ,[1, 3, 4, 2, 5] ,[1, 3, 5, 2, 4]
            ,[1, 3, 4, 5, 2] ,[2, 3, 4, 1, 5]
           ]:
Points:=[[3, 23],[5, 22],[8, 22],[10, 21],[12, 20],[14, 18],[16, 17]
       ,[17, 15],[19, 13],[20, 12],[21, 9],[22, 7],[22, 5],[23, 3]
       ,[23, 0],[23, -2],[23, -4],[22, -7],[21, -9],[20, -11],[19, -13]
       ,[18, -15],[16, -16],[14, -18],[12, -19],[10, -20],[8, -21],[6, -22]
       ,[4, -23],[2, -23] ]:
PointSelection := "QuasiUniformPointsAss(30,23)":
Machine := "rcf1537-9":
##############################################################################
Instance:=15000:
PreTime:=   3429.90:
GroebnerTime:= 394672.27:
RealTime:=  36141.84:
Table:=[[0,0,0,0,0,4637,6569,2360,1080,354]
       ,[0,0,0,1391,4327,3244,3064,2194,363,417]
       ,[0,0,0,0,59,1362,4160,4562,3525,1332]
       ,[0,0,0,0,1356,3351,3828,3482,2246,737]
       ,[0,0,0,0,239,1122,4122,3375,4104,2038]
       ,[0,0,0,189,1765,4035,3215,2271,2655,870]
       ,[0,0,0,0,510,3881,3390,3181,3181,857]
       ,[0,0,0,0,0,345,2057,5773,3996,2829]
       ,[0,0,0,0,437,3831,3527,2677,2958,1570]
       ,[0,0,0,112,2006,5327,4828,2310,353,64]]:
CoefficientHeight:=   40.8:
