##############################################################################
#
#  Data for the enumerative problem
#  A1425e2 A1325 W2 Y11  = 8 on rcf1422-3
#  1000 iterations planned  
#
##############################################################################
FlagVariety:=[2, 4, 6]:
Label := "A1425e2 A1325 W2 Y11 ":
EnumerativeProblem:=[ [1, 4, 2, 5, 3, 6] ,[1, 4, 2, 5, 3, 6]
                     ,[1, 3, 2, 5, 4, 6] ,[1, 4, 2, 3, 5, 6]
                     ,[1, 2, 4, 5, 3, 6]]:
NumberOfSolutions := 8:
Necklaces:=[ [1, 2, 3, 4] ,[1, 2, 4, 3]
            ,[1, 3, 2, 4] ,[2, 1, 3, 4]
            ,[3, 1, 2, 4] ,[3, 1, 4, 2]
           ]:
Points:=[[3, 21],[5, 20],[7, 20],[9, 19],[11, 18],[13, 17],[14, 15]
       ,[16, 14],[17, 12],[18, 11],[19, 9],[20, 7],[20, 5],[21, 2]
       ,[21, 0],[21, -2],[21, -4],[20, -6],[19, -8],[19, -10],[17, -12]
       ,[16, -13],[15, -15],[13, -16],[11, -18],[10, -19],[8, -20],[6, -20]
       ,[4, -21],[1, -21] ]:
PointSelection := "QuasiUniformPointsAss(30,21)":
Machine := "rcf1422-3":
NumberOfIterations := 1000:
##############################################################################
Instance:=25000:
PreTime:=   9740.45:
GroebnerTime:=  27000.48:
RealTime:=   4522.80:
Table:=[[0,0,0,6933,18067]
       ,[0,0,0,6933,18067]
       ,[0,0,0,762,24238]
       ,[0,0,0,1792,23208]
       ,[0,0,0,7549,17451]
       ,[0,0,0,7549,17451]]:
CoefficientHeight:=   31.7:
