##############################################################################
#
#  Data for the enumerative problem
#  A1425 A2315 W2 Y11 A1325  = 5 on Praxis
#
##############################################################################
FlagVariety:=[2, 4, 6]:
Label := "A1425 A2315 W2 Y11 A1325 ":
EnumerativeProblem:=[ [1, 4, 2, 5, 3, 6] ,[2, 3, 1, 5, 4, 6]
                     ,[1, 4, 2, 3, 5, 6] ,[1, 2, 4, 5, 3, 6]
                     ,[1, 3, 2, 5, 4, 6]]:
NumberOfSolutions := 5:
Necklaces:=[ [1, 2, 3, 4] ,[1, 2, 4, 3]
            ,[1, 3, 2, 4] ,[1, 4, 2, 3]
            ,[1, 3, 4, 2] ,[1, 4, 3, 2]
            ,[2, 1, 3, 4] ,[2, 1, 4, 3]
            ,[3, 1, 2, 4] ,[3, 1, 4, 2]
            ,[2, 3, 1, 4] ,[3, 2, 1, 4]
           ]:
Points:=[[3, 31],[6, 31],[8, 30],[10, 29],[12, 28],[14, 27],[17, 26]
       ,[18, 25],[20, 23],[22, 22],[24, 20],[25, 18],[26, 16],[28, 14]
       ,[29, 12],[29, 10],[30, 7],[31, 5],[31, 3],[31, 0],[31, -2]
       ,[31, -4],[30, -7],[30, -9],[29, -11],[28, -13],[27, -16],[26, -18]
       ,[24, -19],[23, -21],[21, -23],[19, -24],[17, -26],[15, -27],[13, -28]
       ,[11, -29],[9, -30],[6, -30],[4, -31],[2, -31] ]:
PointSelection := "QuasiUniformPointsAss(40,31)":
Machine := "Praxis":
##############################################################################
Instance:=5000:
PreTime:=   2669.49:
GroebnerTime:=   3732.00:
RealTime:=   1112.62:
Table:=[[0,539,4461]
       ,[0,810,4190]
       ,[0,1040,3960]
       ,[0,2533,2467]
       ,[0,2976,2024]
       ,[101,3571,1328]
       ,[0,1799,3201]
       ,[0,3683,1317]
       ,[0,1296,3704]
       ,[0,209,4791]
       ,[0,0,5000]
       ,[0,2258,2742]]:
CoefficientHeight:=   29.2:
