##############################################################################
#
#  Data for the enumerative problem
#  A1524 W2 Y11e2 A1325  = 6 on Noether
#
##############################################################################
FlagVariety:=[2, 4, 6]:
Label := "A1524 W2 Y11e2 A1325 ":
EnumerativeProblem:=[ [1, 5, 2, 4, 3, 6] ,[1, 4, 2, 3, 5, 6]
                     ,[1, 2, 4, 5, 3, 6] ,[1, 2, 4, 5, 3, 6]
                     ,[1, 3, 2, 5, 4, 6]]:
NumberOfSolutions := 6:
Necklaces:=[ [1, 2, 3, 4] ,[1, 2, 4, 3]
            ,[1, 3, 4, 2] ,[2, 1, 3, 4]
            ,[2, 1, 4, 3] ,[3, 1, 2, 4]
           ]:
Points:=[[3, 31],[6, 31],[8, 30],[10, 29],[12, 28],[14, 27],[17, 26]
       ,[18, 25],[20, 23],[22, 22],[24, 20],[25, 18],[26, 16],[28, 14]
       ,[29, 12],[29, 10],[30, 7],[31, 5],[31, 3],[31, 0],[31, -2]
       ,[31, -4],[30, -7],[30, -9],[29, -11],[28, -13],[27, -16],[26, -18]
       ,[24, -19],[23, -21],[21, -23],[19, -24],[17, -26],[15, -27],[13, -28]
       ,[11, -29],[9, -30],[6, -30],[4, -31],[2, -31] ]:
PointSelection := "QuasiUniformPointsAss(40,31)":
Machine := "Noether":
##############################################################################
Instance:=15000:
PreTime:=   6697.90:
GroebnerTime:=  11291.84:
RealTime:=   2332.64:
Table:=[[0,0,4858,10142]
       ,[0,1575,7120,6305]
       ,[0,0,0,15000]
       ,[0,0,6159,8841]
       ,[0,906,936,13158]
       ,[0,0,0,15000]]:
CoefficientHeight:=   40.9:
