##############################################################################
#
#  Data for the enumerative problem
#  A1326 Y2e2 We5  = 9 on Chevalley
#  1000 iterations planned  
#
##############################################################################
FlagVariety:=[2, 4, 6]:
Label := "A1326 Y2e2 We5 ":
EnumerativeProblem:=[ [1, 3, 2, 6, 4, 5] ,[1, 2, 3, 6, 4, 5]
                     ,[1, 2, 3, 6, 4, 5] ,[1, 3, 2, 4, 5, 6]
                     ,[1, 3, 2, 4, 5, 6] ,[1, 3, 2, 4, 5, 6]
                     ,[1, 3, 2, 4, 5, 6] ,[1, 3, 2, 4, 5, 6]
                    ]:
NumberOfSolutions := 9:
Necklaces:=[ [1, 2, 3, 4, 5, 6, 7] ,[1, 3, 2, 4, 5, 6, 7]
            ,[1, 4, 2, 3, 5, 6, 7] ,[1, 5, 2, 3, 4, 6, 7]
            ,[1, 6, 2, 3, 4, 5, 7] ,[1, 7, 2, 3, 4, 5, 6]
            ,[2, 3, 1, 4, 5, 6, 7] ,[2, 4, 1, 3, 5, 6, 7]
            ,[2, 5, 1, 3, 4, 6, 7] ,[2, 6, 1, 3, 4, 5, 7]
            ,[3, 4, 1, 2, 5, 6, 7] ,[3, 5, 1, 2, 4, 6, 7]
           ]:
Points:=[[3, 23],[5, 22],[8, 22],[10, 21],[12, 20],[14, 18],[16, 17]
       ,[17, 15],[19, 13],[20, 12],[21, 9],[22, 7],[22, 5],[23, 3]
       ,[23, 0],[23, -2],[23, -4],[22, -7],[21, -9],[20, -11],[19, -13]
       ,[18, -15],[16, -16],[14, -18],[12, -19],[10, -20],[8, -21],[6, -22]
       ,[4, -23],[2, -23] ]:
PointSelection := "QuasiUniformPointsAss(30,23)":
Machine := "Chevalley":
NumberOfIterations := 1000:
##############################################################################
Instance:=25000:
PreTime:=   2653.86:
GroebnerTime:=  58289.28:
RealTime:=   6240.19:
Table:=[[0,0,0,0,25000]
       ,[0,0,0,80,24920]
       ,[0,11,470,7118,17401]
       ,[0,105,3548,9689,11658]
       ,[0,2834,2992,3612,15562]
       ,[0,0,0,0,25000]
       ,[0,0,0,75,24925]
       ,[0,167,2327,3552,18954]
       ,[0,34,2029,6874,16063]
       ,[0,23,2891,7441,14645]
       ,[0,425,1329,10809,12437]
       ,[0,2,1167,9814,14017]]:
CoefficientHeight:=   68.8:
