##############################################################################
#
#  Data for the enumerative problem
#  A2315 A1326 Y11 A1325 W11  = 3 on Schubert
#
##############################################################################
FlagVariety:=[2, 4, 6]:
Label := "A2315 A1326 Y11 A1325 W11 ":
EnumerativeProblem:=[ [2, 3, 1, 5, 4, 6] ,[1, 3, 2, 6, 4, 5]
                     ,[1, 2, 4, 5, 3, 6] ,[1, 3, 2, 5, 4, 6]
                     ,[2, 3, 1, 4, 5, 6]]:
NumberOfSolutions := 3:
Necklaces:=[ [1, 2, 3, 4] ,[1, 2, 4, 3]
            ,[1, 3, 2, 4] ,[1, 4, 2, 3]
            ,[1, 3, 4, 2] ,[1, 4, 3, 2]
            ,[2, 1, 3, 4] ,[2, 1, 4, 3]
            ,[3, 1, 2, 4] ,[3, 1, 4, 2]
            ,[2, 3, 1, 4] ,[3, 2, 1, 4]
           ]:
Points:=[[3, 31],[6, 31],[8, 30],[10, 29],[12, 28],[14, 27],[17, 26]
       ,[18, 25],[20, 23],[22, 22],[24, 20],[25, 18],[26, 16],[28, 14]
       ,[29, 12],[29, 10],[30, 7],[31, 5],[31, 3],[31, 0],[31, -2]
       ,[31, -4],[30, -7],[30, -9],[29, -11],[28, -13],[27, -16],[26, -18]
       ,[24, -19],[23, -21],[21, -23],[19, -24],[17, -26],[15, -27],[13, -28]
       ,[11, -29],[9, -30],[6, -30],[4, -31],[2, -31] ]:
PointSelection := "QuasiUniformPointsAss(40,31)":
Machine := "Schubert":
##############################################################################
Instance:=2000:
PreTime:=   1208.17:
GroebnerTime:=    960.39:
RealTime:=    319.97:
Table:=[[0,2000]
       ,[0,2000]
       ,[130,1870]
       ,[577,1423]
       ,[1229,771]
       ,[936,1064]
       ,[43,1957]
       ,[1037,963]
       ,[866,1134]
       ,[333,1667]
       ,[622,1378]
       ,[736,1264]]:
CoefficientHeight:=   40.3:
