##############################################################################
#
#  Data for the enumerative problem
#  A1524 W2 Y11 A1325e2  = 8 on Chevalley
#
##############################################################################
FlagVariety:=[2, 4, 6]:
Label := "A1524 W2 Y11 A1325e2 ":
EnumerativeProblem:=[ [1, 5, 2, 4, 3, 6] ,[1, 4, 2, 3, 5, 6]
                     ,[1, 2, 4, 5, 3, 6] ,[1, 3, 2, 5, 4, 6]
                     ,[1, 3, 2, 5, 4, 6]]:
NumberOfSolutions := 8:
Necklaces:=[ [1, 2, 3, 4] ,[1, 3, 2, 4]
            ,[1, 4, 2, 3] ,[2, 1, 3, 4]
            ,[3, 1, 2, 4] ,[2, 3, 1, 4]
           ]:
Points:=[[3, 31],[6, 31],[8, 30],[10, 29],[12, 28],[14, 27],[17, 26]
       ,[18, 25],[20, 23],[22, 22],[24, 20],[25, 18],[26, 16],[28, 14]
       ,[29, 12],[29, 10],[30, 7],[31, 5],[31, 3],[31, 0],[31, -2]
       ,[31, -4],[30, -7],[30, -9],[29, -11],[28, -13],[27, -16],[26, -18]
       ,[24, -19],[23, -21],[21, -23],[19, -24],[17, -26],[15, -27],[13, -28]
       ,[11, -29],[9, -30],[6, -30],[4, -31],[2, -31] ]:
PointSelection := "QuasiUniformPointsAss(40,31)":
Machine := "Chevalley":
##############################################################################
Instance:=25000:
PreTime:=   6212.54:
GroebnerTime:=  35522.28:
RealTime:=   4336.07:
Table:=[[0,209,9585,10765,4441]
       ,[0,0,2384,11010,11606]
       ,[0,0,7878,12262,4860]
       ,[0,0,1255,10965,12780]
       ,[0,0,0,3894,21106]
       ,[0,0,0,10421,14579]]:
CoefficientHeight:=   45.5:
