##############################################################################
#
#  Data for the enumerative problem
#  A1426 W2 Y11 A1325e2  = 7 on rcf1537-10
#
##############################################################################
FlagVariety:=[2, 4, 6]:
Label := "A1426 W2 Y11 A1325e2 ":
EnumerativeProblem:=[ [1, 4, 2, 6, 3, 5] ,[1, 4, 2, 3, 5, 6]
                     ,[1, 2, 4, 5, 3, 6] ,[1, 3, 2, 5, 4, 6]
                     ,[1, 3, 2, 5, 4, 6]]:
NumberOfSolutions := 7:
Necklaces:=[ [1, 2, 3, 4] ,[1, 3, 2, 4]
            ,[1, 4, 2, 3] ,[2, 1, 3, 4]
            ,[3, 1, 2, 4] ,[2, 3, 1, 4]
           ]:
Points:=[[3, 31],[6, 31],[8, 30],[10, 29],[12, 28],[14, 27],[17, 26]
       ,[18, 25],[20, 23],[22, 22],[24, 20],[25, 18],[26, 16],[28, 14]
       ,[29, 12],[29, 10],[30, 7],[31, 5],[31, 3],[31, 0],[31, -2]
       ,[31, -4],[30, -7],[30, -9],[29, -11],[28, -13],[27, -16],[26, -18]
       ,[24, -19],[23, -21],[21, -23],[19, -24],[17, -26],[15, -27],[13, -28]
       ,[11, -29],[9, -30],[6, -30],[4, -31],[2, -31] ]:
PointSelection := "QuasiUniformPointsAss(40,31)":
Machine := "rcf1537-10":
##############################################################################
Instance:=10000:
PreTime:=   2664.87:
GroebnerTime:=  11620.99:
RealTime:=   1171.35:
Table:=[[0,1821,7430,749]
       ,[0,0,5906,4094]
       ,[0,5059,4763,178]
       ,[0,3454,5529,1017]
       ,[0,0,7401,2599]
       ,[0,0,4139,5861]]:
CoefficientHeight:=   41.4:
