FlagVariety:=[2, 4, 6]:
Label := "A1325 W2e3 Y11e2 ":
EnumerativeProblem:=[ [1, 3, 2, 5, 4, 6] ,[1, 4, 2, 3, 5, 6]
                     ,[1, 4, 2, 3, 5, 6] ,[1, 4, 2, 3, 5, 6]
                     ,[1, 2, 4, 5, 3, 6] ,[1, 2, 4, 5, 3, 6]
                    ]:
NumberOfSolutions := 8:
Necklaces:=[ [1, 2, 3, 4, 5] ,[1, 2, 4, 3, 5]
            ,[1, 2, 5, 3, 4] ,[1, 3, 4, 2, 5]
            ,[1, 3, 5, 2, 4] ,[2, 3, 4, 1, 5]
           ]:
Points:=[[8, 60],[14, 59],[20, 58],[26, 55],[31, 52],[37, 49],[41, 45]
       ,[46, 41],[49, 36],[53, 31],[56, 25],[58, 19],[60, 13],[61, 7]
       ,[61, 1],[61, -5],[60, -11],[59, -17],[56, -23],[54, -29],[51, -34]
       ,[47, -39],[43, -43],[38, -48],[33, -51],[28, -54],[22, -57],[16, -59]
       ,[10, -60],[4, -61] ]:
PointSelection := "QuasiUniformPointsAss(30,61)":
Machine := "Hodge":
NumberOfIterations := 2500:
##############################################################################
Instance:=2500:
PreTime:=   1136.80:
GroebnerTime:=  93129.44:
RealTime:=    569.42:
Table:=[[0,0,0,0,2500]
       ,[0,0,51,902,1547]
       ,[0,0,92,1520,888]
       ,[0,0,82,1161,1257]
       ,[0,0,579,1206,715]
       ,[0,0,0,0,2500]]:
CoefficientHeight:=   30.3:


