##############################################################################
#
#  Data for the enumerative problem
#  A2315 A1326 W2 A1325e2  = 6 on Chevalley
#  1000 iterations planned  
#
##############################################################################
FlagVariety:=[2, 4, 6]:
Label := "A2315 A1326 W2 A1325e2 ":
EnumerativeProblem:=[ [2, 3, 1, 5, 4, 6] ,[1, 3, 2, 6, 4, 5]
                     ,[1, 4, 2, 3, 5, 6] ,[1, 3, 2, 5, 4, 6]
                     ,[1, 3, 2, 5, 4, 6]]:
NumberOfSolutions := 6:
Necklaces:=[ [1, 2, 3, 4] ,[1, 3, 2, 4]
            ,[1, 4, 2, 3] ,[2, 1, 3, 4]
            ,[3, 1, 2, 4] ,[2, 3, 1, 4]
           ]:
Points:=[[3, 31],[6, 31],[8, 30],[10, 29],[12, 28],[14, 27],[17, 26]
       ,[18, 25],[20, 23],[22, 22],[24, 20],[25, 18],[26, 16],[28, 14]
       ,[29, 12],[29, 10],[30, 7],[31, 5],[31, 3],[31, 0],[31, -2]
       ,[31, -4],[30, -7],[30, -9],[29, -11],[28, -13],[27, -16],[26, -18]
       ,[24, -19],[23, -21],[21, -23],[19, -24],[17, -26],[15, -27],[13, -28]
       ,[11, -29],[9, -30],[6, -30],[4, -31],[2, -31] ]:
PointSelection := "QuasiUniformPointsAss(40,31)":
Machine := "Chevalley":
NumberOfIterations := 1000:
##############################################################################
Instance:=15000:
PreTime:=   1537.05:
GroebnerTime:=   4397.97:
RealTime:=    812.41:
Table:=[[0,1006,11892,2102]
       ,[0,571,12107,2322]
       ,[0,0,10915,4085]
       ,[0,8588,5207,1205]
       ,[0,0,12572,2428]
       ,[0,1375,12218,1407]]:
CoefficientHeight:=   54.7:
