##############################################################################
#
#  Data for the enumerative problem
#  A2316 A1325e3 W Y  = 12 on Pieri
#
##############################################################################
FlagVariety:=[2, 4, 6]:
Label := "A2316 A1325e3 W Y ":
EnumerativeProblem:=[ [2, 3, 1, 6, 4, 5] ,[1, 3, 2, 5, 4, 6]
                     ,[1, 3, 2, 5, 4, 6] ,[1, 3, 2, 5, 4, 6]
                     ,[1, 3, 2, 4, 5, 6] ,[1, 2, 3, 5, 4, 6]
                    ]:
NumberOfSolutions := 12:
Necklaces:=[ [1, 2, 3, 4, 5] ,[1, 2, 3, 5, 4]
            ,[1, 2, 4, 3, 5] ,[1, 2, 5, 3, 4]
            ,[1, 2, 4, 5, 3] ,[1, 2, 5, 4, 3]
            ,[1, 3, 4, 2, 5] ,[1, 3, 5, 2, 4]
            ,[1, 3, 4, 5, 2] ,[2, 3, 4, 1, 5]
           ]:
Points:=[[4, 32],[7, 31],[11, 30],[14, 29],[16, 27],[19, 26],[22, 24]
       ,[24, 21],[26, 19],[28, 16],[29, 13],[30, 10],[31, 7],[32, 4]
       ,[32, 1],[32, -3],[31, -6],[31, -9],[30, -12],[28, -15],[27, -18]
       ,[25, -20],[22, -23],[20, -25],[17, -27],[15, -28],[12, -30],[9, -31]
       ,[5, -32],[2, -32] ]:
PointSelection := "QuasiUniformPointsAss(30,32)":
Machine := "Pieri":
##############################################################################
Instance:=25000:
PreTime:=   7632.11:
GroebnerTime:= 336500.17:
RealTime:=  20949.54:
Table:=[[0,0,0,3079,15409,6012,500]
       ,[0,0,0,3079,15409,6012,500]
       ,[0,0,0,8825,7240,8185,750]
       ,[0,0,0,10927,7341,5982,750]
       ,[0,0,0,8825,7240,8185,750]
       ,[0,0,0,10927,7341,5982,750]
       ,[0,0,0,5430,10336,8484,750]
       ,[0,0,0,11180,7052,6018,750]
       ,[0,0,0,5430,10336,8484,750]
       ,[0,0,0,0,14229,10021,750]]:
CoefficientHeight:=  115.2:
