##############################################################################
#
#  Data for the enumerative problem
#  W3e2 A1325 Ye4  = 10 on rcf1422-4
#
##############################################################################
FlagVariety:=[2, 4, 6]:
Label := "W3e2 A1325 Ye4 ":
EnumerativeProblem:=[ [1, 5, 2, 3, 4, 6] ,[1, 5, 2, 3, 4, 6]
                     ,[1, 3, 2, 5, 4, 6] ,[1, 2, 3, 5, 4, 6]
                     ,[1, 2, 3, 5, 4, 6] ,[1, 2, 3, 5, 4, 6]
                     ,[1, 2, 3, 5, 4, 6]]:
NumberOfSolutions := 10:
Necklaces:=[ [1, 2, 3, 4, 5, 6] ,[1, 3, 2, 4, 5, 6]
            ,[1, 4, 2, 3, 5, 6] ,[2, 1, 3, 4, 5, 6]
            ,[3, 1, 2, 4, 5, 6] ,[4, 1, 2, 3, 5, 6]
            ,[5, 1, 2, 3, 4, 6] ,[2, 4, 1, 3, 5, 6]
            ,[4, 2, 1, 3, 5, 6]]:
Points:=[[4, 31],[7, 30],[10, 29],[13, 28],[16, 27],[19, 25],[21, 23]
       ,[23, 21],[25, 18],[27, 16],[28, 13],[29, 10],[30, 7],[31, 4]
       ,[31, 1],[31, -3],[30, -6],[30, -9],[29, -12],[27, -15],[26, -17]
       ,[24, -20],[22, -22],[19, -24],[17, -26],[14, -28],[11, -29],[8, -30]
       ,[5, -31],[2, -31] ]:
PointSelection := "QuasiUniformPointsAss(30,31)":
Machine := "rcf1422-4":
##############################################################################
Instance:=100000:
PreTime:=  18249.22:
GroebnerTime:= 287067.35:
RealTime:=  36014.61:
Table:=[[0,0,0,0,0,100000]
       ,[0,0,0,37979,30775,31246]
       ,[0,0,1513,16627,58515,23345]
       ,[0,0,0,0,0,100000]
       ,[0,0,0,7951,23683,68366]
       ,[0,0,0,2312,36750,60938]
       ,[0,0,0,1311,13347,85342]
       ,[0,0,668,23306,48341,27685]
       ,[0,0,6353,26906,31307,35434]]:
CoefficientHeight:=   49.6:
