
#BadIdeals here, if any
##############################################################################
#
#  Data for the enumerative problem
#  W3 A1325 W2 Y111 Y11  = 4 on Hermes
#  1000 iterations planned  
#
##############################################################################
FlagVariety:=[2, 4, 6]:
Label := "W3 A1325 W2 Y111 Y11 ":
EnumerativeProblem:=[ [1, 5, 2, 3, 4, 6] ,[1, 3, 2, 5, 4, 6]
                     ,[1, 4, 2, 3, 5, 6] ,[1, 3, 4, 5, 2, 6]
                     ,[1, 2, 4, 5, 3, 6]]:
NumberOfSolutions := 4:
Necklaces:=[ [1, 2, 3, 4] ,[1, 2, 4, 3]
            ,[1, 3, 2, 4] ,[1, 4, 2, 3]
            ,[1, 3, 4, 2] ,[1, 4, 3, 2]
            ,[2, 1, 3, 4] ,[2, 1, 4, 3]
            ,[3, 1, 2, 4] ,[3, 1, 4, 2]
            ,[2, 3, 1, 4] ,[3, 2, 1, 4]
           ]:
Points:=[[6, 61],[11, 60],[15, 59],[20, 58],[24, 56],[28, 54],[33, 52]
       ,[36, 49],[40, 46],[43, 43],[47, 39],[49, 36],[52, 32],[54, 28]
       ,[56, 24],[58, 19],[59, 15],[60, 10],[61, 5],[61, 1],[61, -4]
       ,[60, -9],[60, -13],[58, -18],[57, -22],[55, -26],[53, -31],[50, -34]
       ,[48, -38],[44, -42],[41, -45],[38, -48],[34, -51],[30, -53],[26, -55]
       ,[21, -57],[17, -59],[12, -60],[8, -61],[3, -61] ]:
PointSelection := "QuasiUniformPointsAss(40,61)":
Machine := "rcf1537-8":
NumberOfIterations := 1000:
##############################################################################
Instance:=1000:
PreTime:=    761.71:
GroebnerTime:=    719.43:
RealTime:=    132.56:
Table:=[[0,0,1000]
       ,[0,0,1000]
       ,[0,0,1000]
       ,[0,0,1000]
       ,[0,0,1000]
       ,[0,0,1000]
       ,[0,0,1000]
       ,[0,0,1000]
       ,[0,0,1000]
       ,[0,0,1000]
       ,[0,0,1000]
       ,[0,0,1000]]:
CoefficientHeight:=   22.9:

