##############################################################################
#
#  Data for the enumerative problem
#  W3 A1325e3 Y Y11  = 15 on Pieri
#  1000 iterations planned  
#
##############################################################################
FlagVariety:=[2, 4, 6]:
Label := "W3 A1325e3 Y Y11 ":
EnumerativeProblem:=[ [1, 5, 2, 3, 4, 6] ,[1, 3, 2, 5, 4, 6]
                     ,[1, 3, 2, 5, 4, 6] ,[1, 3, 2, 5, 4, 6]
                     ,[1, 2, 3, 5, 4, 6] ,[1, 2, 4, 5, 3, 6]
                    ]:
NumberOfSolutions := 15:
Necklaces:=[ [1, 2, 3, 4, 5] ,[1, 2, 3, 5, 4]
            ,[1, 2, 4, 3, 5] ,[1, 2, 5, 3, 4]
            ,[1, 2, 4, 5, 3] ,[1, 2, 5, 4, 3]
            ,[1, 3, 4, 2, 5] ,[1, 3, 5, 2, 4]
            ,[1, 3, 4, 5, 2] ,[2, 3, 4, 1, 5]
           ]:
Points:=[[8, 60],[14, 59],[20, 58],[26, 55],[31, 52],[37, 49],[41, 45]
       ,[46, 41],[49, 36],[53, 31],[56, 25],[58, 19],[60, 13],[61, 7]
       ,[61, 1],[61, -5],[60, -11],[59, -17],[56, -23],[54, -29],[51, -34]
       ,[47, -39],[43, -43],[38, -48],[33, -51],[28, -54],[22, -57],[16, -59]
       ,[10, -60],[4, -61] ]:
PointSelection := "QuasiUniformPointsAss(30,61)":
Machine := "Pieri":
NumberOfIterations := 1000:
##############################################################################
Instance:=2500:
PreTime:=   1127.16:
GroebnerTime:=1061451.54:
RealTime:=   4322.13:
Table:=[[0,0,0,643,1114,559,155,29]
       ,[0,0,0,1044,1078,350,28,0]
       ,[0,0,51,276,534,850,423,366]
       ,[0,0,0,253,733,935,567,12]
       ,[0,0,0,268,876,966,389,1]
       ,[0,0,0,589,891,909,102,9]
       ,[0,0,0,171,439,959,596,335]
       ,[0,0,0,0,423,1319,698,60]
       ,[0,0,0,405,899,862,303,31]
       ,[0,0,25,475,1235,692,65,8]]:
CoefficientHeight:=  165.4:
