##############################################################################
#
#  Data for the enumerative problem
#  A1534 A1325 We3 Ye2  = 10 on Hermes
#  1000 iterations planned  
#
##############################################################################
FlagVariety:=[2, 4, 6]:
Label := "A1534 A1325 We3 Ye2 ":
EnumerativeProblem:=[ [1, 5, 3, 4, 2, 6] ,[1, 3, 2, 5, 4, 6]
                     ,[1, 3, 2, 4, 5, 6] ,[1, 3, 2, 4, 5, 6]
                     ,[1, 3, 2, 4, 5, 6] ,[1, 2, 3, 5, 4, 6]
                     ,[1, 2, 3, 5, 4, 6]]:
NumberOfSolutions := 10:
Necklaces:=[ [1, 2, 3, 4, 5, 6] ,[1, 2, 3, 5, 4, 6]
            ,[1, 2, 3, 6, 4, 5] ,[1, 2, 4, 5, 3, 6]
            ,[1, 2, 4, 6, 3, 5] ,[1, 2, 5, 6, 3, 4]
            ,[1, 3, 4, 5, 2, 6] ,[1, 3, 4, 6, 2, 5]
            ,[1, 3, 5, 6, 2, 4] ,[1, 4, 5, 6, 2, 3]
            ,[2, 1, 3, 4, 5, 6] ,[2, 1, 3, 5, 4, 6]
            ,[2, 1, 3, 6, 4, 5] ,[2, 1, 4, 5, 3, 6]
            ,[2, 1, 4, 6, 3, 5] ,[2, 1, 5, 6, 3, 4]
            ,[3, 1, 2, 4, 5, 6] ,[3, 1, 2, 5, 4, 6]
            ,[3, 1, 2, 6, 4, 5] ,[4, 1, 2, 3, 5, 6]
            ,[5, 1, 2, 3, 4, 6] ,[4, 1, 2, 5, 3, 6]
            ,[4, 1, 2, 6, 3, 5] ,[5, 1, 2, 4, 3, 6]
            ,[3, 1, 4, 5, 2, 6] ,[3, 1, 4, 6, 2, 5]
            ,[4, 1, 3, 5, 2, 6] ,[5, 1, 3, 4, 2, 6]
            ,[2, 3, 4, 5, 1, 6] ,[3, 2, 4, 5, 1, 6]
           ]:
Points:=[[11, 82],[19, 81],[28, 78],[35, 75],[43, 71],[50, 66],[56, 61]
       ,[62, 55],[67, 49],[72, 42],[76, 34],[79, 26],[81, 18],[82, 10]
       ,[83, 1],[83, -7],[82, -15],[80, -24],[77, -31],[73, -39],[69, -46]
       ,[64, -53],[58, -59],[52, -65],[45, -70],[38, -74],[30, -77],[22, -80]
       ,[14, -82],[6, -83] ]:
PointSelection := "QuasiUniformPointsAss(30,83)":
Machine := "rcf1537-8":
NumberOfIterations := 1000:
##############################################################################
Instance:=25000:
PreTime:=   6219.21:
GroebnerTime:= 328152.68:
RealTime:=  40331.03:
Table:=[[0,0,0,0,4223,20777]
       ,[0,0,96,2390,12472,10042]
       ,[0,0,29,4674,14111,6186]
       ,[0,0,292,4454,12717,7537]
       ,[0,47,1660,5485,10923,6885]
       ,[0,153,2296,9680,9144,3727]
       ,[0,0,19,5499,13933,5549]
       ,[0,0,2260,7665,11851,3224]
       ,[0,0,2675,5659,8339,8327]
       ,[0,0,381,2733,6844,15042]
       ,[0,0,0,1136,12878,10986]
       ,[0,0,1557,5623,11751,6069]
       ,[0,0,5039,8819,7093,4049]
       ,[0,40,1272,8174,11120,4394]
       ,[0,124,2086,7650,10037,5103]
       ,[0,0,887,3136,9475,11502]
       ,[0,0,1909,5186,6169,11736]
       ,[0,0,599,4414,11170,8817]
       ,[0,0,52,1755,8248,14945]
       ,[0,0,0,0,0,25000]
       ,[0,0,6283,5275,3504,9938]
       ,[0,0,2044,6739,9076,7141]
       ,[0,1,3525,7084,6719,7671]
       ,[0,0,94,3400,12567,8939]
       ,[0,0,90,3665,11101,10144]
       ,[0,21,1042,6475,10517,6945]
       ,[0,2,1046,7081,9992,6879]
       ,[0,0,11,1827,12021,11141]
       ,[0,0,0,0,5409,19591]
       ,[0,0,1,2946,10761,11292]]:
CoefficientHeight:=   73.2:
