##############################################################################
#
#  Data for the enumerative problem
#  A1524 A1325e3 W Y  = 18 on Chevalley
#
##############################################################################
FlagVariety:=[2, 4, 6]:
Label := "A1524 A1325e3 W Y ":
EnumerativeProblem:=[ [1, 5, 2, 4, 3, 6] ,[1, 3, 2, 5, 4, 6]
                     ,[1, 3, 2, 5, 4, 6] ,[1, 3, 2, 5, 4, 6]
                     ,[1, 3, 2, 4, 5, 6] ,[1, 2, 3, 5, 4, 6]
                    ]:
NumberOfSolutions := 18:
Necklaces:=[ [1, 2, 3, 4, 5] ,[1, 2, 3, 5, 4]
            ,[1, 2, 4, 3, 5] ,[1, 2, 5, 3, 4]
            ,[1, 2, 4, 5, 3] ,[1, 2, 5, 4, 3]
            ,[1, 3, 4, 2, 5] ,[1, 3, 5, 2, 4]
            ,[1, 3, 4, 5, 2] ,[2, 3, 4, 1, 5]
           ]:
Points:=[[3, 23],[5, 22],[8, 22],[10, 21],[12, 20],[14, 18],[16, 17]
       ,[17, 15],[19, 13],[20, 12],[21, 9],[22, 7],[22, 5],[23, 3]
       ,[23, 0],[23, -2],[23, -4],[22, -7],[21, -9],[20, -11],[19, -13]
       ,[18, -15],[16, -16],[14, -18],[12, -19],[10, -20],[8, -21],[6, -22]
       ,[4, -23],[2, -23] ]:
PointSelection := "QuasiUniformPointsAss(30,23)":
Machine := "Chevalley":
##############################################################################
Instance:=2000:
PreTime:=    434.69:
GroebnerTime:= 224083.04:
RealTime:=   5282.98:
Table:=[[0,0,0,195,608,397,390,294,50,66]
       ,[0,0,0,0,0,617,860,311,160,52]
       ,[0,0,0,0,27,148,542,432,575,276]
       ,[0,0,0,24,214,545,433,302,357,125]
       ,[0,0,0,0,9,182,550,561,495,203]
       ,[0,0,0,0,178,451,507,437,327,100]
       ,[0,0,0,0,46,530,479,346,408,191]
       ,[0,0,0,0,0,61,309,747,512,371]
       ,[0,0,0,0,64,489,471,408,445,123]
       ,[0,0,0,15,173,734,633,387,55,3]]:
CoefficientHeight:=   98.4:
