##############################################################################
#
#  Data for the enumerative problem
#  A1435 W2 Y11 A1325e2  = 8 on Rota
#
##############################################################################
FlagVariety:=[2, 4, 6]:
Label := "A1435 W2 Y11 A1325e2 ":
EnumerativeProblem:=[ [1, 4, 3, 5, 2, 6] ,[1, 4, 2, 3, 5, 6]
                     ,[1, 2, 4, 5, 3, 6] ,[1, 3, 2, 5, 4, 6]
                     ,[1, 3, 2, 5, 4, 6]]:
NumberOfSolutions := 8:
Necklaces:=[ [1, 2, 3, 4] ,[1, 3, 2, 4]
            ,[1, 4, 2, 3] ,[2, 1, 3, 4]
            ,[3, 1, 2, 4] ,[2, 3, 1, 4]
           ]:
Points:=[[3, 31],[6, 31],[8, 30],[10, 29],[12, 28],[14, 27],[17, 26]
       ,[18, 25],[20, 23],[22, 22],[24, 20],[25, 18],[26, 16],[28, 14]
       ,[29, 12],[29, 10],[30, 7],[31, 5],[31, 3],[31, 0],[31, -2]
       ,[31, -4],[30, -7],[30, -9],[29, -11],[28, -13],[27, -16],[26, -18]
       ,[24, -19],[23, -21],[21, -23],[19, -24],[17, -26],[15, -27],[13, -28]
       ,[11, -29],[9, -30],[6, -30],[4, -31],[2, -31] ]:
PointSelection := "QuasiUniformPointsAss(40,31)":
Machine := "Rota":
##############################################################################
Instance:=15000:
PreTime:=  20799.13:
GroebnerTime:=  45599.88:
RealTime:=  16198.97:
Table:=[[0,0,770,6633,7597]
       ,[0,0,0,2334,12666]
       ,[0,0,3943,7847,3210]
       ,[0,137,5707,6507,2649]
       ,[0,0,1430,6548,7022]
       ,[0,0,0,6195,8805]]:
CoefficientHeight:=   24.7:
