##############################################################################
#
#  Data for the enumerative problem
#  A1435 W2 A1325e3  = 12 on Rota
#
##############################################################################
FlagVariety:=[2, 4, 6]:
Label := "A1435 W2 A1325e3 ":
EnumerativeProblem:=[ [1, 4, 3, 5, 2, 6] ,[1, 4, 2, 3, 5, 6]
                     ,[1, 3, 2, 5, 4, 6] ,[1, 3, 2, 5, 4, 6]
                     ,[1, 3, 2, 5, 4, 6]]:
NumberOfSolutions := 12:
Necklaces:=[ [1, 2, 3, 4] ,[2, 1, 3, 4]
           ]:
Points:=[[3, 31],[6, 31],[8, 30],[10, 29],[12, 28],[14, 27],[17, 26]
       ,[18, 25],[20, 23],[22, 22],[24, 20],[25, 18],[26, 16],[28, 14]
       ,[29, 12],[29, 10],[30, 7],[31, 5],[31, 3],[31, 0],[31, -2]
       ,[31, -4],[30, -7],[30, -9],[29, -11],[28, -13],[27, -16],[26, -18]
       ,[24, -19],[23, -21],[21, -23],[19, -24],[17, -26],[15, -27],[13, -28]
       ,[11, -29],[9, -30],[6, -30],[4, -31],[2, -31] ]:
PointSelection := "QuasiUniformPointsAss(40,31)":
Machine := "Rota":
##############################################################################
Instance:=20000:
PreTime:=  24469.49:
GroebnerTime:=  28150.52:
RealTime:=  17544.84:
Table:=[[0,0,0,4477,14348,1160,15]
       ,[0,0,0,0,8991,7946,3063]]:
CoefficientHeight:=   33.6:
