##############################################################################
#
#  Data for the enumerative problem
#  A1426 A1325e3 Y W  = 19 on Pieri
#
##############################################################################
FlagVariety:=[2, 4, 6]:
Label := "A1426 A1325e3 Y W ":
EnumerativeProblem:=[ [1, 4, 2, 6, 3, 5] ,[1, 3, 2, 5, 4, 6]
                     ,[1, 3, 2, 5, 4, 6] ,[1, 3, 2, 5, 4, 6]
                     ,[1, 2, 3, 5, 4, 6] ,[1, 3, 2, 4, 5, 6]
                    ]:
NumberOfSolutions := 19:
Necklaces:=[ [1, 2, 3, 4, 5] ,[1, 2, 3, 5, 4]
            ,[1, 2, 4, 3, 5] ,[1, 2, 5, 3, 4]
            ,[1, 2, 4, 5, 3] ,[1, 2, 5, 4, 3]
            ,[1, 3, 4, 2, 5] ,[1, 3, 5, 2, 4]
            ,[1, 3, 4, 5, 2] ,[2, 3, 4, 1, 5]
           ]:
Points:=[[4, 25],[7, 24],[10, 23],[13, 22],[15, 20],[17, 18],[19, 16]
       ,[21, 13],[23, 11],[24, 8],[24, 5],[25, 2],[25, -1],[25, -4]
       ,[24, -7],[23, -10],[22, -13],[20, -15],[18, -17],[16, -19],[13, -21]
       ,[11, -23],[8, -24],[5, -24],[2, -25] ]:
PointSelection := "QuasiUniformPointsAss(25,25)":
Machine := "Pieri":
##############################################################################
Instance:=2500:
PreTime:=    755.51:
GroebnerTime:= 493610.78:
RealTime:=   8438.60:
Table:=[ [0, 0, 0, 3, 276, 155, 1160, 704, 176, 26]
        ,[0, 0, 0, 14, 383, 894, 841, 249, 87, 32]
        ,[0, 0, 0, 40, 250, 507, 719, 625, 334, 25]
        ,[0, 0, 0, 78, 343, 894, 578, 293, 247, 67]
        ,[0, 0, 0, 0, 7, 467, 839, 595, 477, 115]
        ,[0, 0, 0, 39, 441, 720, 600, 466, 201, 33]
        ,[0, 0, 0, 0, 110, 529, 793, 666, 359, 43]
        ,[0, 0, 0, 0, 1, 76, 500, 1107, 743, 73]
        ,[0, 0, 0, 0, 4, 570, 895, 651, 342, 38]
        ,[0, 0, 0, 96, 175, 365, 781, 763, 274, 46]]:
CoefficientHeight:=  124.0:
