##############################################################################
#
#  Data for the enumerative problem
#  W3 A1325 We2 Y Y11e2  = 10 on rcf1537-8
#
##############################################################################
FlagVariety:=[2, 4, 6]:
Label := "W3 A1325 We2 Y Y11e2 ":
EnumerativeProblem:=[ [1, 5, 2, 3, 4, 6] ,[1, 3, 2, 5, 4, 6]
                     ,[1, 3, 2, 4, 5, 6] ,[1, 3, 2, 4, 5, 6]
                     ,[1, 2, 3, 5, 4, 6] ,[1, 2, 4, 5, 3, 6]
                     ,[1, 2, 4, 5, 3, 6]]:
NumberOfSolutions := 10:
Necklaces:=[ [3, 2, 5, 6, 1, 4] ,[2, 3, 5, 6, 1, 4]
            ,[3, 1, 5, 6, 2, 4] ,[2, 1, 5, 6, 3, 4]
            ,[1, 3, 5, 6, 2, 4] ,[6, 1, 4, 5, 2, 3]
            ,[4, 2, 6, 3, 1, 5] ,[5, 1, 3, 4, 2, 6]
            ,[4, 2, 5, 3, 1, 6] ,[5, 3, 6, 4, 1, 2]
            ,[6, 2, 4, 5, 1, 3] ,[2, 3, 4, 1, 5, 6]
            ,[1, 3, 4, 2, 5, 6] ,[1, 3, 6, 4, 2, 5]
            ,[5, 2, 6, 3, 1, 4] ,[6, 1, 3, 4, 2, 5]
            ,[2, 1, 4, 5, 3, 6] ,[1, 2, 4, 5, 3, 6]
            ,[6, 2, 4, 3, 1, 5] ,[5, 2, 4, 3, 1, 6]
            ,[6, 3, 5, 4, 1, 2] ,[2, 4, 6, 5, 1, 3]
            ,[1, 4, 6, 5, 2, 3] ,[4, 1, 5, 6, 2, 3]
            ,[1, 2, 3, 4, 5, 6] ,[5, 2, 4, 6, 1, 3]
            ,[6, 3, 5, 1, 2, 4] ,[2, 4, 6, 1, 3, 5]
            ,[1, 4, 6, 2, 3, 5] ,[4, 2, 6, 5, 1, 3]
            ,[4, 2, 5, 6, 1, 3] ,[5, 3, 6, 1, 2, 4]
            ,[6, 1, 4, 2, 3, 5] ,[2, 1, 5, 3, 4, 6]
            ,[1, 2, 5, 3, 4, 6] ,[6, 2, 5, 3, 1, 4]
            ,[1, 5, 6, 4, 2, 3] ,[5, 4, 6, 3, 1, 2]
            ,[6, 1, 5, 4, 2, 3] ,[2, 1, 6, 5, 3, 4]
            ,[1, 2, 6, 5, 3, 4] ,[4, 5, 6, 3, 1, 2]
            ,[5, 1, 6, 4, 2, 3] ,[6, 1, 2, 5, 3, 4]
            ,[3, 1, 2, 6, 4, 5] ,[2, 1, 3, 6, 4, 5]
            ,[1, 2, 3, 6, 4, 5] ,[1, 4, 5, 6, 2, 3]
            ,[2, 5, 6, 1, 3, 4] ,[4, 3, 6, 5, 1, 2]
            ,[5, 1, 4, 6, 2, 3] ,[4, 3, 5, 6, 1, 2]
            ,[6, 2, 5, 1, 3, 4] ,[3, 1, 6, 2, 4, 5]
            ,[3, 5, 6, 4, 1, 2] ,[3, 4, 6, 5, 1, 2]
            ,[3, 4, 5, 6, 1, 2] ,[6, 4, 5, 2, 1, 3]
            ,[1, 5, 6, 3, 2, 4] ,[5, 4, 6, 2, 1, 3]
            ,[6, 1, 5, 3, 2, 4] ,[2, 1, 6, 4, 3, 5]
            ,[4, 5, 6, 2, 1, 3] ,[6, 3, 4, 2, 1, 5]
            ,[1, 4, 5, 3, 2, 6] ,[5, 3, 4, 2, 1, 6]
            ,[2, 5, 6, 4, 1, 3] ,[4, 3, 6, 2, 1, 5]
            ,[5, 1, 4, 3, 2, 6] ,[4, 3, 5, 2, 1, 6]
            ,[3, 2, 6, 5, 1, 4] ,[2, 3, 6, 5, 1, 4]
            ,[3, 1, 6, 5, 2, 4] ,[3, 5, 6, 2, 1, 4]
            ,[4, 1, 6, 3, 2, 5] ,[5, 1, 2, 4, 3, 6]
            ,[3, 4, 6, 2, 1, 5] ,[4, 1, 5, 3, 2, 6]
            ,[3, 4, 5, 2, 1, 6] ,[6, 2, 3, 5, 1, 4]
            ,[4, 2, 3, 6, 1, 5] ,[3, 2, 4, 6, 1, 5]
            ,[2, 3, 4, 6, 1, 5] ,[4, 1, 3, 6, 2, 5]
            ,[3, 1, 4, 6, 2, 5] ,[4, 1, 2, 6, 3, 5]
            ,[1, 3, 4, 6, 2, 5] ,[2, 4, 5, 1, 3, 6]
            ,[5, 2, 3, 1, 4, 6] ,[2, 4, 5, 3, 1, 6]
           ]:
Points:=[[11, 82],[19, 81],[28, 78],[35, 75],[43, 71],[50, 66],[56, 61]
       ,[62, 55],[67, 49],[72, 42],[76, 34],[79, 26],[81, 18],[82, 10]
       ,[83, 1],[83, -7],[82, -15],[80, -24],[77, -31],[73, -39],[69, -46]
       ,[64, -53],[58, -59],[52, -65],[45, -70],[38, -74],[30, -77],[22, -80]
       ,[14, -82],[6, -83] ]:
PointSelection := "QuasiUniformPointsAss(30,83)":
Machine := "rcf1537-8":
##############################################################################
Instance:=2000:
PreTime:=   2194.80:
GroebnerTime:=1971083.23:
RealTime:=  12783.53:
Table:=[[0,9,167,879,639,306]
       ,[0,0,142,565,857,436]
       ,[0,29,153,648,838,332]
       ,[0,0,0,73,945,982]
       ,[0,45,403,800,564,188]
       ,[0,0,8,305,1176,511]
       ,[0,6,87,636,887,384]
       ,[0,2,171,786,695,346]
       ,[0,6,124,559,855,456]
       ,[0,0,116,412,988,484]
       ,[0,8,286,824,595,287]
       ,[0,0,0,247,815,938]
       ,[0,18,342,604,656,380]
       ,[0,7,81,396,1136,380]
       ,[0,0,4,192,652,1152]
       ,[0,0,30,272,1054,644]
       ,[0,4,33,406,741,816]
       ,[0,0,111,641,693,555]
       ,[0,24,46,886,704,340]
       ,[0,1,95,419,843,642]
       ,[0,0,266,285,823,626]
       ,[0,3,39,643,675,640]
       ,[0,0,44,285,554,1117]
       ,[0,0,15,436,622,927]
       ,[0,0,0,210,301,1489]
       ,[0,3,278,716,738,265]
       ,[0,0,279,613,641,467]
       ,[0,11,338,859,601,191]
       ,[0,0,83,498,894,525]
       ,[0,4,42,772,895,287]
       ,[0,0,47,888,753,312]
       ,[0,0,1,554,846,599]
       ,[0,3,96,525,949,427]
       ,[0,0,11,319,823,847]
       ,[0,0,16,493,1036,455]
       ,[0,0,24,666,807,503]
       ,[0,0,0,0,0,2000]
       ,[0,0,325,613,353,709]
       ,[0,0,139,617,531,713]
       ,[0,0,0,0,0,2000]
       ,[0,0,214,549,619,618]
       ,[0,0,0,0,0,2000]
       ,[0,0,0,0,0,2000]
       ,[0,0,0,0,0,2000]
       ,[0,0,0,0,0,2000]
       ,[0,0,288,518,614,580]
       ,[0,0,0,187,442,1371]
       ,[0,0,170,599,696,535]
       ,[0,0,0,36,1331,633]
       ,[0,0,355,493,762,390]
       ,[0,0,31,525,1027,417]
       ,[0,2,565,386,450,597]
       ,[0,0,52,358,1074,516]
       ,[0,0,5,259,1083,653]
       ,[0,0,321,337,739,603]
       ,[0,0,21,602,646,731]
       ,[0,0,0,183,349,1468]
       ,[0,0,0,209,590,1201]
       ,[0,0,0,0,0,2000]
       ,[0,0,388,448,616,548]
       ,[0,0,146,494,710,650]
       ,[0,0,0,0,0,2000]
       ,[0,0,0,0,0,2000]
       ,[0,0,1,284,1023,692]
       ,[0,0,0,628,869,503]
       ,[0,0,0,49,607,1344]
       ,[0,0,35,166,945,854]
       ,[0,0,45,733,837,385]
       ,[0,0,2,351,1193,454]
       ,[0,32,516,417,369,666]
       ,[0,0,0,642,663,695]
       ,[0,0,0,604,816,580]
       ,[0,0,6,67,1300,627]
       ,[0,0,0,148,990,862]
       ,[0,0,0,93,900,1007]
       ,[0,0,0,30,1234,736]
       ,[0,0,122,631,800,447]
       ,[0,0,0,710,791,499]
       ,[0,0,0,236,429,1335]
       ,[0,0,0,287,999,714]
       ,[0,0,0,113,366,1521]
       ,[0,92,550,350,423,585]
       ,[0,0,6,116,722,1156]
       ,[0,0,69,656,716,559]
       ,[0,0,29,611,954,406]
       ,[0,0,0,62,1389,549]
       ,[0,0,0,138,1272,590]
       ,[0,0,103,523,741,633]
       ,[0,0,28,596,799,577]
       ,[0,14,306,796,502,382]]:
CoefficientHeight:=  174.1:
