##############################################################################
#
#  Data for the enumerative problem
#  A1425e2 W2 Ye4  = 6 on rcf1537-10
#  1000 iterations planned  
#
##############################################################################
FlagVariety:=[2, 4, 6]:
Label := "A1425e2 W2 Ye4 ":
EnumerativeProblem:=[ [1, 4, 2, 5, 3, 6] ,[1, 4, 2, 5, 3, 6]
                     ,[1, 4, 2, 3, 5, 6] ,[1, 2, 3, 5, 4, 6]
                     ,[1, 2, 3, 5, 4, 6] ,[1, 2, 3, 5, 4, 6]
                     ,[1, 2, 3, 5, 4, 6]]:
NumberOfSolutions := 6:
Necklaces:=[ [1, 2, 3, 4, 5, 6] ,[1, 3, 2, 4, 5, 6]
            ,[1, 4, 2, 3, 5, 6] ,[2, 1, 3, 4, 5, 6]
            ,[3, 1, 2, 4, 5, 6] ,[4, 1, 2, 3, 5, 6]
            ,[5, 1, 2, 3, 4, 6] ,[2, 4, 1, 3, 5, 6]
            ,[4, 2, 1, 3, 5, 6]]:
Points:=[[3, 23],[5, 22],[8, 22],[10, 21],[12, 20],[14, 18],[16, 17]
       ,[17, 15],[19, 13],[20, 12],[21, 9],[22, 7],[22, 5],[23, 3]
       ,[23, 0],[23, -2],[23, -4],[22, -7],[21, -9],[20, -11],[19, -13]
       ,[18, -15],[16, -16],[14, -18],[12, -19],[10, -20],[8, -21],[6, -22]
       ,[4, -23],[2, -23] ]:
PointSelection := "QuasiUniformPointsAss(30,23)":
Machine := "rcf1537-10":
NumberOfIterations := 1000:
##############################################################################
Instance:=25000:
PreTime:=   8877.92:
GroebnerTime:=  29271.63:
RealTime:=   4534.16:
Table:=[[0,0,0,25000]
       ,[0,0,0,25000]
       ,[0,0,0,25000]
       ,[0,0,0,25000]
       ,[0,0,0,25000]
       ,[0,0,0,25000]
       ,[0,0,0,25000]
       ,[0,0,0,25000]
       ,[0,0,0,25000]]:
CoefficientHeight:=   48.3:
