##############################################################################
#
#  Data for the enumerative problem
#  A1425e2 A2315e2  = 2 on Schubert
#
##############################################################################
FlagVariety:=[2, 4, 6]:
Label := "A1425e2 A2315e2 ":
EnumerativeProblem:=[ [1, 4, 2, 5, 3, 6] ,[1, 4, 2, 5, 3, 6]
                     ,[2, 3, 1, 5, 4, 6] ,[2, 3, 1, 5, 4, 6]
                    ]:
NumberOfSolutions := 2:
Necklaces:=[ [1, 2, 3] ,[2, 1, 3]
           ]:
Points:=[[3, 41],[6, 41],[8, 40],[11, 40],[13, 39],[16, 38],[18, 37]
       ,[20, 36],[22, 34],[24, 33],[26, 31],[28, 30],[30, 28],[32, 26]
       ,[33, 24],[35, 22],[36, 20],[37, 18],[38, 15],[39, 13],[40, 10]
       ,[40, 8],[41, 5],[41, 3],[41, 0],[41, -2],[41, -5],[40, -7]
       ,[40, -10],[39, -12],[38, -14],[37, -17],[36, -19],[35, -21],[34, -23]
       ,[32, -25],[31, -27],[29, -29],[27, -31],[25, -32],[23, -34],[21, -35]
       ,[19, -37],[16, -38],[14, -39],[12, -39],[9, -40],[7, -40],[4, -41]
       ,[2, -41] ]:
PointSelection := "QuasiUniformPointsAss(50,41)":
Machine := "Schubert":
##############################################################################
Instance:=10000:
PreTime:=   6549.32:
GroebnerTime:=    704.62:
RealTime:=    663.87:
Table:=[[790,9213]
       ,[0,10003]]:
CoefficientHeight:=   25.2:
