##############################################################################
#
#  Data for the enumerative problem
#  A1425 W2e2 Ye5  = 14 on rcf1537-10
#  1000 iterations planned  
#
##############################################################################
FlagVariety:=[2, 4, 6]:
Label := "A1425 W2e2 Ye5 ":
EnumerativeProblem:=[ [1, 4, 2, 5, 3, 6] ,[1, 4, 2, 3, 5, 6]
                     ,[1, 4, 2, 3, 5, 6] ,[1, 2, 3, 5, 4, 6]
                     ,[1, 2, 3, 5, 4, 6] ,[1, 2, 3, 5, 4, 6]
                     ,[1, 2, 3, 5, 4, 6] ,[1, 2, 3, 5, 4, 6]
                    ]:
NumberOfSolutions := 14:
Necklaces:=[ [1, 2, 3, 4, 5, 6, 7] ,[1, 3, 2, 4, 5, 6, 7]
            ,[1, 4, 2, 3, 5, 6, 7] ,[1, 5, 2, 3, 4, 6, 7]
            ,[1, 6, 2, 3, 4, 5, 7] ,[1, 7, 2, 3, 4, 5, 6]
            ,[2, 3, 1, 4, 5, 6, 7] ,[2, 4, 1, 3, 5, 6, 7]
            ,[2, 5, 1, 3, 4, 6, 7] ,[2, 6, 1, 3, 4, 5, 7]
            ,[3, 4, 1, 2, 5, 6, 7] ,[3, 5, 1, 2, 4, 6, 7]
           ]:
Points:=[[3, 23],[5, 22],[8, 22],[10, 21],[12, 20],[14, 18],[16, 17]
       ,[17, 15],[19, 13],[20, 12],[21, 9],[22, 7],[22, 5],[23, 3]
       ,[23, 0],[23, -2],[23, -4],[22, -7],[21, -9],[20, -11],[19, -13]
       ,[18, -15],[16, -16],[14, -18],[12, -19],[10, -20],[8, -21],[6, -22]
       ,[4, -23],[2, -23] ]:
PointSelection := "QuasiUniformPointsAss(30,23)":
Machine := "rcf1537-10":
NumberOfIterations := 1000:
##############################################################################
Instance:=25000:
PreTime:=   7046.18:
GroebnerTime:=1774723.00:
RealTime:=  42009.46:
Table:=[[0,0,0,0,0,0,0,25000]
       ,[0,285,1350,703,3541,6234,5165,7722]
       ,[0,0,0,3,2078,7810,9229,5880]
       ,[0,0,0,7,1799,5523,11870,5801]
       ,[0,0,100,120,1733,4536,8343,10168]
       ,[0,0,0,0,0,0,0,25000]
       ,[0,0,1434,590,1456,1919,313,19288]
       ,[0,2108,1497,1634,4383,7638,3631,4109]
       ,[0,0,19,175,2892,10559,7414,3941]
       ,[0,4,11,19,1227,10023,10822,2894]
       ,[0,0,140,927,5232,4878,3252,10571]
       ,[0,3908,840,1294,6432,5913,2452,4161]]:
CoefficientHeight:=  130.0:
