##############################################################################
#
#  Data for the enumerative problem
#  A2315 Y11e2 We5  = 10 on Witherlin
#
##############################################################################
FlagVariety:=[2, 4, 6]:
Label := "A2315 Y11e2 We5 ":
EnumerativeProblem:=[ [2, 3, 1, 5, 4, 6] ,[1, 2, 4, 5, 3, 6]
                     ,[1, 2, 4, 5, 3, 6] ,[1, 3, 2, 4, 5, 6]
                     ,[1, 3, 2, 4, 5, 6] ,[1, 3, 2, 4, 5, 6]
                     ,[1, 3, 2, 4, 5, 6] ,[1, 3, 2, 4, 5, 6]
                    ]:
NumberOfSolutions := 10:
Necklaces:=[ [1, 2, 3, 4, 5, 6, 7] ,[1, 3, 2, 4, 5, 6, 7]
            ,[1, 4, 2, 3, 5, 6, 7] ,[1, 5, 2, 3, 4, 6, 7]
            ,[1, 6, 2, 3, 4, 5, 7] ,[1, 7, 2, 3, 4, 5, 6]
            ,[2, 3, 1, 4, 5, 6, 7] ,[2, 4, 1, 3, 5, 6, 7]
            ,[2, 5, 1, 3, 4, 6, 7] ,[2, 6, 1, 3, 4, 5, 7]
            ,[3, 4, 1, 2, 5, 6, 7] ,[3, 5, 1, 2, 4, 6, 7]
           ]:
Points:=[[3, 23],[5, 22],[8, 22],[10, 21],[12, 20],[14, 18],[16, 17]
       ,[17, 15],[19, 13],[20, 12],[21, 9],[22, 7],[22, 5],[23, 3]
       ,[23, 0],[23, -2],[23, -4],[22, -7],[21, -9],[20, -11],[19, -13]
       ,[18, -15],[16, -16],[14, -18],[12, -19],[10, -20],[8, -21],[6, -22]
       ,[4, -23],[2, -23] ]:
PointSelection := "QuasiUniformPointsAss(30,23)":
Machine := "Witherlin":
##############################################################################
Instance:=10000:
PreTime:=   6774.03:
GroebnerTime:= 426182.99:
RealTime:=   8456.49:
Table:=[[0,0,0,0,0,10000]
       ,[0,0,598,2804,3497,3101]
       ,[0,0,0,3296,4020,2684]
       ,[0,0,0,3165,4162,2673]
       ,[0,0,670,2762,3530,3038]
       ,[0,0,0,0,0,10000]
       ,[0,0,853,2745,3287,3115]
       ,[0,173,3151,2973,2499,1204]
       ,[0,490,1471,3177,3890,972]
       ,[0,221,2990,3081,2564,1144]
       ,[0,0,0,3273,4185,2542]
       ,[0,447,1373,3266,3874,1040]]:
CoefficientHeight:=   91.2:
