##############################################################################
#
#  Data for the enumerative problem
#  A231645 We3 Ye5  = 10 on Schubert
#  1000 iterations planned  
#
##############################################################################
FlagVariety:=[2, 4, 6]:
Label := "A231645 We3 Ye5 ":
EnumerativeProblem:=[ [2, 3, 1, 6, 4, 5] ,[1, 3, 2, 4, 5, 6]
                     ,[1, 3, 2, 4, 5, 6] ,[1, 3, 2, 4, 5, 6]
                     ,[1, 2, 3, 5, 4, 6] ,[1, 2, 3, 5, 4, 6]
                     ,[1, 2, 3, 5, 4, 6] ,[1, 2, 3, 5, 4, 6]
                     ,[1, 2, 3, 5, 4, 6]]:
NumberOfSolutions := 10:
Necklaces:=[ [1, 2, 3, 4, 5, 6, 7, 8] ,[1, 2, 4, 3, 5, 6, 7, 8]
            ,[1, 2, 5, 3, 4, 6, 7, 8] ,[1, 2, 6, 3, 4, 5, 7, 8]
            ,[1, 2, 7, 3, 4, 5, 6, 8] ,[1, 2, 8, 3, 4, 5, 6, 7]
            ,[1, 3, 4, 2, 5, 6, 7, 8] ,[1, 3, 5, 2, 4, 6, 7, 8]
            ,[1, 3, 6, 2, 4, 5, 7, 8] ,[1, 3, 7, 2, 4, 5, 6, 8]
            ,[1, 3, 8, 2, 4, 5, 6, 7] ,[1, 4, 5, 2, 3, 6, 7, 8]
            ,[1, 4, 6, 2, 3, 5, 7, 8] ,[1, 4, 7, 2, 3, 5, 6, 8]
            ,[1, 4, 8, 2, 3, 5, 6, 7] ,[1, 5, 6, 2, 3, 4, 7, 8]
            ,[1, 5, 7, 2, 3, 4, 6, 8] ,[1, 6, 7, 2, 3, 4, 5, 8]
            ,[2, 3, 4, 1, 5, 6, 7, 8] ,[2, 3, 5, 1, 4, 6, 7, 8]
            ,[2, 3, 6, 1, 4, 5, 7, 8] ,[2, 3, 7, 1, 4, 5, 6, 8]
            ,[2, 4, 5, 1, 3, 6, 7, 8] ,[2, 4, 6, 1, 3, 5, 7, 8]
            ,[2, 4, 7, 1, 3, 5, 6, 8] ,[2, 5, 6, 1, 3, 4, 7, 8]
            ,[3, 4, 5, 1, 2, 6, 7, 8] ,[3, 4, 6, 1, 2, 5, 7, 8]
           ]:
Points:=[[3, 23],[5, 22],[8, 22],[10, 21],[12, 20],[14, 18],[16, 17]
       ,[17, 15],[19, 13],[20, 12],[21, 9],[22, 7],[22, 5],[23, 3]
       ,[23, 0],[23, -2],[23, -4],[22, -7],[21, -9],[20, -11],[19, -13]
       ,[18, -15],[16, -16],[14, -18],[12, -19],[10, -20],[8, -21],[6, -22]
       ,[4, -23],[2, -23] ]:
PointSelection := "QuasiUniformPointsAss(30,23)":
Machine := "Schubert":
NumberOfIterations := 1000:
##############################################################################
Instance:=10000:
PreTime:=   4377.94:
GroebnerTime:= 285857.18:
RealTime:=  21801.72:
Table:=[[0,0,0,0,0,10000]
       ,[0,0,0,1340,1344,7316]
       ,[0,0,50,2120,4539,3291]
       ,[0,0,0,2356,4847,2797]
       ,[0,0,0,3416,3160,3424]
       ,[0,0,0,828,1423,7749]
       ,[0,0,438,2761,2966,3835]
       ,[0,0,837,3185,3854,2124]
       ,[0,0,56,2772,5771,1401]
       ,[0,0,78,4274,3061,2587]
       ,[0,25,64,2112,1604,6195]
       ,[0,4,200,1959,4518,3319]
       ,[0,0,226,1570,6266,1938]
       ,[0,6,448,2192,5554,1800]
       ,[0,21,130,1891,4537,3421]
       ,[0,134,652,2521,3922,2771]
       ,[0,192,743,3184,3011,2870]
       ,[0,9,142,2496,1810,5543]
       ,[0,88,416,1357,1211,6928]
       ,[0,479,1156,1894,1865,4606]
       ,[0,14,854,2393,4941,1798]
       ,[0,175,970,4246,3608,1001]
       ,[0,426,1510,4387,2391,1286]
       ,[0,10,1596,4855,2770,769]
       ,[0,28,1885,5241,2408,438]
       ,[0,70,1632,3044,3719,1535]
       ,[0,389,1628,2917,2999,2067]
       ,[0,47,1609,3569,3495,1280]]:
CoefficientHeight:=  132.8:
