##############################################################################
#
#  Data for the enumerative problem
#  Y21e2 W21e2  = 2 on Schubert
#
##############################################################################
FlagVariety:=[2, 4, 6]:
Label := "Y21e2 W21e2 ":
EnumerativeProblem:=[ [1, 2, 4, 6, 3, 5] ,[1, 2, 4, 6, 3, 5]
                     ,[2, 4, 1, 3, 5, 6] ,[2, 4, 1, 3, 5, 6]
                    ]:
NumberOfSolutions := 2:
Necklaces:=[ [1, 2, 3] ,[2, 1, 3]
           ]:
Points:=[[3, 41],[6, 41],[8, 40],[11, 40],[13, 39],[16, 38],[18, 37]
       ,[20, 36],[22, 34],[24, 33],[26, 31],[28, 30],[30, 28],[32, 26]
       ,[33, 24],[35, 22],[36, 20],[37, 18],[38, 15],[39, 13],[40, 10]
       ,[40, 8],[41, 5],[41, 3],[41, 0],[41, -2],[41, -5],[40, -7]
       ,[40, -10],[39, -12],[38, -14],[37, -17],[36, -19],[35, -21],[34, -23]
       ,[32, -25],[31, -27],[29, -29],[27, -31],[25, -32],[23, -34],[21, -35]
       ,[19, -37],[16, -38],[14, -39],[12, -39],[9, -40],[7, -40],[4, -41]
       ,[2, -41] ]:
PointSelection := "QuasiUniformPointsAss(50,41)":
Machine := "Schubert":
##############################################################################
Instance:=5000:
PreTime:=   3391.72:
GroebnerTime:=    454.19:
RealTime:=    318.60:
Table:=[[0,5000]
       ,[1910,3090]]:
CoefficientHeight:=   13.2:
