##############################################################################
#
#  Data for the enumerative problem
#  W3 W2e2 Ye5  = 10 on Pieri
#  1000 iterations planned  
#
##############################################################################
FlagVariety:=[2, 4, 6]:
Label := "W3 W2e2 Ye5 ":
EnumerativeProblem:=[ [1, 5, 2, 3, 4, 6] ,[1, 4, 2, 3, 5, 6]
                     ,[1, 4, 2, 3, 5, 6] ,[1, 2, 3, 5, 4, 6]
                     ,[1, 2, 3, 5, 4, 6] ,[1, 2, 3, 5, 4, 6]
                     ,[1, 2, 3, 5, 4, 6] ,[1, 2, 3, 5, 4, 6]
                    ]:
NumberOfSolutions := 10:
Necklaces:=[ [1, 2, 3, 4, 5, 6, 7] ,[1, 3, 2, 4, 5, 6, 7]
            ,[1, 4, 2, 3, 5, 6, 7] ,[1, 5, 2, 3, 4, 6, 7]
            ,[1, 6, 2, 3, 4, 5, 7] ,[1, 7, 2, 3, 4, 5, 6]
            ,[2, 3, 1, 4, 5, 6, 7] ,[2, 4, 1, 3, 5, 6, 7]
            ,[2, 5, 1, 3, 4, 6, 7] ,[2, 6, 1, 3, 4, 5, 7]
            ,[3, 4, 1, 2, 5, 6, 7] ,[3, 5, 1, 2, 4, 6, 7]
           ]:
Points:=[[3, 23],[5, 22],[8, 22],[10, 21],[12, 20],[14, 18],[16, 17]
       ,[17, 15],[19, 13],[20, 12],[21, 9],[22, 7],[22, 5],[23, 3]
       ,[23, 0],[23, -2],[23, -4],[22, -7],[21, -9],[20, -11],[19, -13]
       ,[18, -15],[16, -16],[14, -18],[12, -19],[10, -20],[8, -21],[6, -22]
       ,[4, -23],[2, -23] ]:
PointSelection := "QuasiUniformPointsAss(30,23)":
Machine := "Pieri":
NumberOfIterations := 1000:
##############################################################################
Instance:=25000:
PreTime:=   8527.88:
GroebnerTime:= 319712.60:
RealTime:=  21450.78:
Table:=[[0,0,0,0,0,25000]
       ,[0,0,0,7200,3183,14617]
       ,[0,372,2135,7851,8347,6295]
       ,[0,208,1924,7251,9564,6053]
       ,[0,0,0,7547,4589,12864]
       ,[0,0,0,0,0,25000]
       ,[0,0,0,2196,2222,20582]
       ,[0,45,763,12106,5792,6294]
       ,[0,1064,6100,9268,6676,1892]
       ,[0,363,5961,13008,3788,1880]
       ,[0,0,0,24,2191,22785]
       ,[0,0,199,12118,9427,3256]]:
CoefficientHeight:=   63.4:
