##############################################################################
#
#  Data for the enumerative problem
#  W2e4 Ye4  = 6 on Schubert
#  1000 iterations planned  
#
##############################################################################
FlagVariety:=[2, 4, 6]:
Label := "W2e4 Ye4 ":
EnumerativeProblem:=[ [1, 4, 2, 3, 5, 6] ,[1, 4, 2, 3, 5, 6]
                     ,[1, 4, 2, 3, 5, 6] ,[1, 4, 2, 3, 5, 6]
                     ,[1, 2, 3, 5, 4, 6] ,[1, 2, 3, 5, 4, 6]
                     ,[1, 2, 3, 5, 4, 6] ,[1, 2, 3, 5, 4, 6]
                    ]:
NumberOfSolutions := 6:
Necklaces:=[ [1, 2, 3, 4, 5, 6, 7] ,[1, 2, 4, 3, 5, 6, 7]
            ,[1, 2, 5, 3, 4, 6, 7] ,[1, 3, 4, 2, 5, 6, 7]
            ,[1, 3, 5, 2, 4, 6, 7] ,[1, 3, 6, 2, 4, 5, 7]
            ,[1, 4, 5, 2, 3, 6, 7] ,[2, 4, 6, 1, 3, 5, 7]
           ]:
Points:=[[3, 23],[5, 22],[8, 22],[10, 21],[12, 20],[14, 18],[16, 17]
       ,[17, 15],[19, 13],[20, 12],[21, 9],[22, 7],[22, 5],[23, 3]
       ,[23, 0],[23, -2],[23, -4],[22, -7],[21, -9],[20, -11],[19, -13]
       ,[18, -15],[16, -16],[14, -18],[12, -19],[10, -20],[8, -21],[6, -22]
       ,[4, -23],[2, -23] ]:
PointSelection := "QuasiUniformPointsAss(30,23)":
Machine := "Schubert":
NumberOfIterations := 1000:
##############################################################################
Instance:=15000:
PreTime:=   6108.02:
GroebnerTime:= 141825.79:
RealTime:=   5588.14:
Table:=[[0,0,0,15000]
       ,[0,0,0,15000]
       ,[4,47,775,14174]
       ,[0,0,0,15000]
       ,[0,2,555,14443]
       ,[0,19,1286,13695]
       ,[0,0,24,14976]
       ,[0,159,2961,11880]]:
CoefficientHeight:=  184.6:
