##############################################################################
#
#  Data for the enumerative problem
#  W3 We3 Y11e3  = 6 on rcf1422-2
#  5000 iterations planned  
#
##############################################################################
FlagVariety:=[2, 4, 6]:
Label := "W3 We3 Y11e3 ":
EnumerativeProblem:=[ [1, 5, 2, 3, 4, 6] ,[1, 3, 2, 4, 5, 6]
                     ,[1, 3, 2, 4, 5, 6] ,[1, 3, 2, 4, 5, 6]
                     ,[1, 2, 4, 5, 3, 6] ,[1, 2, 4, 5, 3, 6]
                     ,[1, 2, 4, 5, 3, 6]]:
NumberOfSolutions := 6:
Necklaces:=[ [1, 2, 3, 4, 5, 6] ,[1, 2, 4, 3, 5, 6]
            ,[1, 2, 5, 3, 4, 6] ,[1, 2, 6, 3, 4, 5]
            ,[1, 3, 4, 2, 5, 6] ,[1, 3, 5, 2, 4, 6]
            ,[1, 3, 6, 2, 4, 5] ,[1, 4, 5, 2, 3, 6]
            ,[2, 3, 4, 1, 5, 6] ,[2, 3, 5, 1, 4, 6]
           ]:
Points:=[[1, 11],[2, 11],[3, 10],[4, 10],[5, 10],[6, 9],[7, 8]
       ,[8, 8],[9, 7],[9, 6],[10, 5],[10, 4],[11, 3],[11, 2]
       ,[11, 1],[11, -1],[11, -2],[11, -3],[10, -4],[10, -5],[9, -6]
       ,[9, -7],[8, -8],[7, -8],[6, -9],[5, -10],[4, -10],[3, -10]
       ,[2, -11],[1, -11] ]:
PointSelection := "QuasiUniformPoints(30,11)":
Machine := "rcf1422-2":
NumberOfIterations := 5000:
##############################################################################
Instance:=5000:
PreTime:=   5818.46:
GroebnerTime:= 278982.42:
RealTime:=   1902.47:
Table:=[[0,0,0,5000]
       ,[0,247,2054,2699]
       ,[0,84,2539,2377]
       ,[0,0,0,5000]
       ,[4,242,3009,1745]
       ,[54,1890,2060,996]
       ,[0,181,1845,2974]
       ,[0,36,2604,2360]
       ,[0,21,1086,3893]
       ,[16,1089,2047,1848]]:
CoefficientHeight:=   52.4:
