#BadIdeals here, if any
##############################################################################
#
#  Data for the enumerative problem
#  W31 We4 Ye4  = 6 on Hermes
#  2000 iterations planned  
#
##############################################################################
FlagVariety:=[2, 4, 6]:
Label := "W31 We4 Ye4 ":
EnumerativeProblem:=[ [2, 5, 1, 3, 4, 6] ,[1, 3, 2, 4, 5, 6]
                     ,[1, 3, 2, 4, 5, 6] ,[1, 3, 2, 4, 5, 6]
                     ,[1, 3, 2, 4, 5, 6] ,[1, 2, 3, 5, 4, 6]
                     ,[1, 2, 3, 5, 4, 6] ,[1, 2, 3, 5, 4, 6]
                     ,[1, 2, 3, 5, 4, 6]]:
NumberOfSolutions := 6:
Necklaces:=[ [3, 4, 6, 8, 1, 2, 5, 7] ,[1, 2, 5, 6, 3, 4, 7, 8]
            ,[1, 4, 5, 8, 2, 3, 6, 7] ,[1, 2, 3, 4, 5, 6, 7, 8]
            ,[1, 2, 3, 5, 4, 6, 7, 8] ,[1, 2, 3, 6, 4, 5, 7, 8]
            ,[1, 2, 3, 7, 4, 5, 6, 8] ,[1, 2, 3, 8, 4, 5, 6, 7]
            ,[1, 2, 4, 5, 3, 6, 7, 8] ,[1, 2, 4, 6, 3, 5, 7, 8]
            ,[1, 2, 4, 7, 3, 5, 6, 8] ,[1, 2, 4, 8, 3, 5, 6, 7]
            ,[1, 2, 5, 7, 3, 4, 6, 8] ,[1, 2, 5, 8, 3, 4, 6, 7]
            ,[1, 2, 6, 7, 3, 4, 5, 8] ,[1, 2, 6, 8, 3, 4, 5, 7]
            ,[1, 2, 7, 8, 3, 4, 5, 6] ,[1, 3, 4, 5, 2, 6, 7, 8]
            ,[1, 3, 4, 6, 2, 5, 7, 8] ,[1, 3, 4, 7, 2, 5, 6, 8]
            ,[1, 3, 4, 8, 2, 5, 6, 7] ,[1, 3, 5, 7, 2, 4, 6, 8]
            ,[1, 3, 5, 8, 2, 4, 6, 7] ,[1, 3, 6, 7, 2, 4, 5, 8]
            ,[1, 3, 6, 8, 2, 4, 5, 7] ,[1, 4, 5, 6, 2, 3, 7, 8]
            ,[1, 4, 5, 7, 2, 3, 6, 8] ,[1, 4, 6, 7, 2, 3, 5, 8]
            ,[1, 5, 6, 7, 2, 3, 4, 8] ,[2, 3, 4, 5, 1, 6, 7, 8]
            ,[2, 3, 4, 6, 1, 5, 7, 8] ,[2, 3, 4, 7, 1, 5, 6, 8]
            ,[2, 3, 5, 6, 1, 4, 7, 8] ,[2, 3, 5, 7, 1, 4, 6, 8]
            ,[2, 3, 6, 7, 1, 4, 5, 8] ,[2, 4, 5, 6, 1, 3, 7, 8]
            ,[2, 4, 5, 7, 1, 3, 6, 8] ,[3, 4, 5, 6, 1, 2, 7, 8]
           ]:
Points:=[[3, 23],[5, 22],[8, 22],[10, 21],[12, 20],[14, 18],[16, 17]
       ,[17, 15],[19, 13],[20, 12],[21, 9],[22, 7],[22, 5],[23, 3]
       ,[23, 0],[23, -2],[23, -4],[22, -7],[21, -9],[20, -11],[19, -13]
       ,[18, -15],[16, -16],[14, -18],[12, -19],[10, -20],[8, -21],[6, -22]
       ,[4, -23],[2, -23] ]:
PointSelection := "QuasiUniformPointsAss(30,23)":
Machine := "Hermes":
NumberOfIterations := 2000:
##############################################################################
Instance:=2000:
PreTime:=    682.25:
GroebnerTime:= 104674.86:
RealTime:=   2001.84:
Table:=[[0,0,135,1865]
       ,[0,12,241,1747]
       ,[0,5,205,1790]
       ,[0,0,0,2000]
       ,[0,0,0,2000]
       ,[0,0,0,2000]
       ,[0,0,0,2000]
       ,[0,0,0,2000]
       ,[0,0,0,2000]
       ,[0,6,87,1907]
       ,[0,17,136,1847]
       ,[0,0,0,2000]
       ,[0,4,128,1868]
       ,[0,0,0,2000]
       ,[0,0,0,2000]
       ,[0,0,0,2000]
       ,[0,0,0,2000]
       ,[0,0,29,1971]
       ,[0,0,128,1872]
       ,[0,0,114,1886]
       ,[0,0,0,2000]
       ,[0,0,109,1891]
       ,[0,2,125,1873]
       ,[0,0,62,1938]
       ,[0,9,163,1828]
       ,[0,0,73,1927]
       ,[0,1,76,1923]
       ,[0,1,100,1899]
       ,[0,0,22,1978]
       ,[0,0,97,1903]
       ,[0,6,96,1898]
       ,[0,0,65,1935]
       ,[0,5,113,1882]
       ,[0,0,99,1901]
       ,[0,1,137,1862]
       ,[0,1,167,1832]
       ,[0,0,121,1879]
       ,[4,14,166,1816]]:
CoefficientHeight:=  156.5:

