##############################################################################
#
#  Data for the enumerative problem
#  W2e4 Ye4  = 6 on TAMU
#
##############################################################################
FlagVariety:=[2, 4, 6]:
Label := "W2e4 Ye4 ":
EnumerativeProblem:=[ [1, 2, 4, 5, 3, 6] ,[1, 2, 4, 5, 3, 6]
                     ,[1, 2, 4, 5, 3, 6] ,[1, 2, 4, 5, 3, 6]
                     ,[1, 3, 2, 4, 5, 6] ,[1, 3, 2, 4, 5, 6]
                     ,[1, 3, 2, 4, 5, 6] ,[1, 3, 2, 4, 5, 6]
                    ]:
NumberOfSolutions := 6:
Necklaces:=[ [1, 2, 3, 4, 5, 6, 7] ,[1, 2, 4, 3, 5, 6, 7]
            ,[1, 2, 5, 3, 4, 6, 7] ,[1, 3, 4, 2, 5, 6, 7]
            ,[1, 3, 5, 2, 4, 6, 7] ,[1, 3, 6, 2, 4, 5, 7]
            ,[1, 4, 5, 2, 3, 6, 7] ,[2, 4, 6, 1, 3, 5, 7]
           ]:
Points:=[[3, 23],[5, 22],[8, 22],[10, 21],[12, 20],[14, 18],[16, 17]
       ,[17, 15],[19, 13],[20, 12],[21, 9],[22, 7],[22, 5],[23, 3]
       ,[23, 0],[23, -2],[23, -4],[22, -7],[21, -9],[20, -11],[19, -13]
       ,[18, -15],[16, -16],[14, -18],[12, -19],[10, -20],[8, -21],[6, -22]
       ,[4, -23],[2, -23] ]:
PointSelection := "QuasiUniformPointsAss(30,23)":
Machine := "TAMU":
##############################################################################
Instance:=100000:
PreTime:=  33665.64:
GroebnerTime:=1100486.28:
RealTime:=  13087.69:
Table:=[[0,0,0,100000]
       ,[0,0,0,100000]
       ,[18,340,5147,94495]
       ,[0,0,0,100000]
       ,[0,12,3551,96437]
       ,[0,105,8448,91447]
       ,[0,0,122,99878]
       ,[0,1050,19964,78986]]:
CoefficientHeight:=  184.3:
