#BadIdeals here, if any
##############################################################################
#
#  Data for the enumerative problem
#  X3 X2 X Y11e3  = 5 on rcf1422-5
#  10000 iterations planned  
#
##############################################################################
FlagVariety:=[2, 4, 6]:
Label := "X3 X2 X Y11e3 ":
EnumerativeProblem:=[ [1, 5, 2, 3, 4, 6] ,[1, 4, 2, 3, 5, 6]
                     ,[1, 3, 2, 4, 5, 6] ,[1, 2, 4, 5, 3, 6]
                     ,[1, 2, 4, 5, 3, 6] ,[1, 2, 4, 5, 3, 6]
                    ]:
NumberOfSolutions := 5:
Necklaces:=[ [1, 2, 3, 4, 5] ,[1, 3, 2, 4, 5]
            ,[1, 4, 2, 3, 5] ,[1, 5, 2, 3, 4]
            ,[2, 1, 3, 4, 5] ,[3, 1, 2, 4, 5]
            ,[4, 1, 2, 3, 5] ,[2, 3, 1, 4, 5]
            ,[2, 4, 1, 3, 5] ,[3, 2, 1, 4, 5]
           ]:
Points:=[[4, 29],[7, 28],[10, 27],[12, 26],[15, 25],[17, 23],[20, 21]
       ,[22, 19],[24, 17],[25, 15],[26, 12],[28, 9],[28, 6],[29, 3]
       ,[29, 0],[29, -2],[29, -5],[28, -8],[27, -11],[26, -14],[24, -16]
       ,[22, -19],[20, -21],[18, -23],[16, -24],[13, -26],[11, -27],[8, -28]
       ,[5, -29],[2, -29] ]:
PointSelection := "QuasiUniformPointsAss(30,29)":
Machine := "rcf1422-5":
NumberOfIterations := 10000:
##############################################################################
Instance:=10000:
PreTime:=  12628.63:
GroebnerTime:=  51207.11:
RealTime:=   3569.30:
Table:=[[0,0,10000]
       ,[357,4008,5635]
       ,[220,5355,4425]
       ,[0,0,10000]
       ,[0,0,10000]
       ,[337,3366,6297]
       ,[79,2895,7026]
       ,[0,648,9352]
       ,[1808,3980,4212]
       ,[0,1760,8240]]:
CoefficientHeight:=   41.6:

