##############################################################################
#
#  Data for the enumerative problem
#  W3e2 W Ye5  = 10 on Pieri
#
##############################################################################
FlagVariety:=[2, 4, 6]:
Label := "W3e2 W Ye5 ":
EnumerativeProblem:=[ [1, 5, 2, 3, 4, 6] ,[1, 5, 2, 3, 4, 6]
                     ,[1, 3, 2, 4, 5, 6] ,[1, 2, 3, 5, 4, 6]
                     ,[1, 2, 3, 5, 4, 6] ,[1, 2, 3, 5, 4, 6]
                     ,[1, 2, 3, 5, 4, 6] ,[1, 2, 3, 5, 4, 6]
                    ]:
NumberOfSolutions := 10:
Necklaces:=[ [1, 2, 3, 4, 5, 6, 7] ,[1, 3, 2, 4, 5, 6, 7]
            ,[1, 4, 2, 3, 5, 6, 7] ,[2, 1, 3, 4, 5, 6, 7]
            ,[3, 1, 2, 4, 5, 6, 7] ,[4, 1, 2, 3, 5, 6, 7]
            ,[5, 1, 2, 3, 4, 6, 7] ,[6, 1, 2, 3, 4, 5, 7]
            ,[2, 4, 1, 3, 5, 6, 7] ,[2, 5, 1, 3, 4, 6, 7]
            ,[4, 2, 1, 3, 5, 6, 7] ,[5, 2, 1, 3, 4, 6, 7]
           ]:
Points:=[[4, 31],[7, 30],[10, 29],[13, 28],[16, 27],[19, 25],[21, 23]
       ,[23, 21],[25, 18],[27, 16],[28, 13],[29, 10],[30, 7],[31, 4]
       ,[31, 1],[31, -3],[30, -6],[30, -9],[29, -12],[27, -15],[26, -17]
       ,[24, -20],[22, -22],[19, -24],[17, -26],[14, -28],[11, -29],[8, -30]
       ,[5, -31],[2, -31] ]:
PointSelection := "QuasiUniformPointsAss(30,31)":
Machine := "Pieri":
##############################################################################
Instance:=100000:
PreTime:=  21476.22:
GroebnerTime:= 483173.33:
RealTime:=  53523.71:
Table:=[[0,0,0,0,0,100000]
       ,[0,0,0,34089,17034,48877]
       ,[0,0,1232,33544,47171,18053]
       ,[0,0,0,0,0,100000]
       ,[0,0,0,2026,4928,93046]
       ,[0,0,0,883,10281,88836]
       ,[0,0,0,1130,18083,80787]
       ,[0,0,0,1729,10629,87642]
       ,[0,0,423,29056,28623,41898]
       ,[0,0,995,18178,57685,23142]
       ,[0,0,1,16065,22748,61186]
       ,[0,0,2618,16756,36288,44338]]:
CoefficientHeight:=   52.6:
