    |\^/|     Maple 18 (X86 64 LINUX)
._|\|   |/|_. Copyright (c) Maplesoft, a division of Waterloo Maple Inc. 2014
 \  MAPLE  /  All rights reserved. Maple is a trademark of
 <____ ____>  Waterloo Maple Inc.
      |       Type ? for help.
> interface(quiet=true):
There were 233 Schubert problems that I could not tell were at least alternating:
     6 = [5, 7, 8, 9]^4 [3, 6, 8, 9]^1 [2, 3, 4, 9]^1     
     6 = [5, 7, 8, 9]^3 [5, 6, 8, 9]^1 [3, 7, 8, 9]^1 [2, 3, 4, 9]^1     
     6 = [5, 7, 8, 9]^3 [4, 7, 8, 9]^1 [4, 6, 8, 9]^1 [2, 3, 4, 9]^1     
    10 = [5, 7, 8, 9]^5 [3, 7, 8, 9]^1 [2, 3, 4, 9]^1     
    10 = [5, 7, 8, 9]^5 [4, 6, 8, 9]^1 [2, 3, 4, 9]^1     
     6 = [5, 7, 8, 9]^2 [5, 6, 8, 9]^1 [4, 7, 8, 9]^2 [2, 3, 4, 9]^1     
    10 = [5, 7, 8, 9]^4 [5, 6, 8, 9]^1 [4, 7, 8, 9]^1 [2, 3, 4, 9]^1     
    10 = [5, 7, 8, 9]^4 [4, 7, 8, 9]^2 [2, 3, 4, 9]^1     
    15 = [5, 7, 8, 9]^6 [5, 6, 8, 9]^1 [2, 3, 4, 9]^1     
    20 = [5, 7, 8, 9]^6 [4, 7, 8, 9]^1 [2, 3, 4, 9]^1     
    35 = [5, 7, 8, 9]^8 [2, 3, 4, 9]^1     
     6 = [5, 7, 8, 9]^4 [3, 5, 8, 9]^1 [2, 3, 5, 9]^1     
     6 = [5, 7, 8, 9]^3 [4, 7, 8, 9]^1 [4, 5, 8, 9]^1 [2, 3, 5, 9]^1     
    10 = [5, 7, 8, 9]^5 [4, 5, 8, 9]^1 [2, 3, 5, 9]^1     
     6 = [5, 7, 8, 9]^4 [3, 4, 8, 9]^1 [2, 3, 6, 9]^1     
     6 = [5, 6, 8, 9]^5 [2, 3, 6, 9]^1     
     6 = [5, 6, 8, 9]^1 [4, 7, 8, 9]^1 [2, 5, 7, 9]^1 [2, 4, 6, 9]^1     
     6 = [5, 6, 8, 9]^1 [3, 7, 8, 9]^1 [3, 5, 7, 9]^1 [2, 4, 6, 9]^1     
    10 = [4, 6, 8, 9]^1 [3, 6, 8, 9]^2 [2, 3, 7, 9]^1     
     6 = [5, 7, 8, 9]^3 [4, 6, 7, 9]^1 [4, 5, 8, 9]^1 [3, 4, 5, 9]^1     
     6 = [5, 7, 8, 9]^4 [5, 6, 7, 9]^1 [4, 5, 8, 9]^1 [3, 4, 5, 9]^1     
     6 = [5, 6, 8, 9]^4 [3, 7, 8, 9]^1 [2, 3, 7, 9]^1     
     6 = [5, 6, 8, 9]^1 [4, 7, 8, 9]^3 [3, 7, 8, 9]^1 [3, 4, 5, 9]^1     
     6 = [5, 6, 8, 9]^1 [4, 7, 8, 9]^1 [2, 4, 7, 9]^2     
     6 = [5, 6, 8, 9]^1 [3, 7, 8, 9]^1 [2, 5, 7, 9]^1 [2, 4, 7, 9]^1     
    36 = [5, 7, 8, 9]^6 [4, 5, 6, 9]^1 [2, 5, 6, 9]^1     
     6 = [3, 6, 8, 9]^3 [2, 3, 8, 9]^1     
     4 = [4, 6, 7, 9]^3 [2, 4, 7, 9]^1     
     4 = [4, 6, 7, 9]^2 [4, 5, 8, 9]^1 [2, 5, 6, 9]^1     
     4 = [4, 6, 7, 9]^1 [4, 5, 8, 9]^2 [3, 4, 6, 9]^1     
     4 = [5, 7, 8, 9]^1 [5, 6, 7, 9]^1 [4, 6, 7, 9]^2 [2, 4, 7, 9]^1     
     4 = [5, 7, 8, 9]^1 [5, 6, 7, 9]^1 [4, 6, 7, 9]^1 [4, 5, 8, 9]^1 [2, 5, 6, 9]^1     
     4 = [5, 7, 8, 9]^1 [5, 6, 7, 9]^1 [4, 5, 8, 9]^2 [3, 4, 6, 9]^1     
     4 = [5, 7, 8, 9]^2 [5, 6, 7, 9]^2 [4, 6, 7, 9]^1 [2, 4, 7, 9]^1     
     4 = [5, 7, 8, 9]^2 [5, 6, 7, 9]^2 [4, 5, 8, 9]^1 [2, 5, 6, 9]^1     
     6 = [5, 6, 8, 9]^4 [3, 6, 8, 9]^1 [2, 3, 8, 9]^1     
     6 = [5, 6, 8, 9]^3 [4, 7, 8, 9]^1 [4, 5, 8, 9]^1 [2, 3, 8, 9]^1     
     4 = [5, 7, 8, 9]^3 [5, 6, 7, 9]^3 [2, 4, 7, 9]^1     
     6 = [5, 6, 8, 9]^3 [4, 6, 8, 9]^1 [3, 7, 8, 9]^1 [2, 3, 8, 9]^1     
     6 = [5, 7, 8, 9]^1 [5, 6, 8, 9]^4 [3, 7, 8, 9]^1 [2, 3, 8, 9]^1     
    10 = [5, 6, 8, 9]^5 [4, 7, 8, 9]^1 [2, 3, 8, 9]^1     
     6 = [5, 6, 8, 9]^1 [3, 6, 8, 9]^1 [3, 5, 6, 9]^2     
    10 = [4, 6, 8, 9]^2 [3, 5, 6, 9]^2     
     4 = [4, 6, 7, 9]^1 [3, 6, 8, 9]^1 [3, 5, 6, 9]^1 [2, 6, 8, 9]^1     
     4 = [4, 6, 7, 9]^2 [2, 6, 8, 9]^1 [2, 5, 7, 9]^1     
     4 = [4, 6, 7, 9]^1 [4, 5, 8, 9]^1 [3, 4, 7, 9]^1 [2, 6, 8, 9]^1     
     4 = [4, 5, 8, 9]^2 [3, 5, 6, 9]^1 [2, 6, 8, 9]^1     
     4 = [5, 7, 8, 9]^1 [5, 6, 7, 9]^1 [3, 6, 8, 9]^1 [3, 5, 6, 9]^1 [2, 6, 8, 9]^1     
     4 = [5, 7, 8, 9]^1 [5, 6, 7, 9]^1 [4, 6, 7, 9]^1 [2, 6, 8, 9]^1 [2, 5, 7, 9]^1     
     4 = [5, 7, 8, 9]^1 [5, 6, 7, 9]^1 [4, 5, 8, 9]^1 [3, 4, 7, 9]^1 [2, 6, 8, 9]^1     
     4 = [5, 7, 8, 9]^1 [4, 6, 7, 9]^1 [3, 7, 8, 9]^1 [3, 5, 6, 9]^1 [2, 6, 8, 9]^1     
     4 = [5, 7, 8, 9]^2 [5, 6, 7, 9]^2 [2, 6, 8, 9]^1 [2, 5, 7, 9]^1     
     4 = [5, 7, 8, 9]^2 [5, 6, 7, 9]^1 [3, 7, 8, 9]^1 [3, 5, 6, 9]^1 [2, 6, 8, 9]^1     
     4 = [5, 7, 8, 9]^1 [4, 6, 7, 9]^1 [3, 6, 8, 9]^1 [3, 5, 6, 9]^1 [2, 7, 8, 9]^1     
     4 = [5, 7, 8, 9]^1 [4, 6, 7, 9]^2 [2, 7, 8, 9]^1 [2, 5, 7, 9]^1     
     4 = [5, 7, 8, 9]^1 [4, 6, 7, 9]^3 [2, 4, 8, 9]^1     
     4 = [5, 7, 8, 9]^1 [4, 6, 7, 9]^1 [4, 5, 8, 9]^1 [3, 4, 7, 9]^1 [2, 7, 8, 9]^1     
     4 = [5, 7, 8, 9]^1 [4, 5, 8, 9]^2 [3, 5, 6, 9]^1 [2, 7, 8, 9]^1     
     4 = [5, 7, 8, 9]^2 [5, 6, 7, 9]^1 [3, 6, 8, 9]^1 [3, 5, 6, 9]^1 [2, 7, 8, 9]^1     
     4 = [5, 7, 8, 9]^2 [5, 6, 7, 9]^1 [4, 6, 7, 9]^1 [2, 7, 8, 9]^1 [2, 5, 7, 9]^1     
     4 = [5, 7, 8, 9]^2 [5, 6, 7, 9]^1 [4, 6, 7, 9]^2 [2, 4, 8, 9]^1     
     4 = [5, 7, 8, 9]^2 [5, 6, 7, 9]^1 [4, 5, 8, 9]^1 [3, 4, 7, 9]^1 [2, 7, 8, 9]^1     
     4 = [5, 7, 8, 9]^2 [4, 6, 7, 9]^1 [3, 7, 8, 9]^1 [3, 5, 6, 9]^1 [2, 7, 8, 9]^1     
     4 = [5, 7, 8, 9]^3 [5, 6, 7, 9]^2 [2, 7, 8, 9]^1 [2, 5, 7, 9]^1     
     4 = [5, 7, 8, 9]^3 [5, 6, 7, 9]^2 [4, 6, 7, 9]^1 [2, 4, 8, 9]^1     
     4 = [5, 7, 8, 9]^3 [5, 6, 7, 9]^1 [3, 7, 8, 9]^1 [3, 5, 6, 9]^1 [2, 7, 8, 9]^1     
     4 = [5, 7, 8, 9]^4 [5, 6, 7, 9]^3 [2, 4, 8, 9]^1     
     6 = [5, 6, 8, 9]^1 [2, 5, 8, 9]^3     
     6 = [5, 6, 8, 9]^1 [4, 5, 6, 9]^1 [3, 5, 7, 9]^2     
    10 = [4, 6, 8, 9]^1 [3, 6, 7, 9]^1 [2, 5, 8, 9]^2     
    15 = [3, 6, 8, 9]^2 [2, 5, 8, 9]^2     
     4 = [4, 6, 7, 9]^1 [3, 6, 8, 9]^1 [3, 4, 8, 9]^2     
     4 = [4, 6, 7, 9]^2 [2, 5, 8, 9]^2     
     4 = [4, 6, 7, 9]^1 [4, 5, 8, 9]^1 [3, 4, 8, 9]^1 [2, 5, 8, 9]^1     
     6 = [4, 5, 8, 9]^2 [3, 4, 8, 9]^2     
     4 = [5, 7, 8, 9]^1 [5, 6, 7, 9]^1 [3, 6, 8, 9]^1 [3, 4, 8, 9]^2     
     4 = [5, 7, 8, 9]^1 [5, 6, 7, 9]^1 [4, 6, 7, 9]^1 [2, 5, 8, 9]^2     
     4 = [5, 7, 8, 9]^1 [5, 6, 7, 9]^1 [4, 5, 8, 9]^1 [3, 4, 8, 9]^1 [2, 5, 8, 9]^1     
     4 = [5, 7, 8, 9]^1 [4, 6, 7, 9]^1 [3, 7, 8, 9]^1 [3, 4, 8, 9]^2     
    32 = [5, 7, 8, 9]^4 [4, 5, 8, 9]^1 [3, 4, 8, 9]^2     
     4 = [5, 7, 8, 9]^2 [5, 6, 7, 9]^2 [2, 5, 8, 9]^2     
     4 = [5, 7, 8, 9]^2 [5, 6, 7, 9]^1 [3, 7, 8, 9]^1 [3, 4, 8, 9]^2     
     6 = [5, 6, 8, 9]^4 [4, 5, 6, 9]^1 [3, 4, 8, 9]^1     
   280 = [5, 7, 8, 9]^8 [3, 4, 8, 9]^2     
     4 = [4, 6, 7, 9]^1 [3, 4, 8, 9]^1 [2, 6, 8, 9]^1 [3, 5, 8, 9]^1     
     4 = [4, 6, 7, 9]^1 [3, 5, 7, 9]^1 [2, 6, 8, 9]^2     
     4 = [4, 6, 7, 9]^1 [3, 6, 7, 9]^1 [2, 6, 8, 9]^1 [2, 5, 8, 9]^1     
     4 = [4, 5, 8, 9]^1 [3, 6, 7, 9]^1 [3, 4, 8, 9]^1 [2, 6, 8, 9]^1     
     4 = [5, 7, 8, 9]^1 [5, 6, 7, 9]^1 [3, 4, 8, 9]^1 [2, 6, 8, 9]^1 [3, 5, 8, 9]^1     
     4 = [5, 7, 8, 9]^1 [5, 6, 7, 9]^1 [3, 5, 7, 9]^1 [2, 6, 8, 9]^2     
     4 = [5, 7, 8, 9]^1 [5, 6, 7, 9]^1 [3, 6, 7, 9]^1 [2, 6, 8, 9]^1 [2, 5, 8, 9]^1     
     4 = [5, 7, 8, 9]^1 [4, 6, 7, 9]^1 [3, 4, 8, 9]^1 [2, 7, 8, 9]^1 [3, 5, 8, 9]^1     
     4 = [5, 7, 8, 9]^1 [4, 6, 7, 9]^1 [3, 5, 7, 9]^1 [2, 7, 8, 9]^1 [2, 6, 8, 9]^1     
     4 = [5, 7, 8, 9]^1 [4, 6, 7, 9]^1 [3, 6, 7, 9]^1 [2, 7, 8, 9]^1 [2, 5, 8, 9]^1     
     4 = [5, 7, 8, 9]^1 [4, 6, 7, 9]^1 [4, 5, 6, 9]^1 [3, 6, 8, 9]^1 [2, 6, 8, 9]^1     
     4 = [5, 7, 8, 9]^1 [4, 6, 7, 9]^2 [2, 6, 8, 9]^1 [2, 6, 7, 9]^1     
     6 = [5, 7, 8, 9]^1 [4, 6, 7, 9]^2 [2, 6, 8, 9]^1 [2, 5, 8, 9]^1     
     4 = [5, 7, 8, 9]^1 [4, 5, 8, 9]^1 [3, 4, 8, 9]^1 [2, 7, 8, 9]^1 [3, 6, 7, 9]^1     
     6 = [5, 7, 8, 9]^1 [4, 6, 7, 9]^1 [4, 5, 8, 9]^1 [3, 4, 8, 9]^1 [2, 6, 8, 9]^1     
     4 = [5, 7, 8, 9]^1 [4, 5, 8, 9]^2 [4, 5, 6, 9]^1 [2, 6, 8, 9]^1     
     4 = [5, 6, 7, 9]^1 [4, 7, 8, 9]^1 [4, 6, 7, 9]^1 [2, 6, 8, 9]^1 [2, 5, 8, 9]^1     
     4 = [5, 6, 7, 9]^1 [4, 7, 8, 9]^1 [4, 5, 8, 9]^1 [3, 4, 8, 9]^1 [2, 6, 8, 9]^1     
     4 = [5, 7, 8, 9]^2 [5, 6, 7, 9]^1 [3, 4, 8, 9]^1 [2, 7, 8, 9]^1 [3, 5, 8, 9]^1     
     4 = [5, 7, 8, 9]^2 [5, 6, 7, 9]^1 [3, 5, 7, 9]^1 [2, 7, 8, 9]^1 [2, 6, 8, 9]^1     
     4 = [5, 7, 8, 9]^2 [5, 6, 7, 9]^1 [3, 6, 7, 9]^1 [2, 7, 8, 9]^1 [2, 5, 8, 9]^1     
     4 = [5, 7, 8, 9]^2 [5, 6, 7, 9]^1 [4, 5, 6, 9]^1 [3, 6, 8, 9]^1 [2, 6, 8, 9]^1     
     4 = [5, 7, 8, 9]^2 [5, 6, 7, 9]^1 [4, 6, 7, 9]^1 [2, 6, 8, 9]^1 [2, 6, 7, 9]^1     
     6 = [5, 7, 8, 9]^2 [5, 6, 7, 9]^1 [4, 6, 7, 9]^1 [2, 6, 8, 9]^1 [2, 5, 8, 9]^1     
     6 = [5, 7, 8, 9]^2 [5, 6, 7, 9]^1 [4, 5, 8, 9]^1 [3, 4, 8, 9]^1 [2, 6, 8, 9]^1     
     4 = [5, 7, 8, 9]^2 [4, 5, 6, 9]^1 [3, 7, 8, 9]^1 [4, 6, 7, 9]^1 [2, 6, 8, 9]^1     
     6 = [4, 5, 7, 9]^1 [3, 7, 8, 9]^3 [2, 6, 7, 9]^1     
     4 = [5, 7, 8, 9]^1 [5, 6, 7, 9]^2 [4, 7, 8, 9]^1 [2, 6, 8, 9]^1 [2, 5, 8, 9]^1     
     4 = [5, 7, 8, 9]^3 [5, 6, 7, 9]^2 [2, 6, 8, 9]^1 [2, 6, 7, 9]^1     
     6 = [5, 7, 8, 9]^3 [5, 6, 7, 9]^2 [2, 6, 8, 9]^1 [2, 5, 8, 9]^1     
     4 = [5, 7, 8, 9]^3 [4, 5, 6, 9]^1 [3, 7, 8, 9]^1 [5, 6, 7, 9]^1 [2, 6, 8, 9]^1     
     4 = [4, 7, 8, 9]^1 [4, 6, 7, 9]^2 [2, 7, 8, 9]^1 [2, 5, 8, 9]^1     
     4 = [4, 7, 8, 9]^1 [4, 6, 7, 9]^1 [4, 5, 8, 9]^1 [3, 4, 8, 9]^1 [2, 7, 8, 9]^1     
     4 = [5, 7, 8, 9]^2 [4, 6, 7, 9]^1 [3, 5, 7, 9]^1 [2, 7, 8, 9]^2     
     4 = [5, 7, 8, 9]^2 [4, 6, 7, 9]^1 [4, 5, 6, 9]^1 [3, 6, 8, 9]^1 [2, 7, 8, 9]^1     
     4 = [5, 7, 8, 9]^2 [4, 6, 7, 9]^2 [2, 7, 8, 9]^1 [2, 6, 7, 9]^1     
     6 = [5, 7, 8, 9]^2 [4, 6, 7, 9]^2 [2, 7, 8, 9]^1 [2, 5, 8, 9]^1     
     6 = [5, 7, 8, 9]^2 [4, 6, 7, 9]^1 [4, 5, 8, 9]^1 [3, 4, 8, 9]^1 [2, 7, 8, 9]^1     
     4 = [5, 7, 8, 9]^2 [4, 5, 8, 9]^2 [4, 5, 6, 9]^1 [2, 7, 8, 9]^1     
     4 = [5, 7, 8, 9]^1 [5, 6, 7, 9]^1 [4, 7, 8, 9]^1 [4, 6, 7, 9]^1 [2, 7, 8, 9]^1 [2, 5, 8, 9]^1     
     4 = [5, 7, 8, 9]^1 [5, 6, 7, 9]^1 [4, 7, 8, 9]^1 [4, 5, 8, 9]^1 [3, 4, 8, 9]^1 [2, 7, 8, 9]^1     
     4 = [5, 7, 8, 9]^3 [5, 6, 7, 9]^1 [3, 5, 7, 9]^1 [2, 7, 8, 9]^2     
     4 = [5, 7, 8, 9]^3 [5, 6, 7, 9]^1 [4, 5, 6, 9]^1 [3, 6, 8, 9]^1 [2, 7, 8, 9]^1     
     4 = [5, 7, 8, 9]^3 [5, 6, 7, 9]^1 [4, 6, 7, 9]^1 [2, 7, 8, 9]^1 [2, 6, 7, 9]^1     
     6 = [5, 7, 8, 9]^3 [5, 6, 7, 9]^1 [4, 6, 7, 9]^1 [2, 7, 8, 9]^1 [2, 5, 8, 9]^1     
     6 = [5, 7, 8, 9]^3 [5, 6, 7, 9]^1 [4, 5, 8, 9]^1 [3, 4, 8, 9]^1 [2, 7, 8, 9]^1     
     4 = [5, 7, 8, 9]^3 [4, 5, 6, 9]^1 [3, 7, 8, 9]^1 [4, 6, 7, 9]^1 [2, 7, 8, 9]^1     
     4 = [5, 7, 8, 9]^2 [5, 6, 7, 9]^2 [4, 7, 8, 9]^1 [2, 7, 8, 9]^1 [2, 5, 8, 9]^1     
     4 = [5, 7, 8, 9]^4 [5, 6, 7, 9]^2 [2, 7, 8, 9]^1 [2, 6, 7, 9]^1     
     6 = [5, 7, 8, 9]^4 [5, 6, 7, 9]^2 [2, 7, 8, 9]^1 [2, 5, 8, 9]^1     
     4 = [5, 7, 8, 9]^4 [4, 5, 6, 9]^1 [3, 7, 8, 9]^1 [5, 6, 7, 9]^1 [2, 7, 8, 9]^1     
   420 = [5, 7, 8, 9]^10 [4, 5, 6, 9]^1 [2, 7, 8, 9]^1     
     6 = [5, 6, 8, 9]^1 [4, 5, 6, 9]^1 [3, 7, 8, 9]^1 [5, 6, 7, 9]^3     
     6 = [5, 6, 8, 9]^1 [4, 5, 6, 9]^1 [3, 7, 8, 9]^4     
    14 = [4, 5, 7, 9]^1 [3, 5, 8, 9]^3     
    21 = [3, 5, 8, 9]^4     
    15 = [3, 6, 7, 9]^1 [3, 5, 8, 9]^3     
     4 = [3, 6, 7, 9]^2 [2, 6, 8, 9]^2     
    10 = [4, 5, 7, 9]^1 [3, 6, 7, 9]^3     
     4 = [5, 7, 8, 9]^1 [3, 6, 7, 9]^2 [2, 7, 8, 9]^1 [2, 6, 8, 9]^1     
     4 = [5, 7, 8, 9]^1 [4, 6, 7, 9]^1 [4, 5, 7, 9]^1 [2, 6, 8, 9]^2     
     6 = [5, 7, 8, 9]^1 [4, 6, 7, 9]^1 [3, 6, 7, 9]^1 [2, 6, 8, 9]^2     
     4 = [5, 6, 7, 9]^1 [4, 7, 8, 9]^1 [3, 6, 7, 9]^1 [2, 6, 8, 9]^2     
     4 = [5, 7, 8, 9]^2 [5, 6, 7, 9]^1 [4, 5, 7, 9]^1 [2, 6, 8, 9]^2     
     6 = [5, 7, 8, 9]^2 [5, 6, 7, 9]^1 [3, 6, 7, 9]^1 [2, 6, 8, 9]^2     
     4 = [5, 6, 8, 9]^1 [4, 6, 7, 9]^2 [2, 6, 8, 9]^2     
     4 = [4, 7, 8, 9]^1 [4, 6, 7, 9]^1 [3, 6, 7, 9]^1 [2, 7, 8, 9]^1 [2, 6, 8, 9]^1     
     6 = [4, 7, 8, 9]^1 [4, 6, 7, 9]^2 [2, 6, 8, 9]^2     
     4 = [5, 7, 8, 9]^2 [3, 6, 7, 9]^2 [2, 7, 8, 9]^2     
     4 = [5, 7, 8, 9]^2 [4, 6, 7, 9]^1 [4, 5, 7, 9]^1 [2, 7, 8, 9]^1 [2, 6, 8, 9]^1     
     6 = [5, 7, 8, 9]^2 [4, 6, 7, 9]^1 [3, 6, 7, 9]^1 [2, 7, 8, 9]^1 [2, 6, 8, 9]^1     
    10 = [5, 7, 8, 9]^2 [4, 6, 7, 9]^2 [2, 6, 8, 9]^2     
     4 = [5, 6, 7, 9]^1 [4, 6, 8, 9]^1 [4, 6, 7, 9]^1 [2, 6, 8, 9]^2     
     4 = [5, 7, 8, 9]^1 [5, 6, 8, 9]^1 [5, 6, 7, 9]^1 [4, 6, 7, 9]^1 [2, 6, 8, 9]^2     
     4 = [5, 7, 8, 9]^1 [5, 6, 7, 9]^1 [4, 7, 8, 9]^1 [3, 6, 7, 9]^1 [2, 7, 8, 9]^1 [2, 6, 8, 9]^1     
     6 = [5, 7, 8, 9]^1 [5, 6, 7, 9]^1 [4, 7, 8, 9]^1 [4, 6, 7, 9]^1 [2, 6, 8, 9]^2     
     4 = [5, 7, 8, 9]^3 [5, 6, 7, 9]^1 [4, 5, 7, 9]^1 [2, 7, 8, 9]^1 [2, 6, 8, 9]^1     
     6 = [5, 7, 8, 9]^3 [5, 6, 7, 9]^1 [3, 6, 7, 9]^1 [2, 7, 8, 9]^1 [2, 6, 8, 9]^1     
    10 = [5, 7, 8, 9]^3 [5, 6, 7, 9]^1 [4, 6, 7, 9]^1 [2, 6, 8, 9]^2     
     4 = [5, 7, 8, 9]^1 [5, 6, 7, 9]^2 [4, 6, 8, 9]^1 [2, 6, 8, 9]^2     
     4 = [5, 6, 7, 9]^2 [4, 7, 8, 9]^2 [2, 6, 8, 9]^2     
     4 = [5, 7, 8, 9]^2 [5, 6, 8, 9]^1 [5, 6, 7, 9]^2 [2, 6, 8, 9]^2     
     6 = [5, 7, 8, 9]^2 [5, 6, 7, 9]^2 [4, 7, 8, 9]^1 [2, 6, 8, 9]^2     
    10 = [5, 7, 8, 9]^4 [5, 6, 7, 9]^2 [2, 6, 8, 9]^2     
     6 = [5, 6, 7, 9]^1 [4, 6, 7, 9]^2 [3, 6, 8, 9]^1 [2, 6, 8, 9]^1     
     6 = [5, 6, 7, 9]^1 [4, 6, 7, 9]^1 [4, 5, 8, 9]^2 [2, 6, 8, 9]^1     
     6 = [4, 6, 7, 9]^3 [3, 7, 8, 9]^1 [2, 6, 8, 9]^1     
     6 = [4, 6, 8, 9]^1 [2, 7, 8, 9]^3 [2, 6, 8, 9]^1     
     4 = [4, 6, 8, 9]^1 [4, 6, 7, 9]^2 [2, 7, 8, 9]^1 [2, 6, 8, 9]^1     
     4 = [5, 7, 8, 9]^1 [5, 6, 8, 9]^1 [4, 6, 7, 9]^2 [2, 7, 8, 9]^1 [2, 6, 8, 9]^1     
     4 = [5, 7, 8, 9]^1 [4, 7, 8, 9]^1 [4, 6, 7, 9]^1 [3, 6, 7, 9]^1 [2, 7, 8, 9]^2     
     6 = [5, 7, 8, 9]^1 [4, 7, 8, 9]^1 [4, 6, 7, 9]^2 [2, 7, 8, 9]^1 [2, 6, 8, 9]^1     
     4 = [5, 7, 8, 9]^3 [4, 6, 7, 9]^1 [4, 5, 7, 9]^1 [2, 7, 8, 9]^2     
     6 = [5, 7, 8, 9]^3 [4, 6, 7, 9]^1 [3, 6, 7, 9]^1 [2, 7, 8, 9]^2     
    10 = [5, 7, 8, 9]^3 [4, 6, 7, 9]^2 [2, 7, 8, 9]^1 [2, 6, 8, 9]^1     
     6 = [5, 7, 8, 9]^1 [5, 6, 7, 9]^2 [4, 6, 7, 9]^1 [3, 6, 8, 9]^1 [2, 6, 8, 9]^1     
     6 = [5, 7, 8, 9]^1 [5, 6, 7, 9]^2 [4, 5, 8, 9]^2 [2, 6, 8, 9]^1     
     6 = [5, 7, 8, 9]^1 [4, 6, 7, 9]^2 [3, 7, 8, 9]^1 [5, 6, 7, 9]^1 [2, 6, 8, 9]^1     
     4 = [5, 7, 8, 9]^1 [5, 6, 7, 9]^1 [4, 6, 8, 9]^1 [4, 6, 7, 9]^1 [2, 7, 8, 9]^1 [2, 6, 8, 9]^1     
     4 = [5, 6, 7, 9]^1 [4, 7, 8, 9]^2 [4, 6, 7, 9]^1 [2, 7, 8, 9]^1 [2, 6, 8, 9]^1     
     4 = [5, 7, 8, 9]^2 [5, 6, 8, 9]^1 [5, 6, 7, 9]^1 [4, 6, 7, 9]^1 [2, 7, 8, 9]^1 [2, 6, 8, 9]^1     
     4 = [5, 7, 8, 9]^2 [5, 6, 7, 9]^1 [4, 7, 8, 9]^1 [3, 6, 7, 9]^1 [2, 7, 8, 9]^2     
     6 = [5, 7, 8, 9]^2 [5, 6, 7, 9]^1 [4, 7, 8, 9]^1 [4, 6, 7, 9]^1 [2, 7, 8, 9]^1 [2, 6, 8, 9]^1     
     4 = [5, 7, 8, 9]^4 [5, 6, 7, 9]^1 [4, 5, 7, 9]^1 [2, 7, 8, 9]^2     
     6 = [5, 7, 8, 9]^4 [5, 6, 7, 9]^1 [3, 6, 7, 9]^1 [2, 7, 8, 9]^2     
    10 = [5, 7, 8, 9]^4 [5, 6, 7, 9]^1 [4, 6, 7, 9]^1 [2, 7, 8, 9]^1 [2, 6, 8, 9]^1     
     6 = [5, 7, 8, 9]^2 [5, 6, 7, 9]^3 [3, 6, 8, 9]^1 [2, 6, 8, 9]^1     
     6 = [5, 7, 8, 9]^2 [4, 6, 7, 9]^1 [3, 7, 8, 9]^1 [5, 6, 7, 9]^2 [2, 6, 8, 9]^1     
     4 = [5, 7, 8, 9]^2 [5, 6, 7, 9]^2 [4, 6, 8, 9]^1 [2, 7, 8, 9]^1 [2, 6, 8, 9]^1     
     4 = [5, 7, 8, 9]^1 [5, 6, 7, 9]^2 [4, 7, 8, 9]^2 [2, 7, 8, 9]^1 [2, 6, 8, 9]^1     
     4 = [5, 7, 8, 9]^3 [5, 6, 8, 9]^1 [5, 6, 7, 9]^2 [2, 7, 8, 9]^1 [2, 6, 8, 9]^1     
     6 = [5, 7, 8, 9]^3 [5, 6, 7, 9]^2 [4, 7, 8, 9]^1 [2, 7, 8, 9]^1 [2, 6, 8, 9]^1     
    10 = [5, 7, 8, 9]^5 [5, 6, 7, 9]^2 [2, 7, 8, 9]^1 [2, 6, 8, 9]^1     
     6 = [5, 6, 7, 9]^5 [3, 6, 7, 9]^1     
     6 = [4, 5, 7, 9]^1 [3, 7, 8, 9]^1 [5, 6, 7, 9]^4     
     6 = [5, 7, 8, 9]^3 [5, 6, 7, 9]^3 [3, 7, 8, 9]^1 [2, 6, 8, 9]^1     
     6 = [4, 6, 7, 9]^3 [3, 6, 8, 9]^1 [2, 7, 8, 9]^1     
     6 = [4, 6, 7, 9]^2 [4, 5, 8, 9]^2 [2, 7, 8, 9]^1     
     6 = [5, 7, 8, 9]^1 [5, 6, 7, 9]^1 [4, 6, 7, 9]^2 [3, 6, 8, 9]^1 [2, 7, 8, 9]^1     
     6 = [5, 7, 8, 9]^1 [5, 6, 7, 9]^1 [4, 6, 7, 9]^1 [4, 5, 8, 9]^2 [2, 7, 8, 9]^1     
     6 = [5, 7, 8, 9]^1 [4, 6, 7, 9]^3 [3, 7, 8, 9]^1 [2, 7, 8, 9]^1     
     4 = [5, 7, 8, 9]^1 [4, 6, 8, 9]^1 [4, 6, 7, 9]^2 [2, 7, 8, 9]^2     
     6 = [5, 6, 8, 9]^1 [4, 7, 8, 9]^1 [2, 7, 8, 9]^4     
     4 = [4, 7, 8, 9]^2 [4, 6, 7, 9]^2 [2, 7, 8, 9]^2     
     4 = [5, 7, 8, 9]^2 [5, 6, 8, 9]^1 [4, 6, 7, 9]^2 [2, 7, 8, 9]^2     
     6 = [5, 7, 8, 9]^2 [4, 7, 8, 9]^1 [4, 6, 7, 9]^2 [2, 7, 8, 9]^2     
    10 = [5, 7, 8, 9]^4 [4, 6, 7, 9]^2 [2, 7, 8, 9]^2     
     6 = [5, 6, 8, 9]^1 [3, 7, 8, 9]^2 [2, 7, 8, 9]^3     
     6 = [5, 7, 8, 9]^2 [5, 6, 7, 9]^2 [4, 6, 7, 9]^1 [3, 6, 8, 9]^1 [2, 7, 8, 9]^1     
     6 = [5, 7, 8, 9]^2 [5, 6, 7, 9]^2 [4, 5, 8, 9]^2 [2, 7, 8, 9]^1     
     6 = [5, 7, 8, 9]^2 [4, 6, 7, 9]^2 [3, 7, 8, 9]^1 [5, 6, 7, 9]^1 [2, 7, 8, 9]^1     
     4 = [5, 7, 8, 9]^2 [5, 6, 7, 9]^1 [4, 6, 8, 9]^1 [4, 6, 7, 9]^1 [2, 7, 8, 9]^2     
     4 = [5, 7, 8, 9]^1 [5, 6, 7, 9]^1 [4, 7, 8, 9]^2 [4, 6, 7, 9]^1 [2, 7, 8, 9]^2     
     4 = [5, 7, 8, 9]^3 [5, 6, 8, 9]^1 [5, 6, 7, 9]^1 [4, 6, 7, 9]^1 [2, 7, 8, 9]^2     
     6 = [5, 7, 8, 9]^3 [5, 6, 7, 9]^1 [4, 7, 8, 9]^1 [4, 6, 7, 9]^1 [2, 7, 8, 9]^2     
    10 = [5, 7, 8, 9]^5 [5, 6, 7, 9]^1 [4, 6, 7, 9]^1 [2, 7, 8, 9]^2     
     6 = [5, 6, 7, 9]^4 [4, 5, 8, 9]^1 [3, 6, 8, 9]^1     
     6 = [4, 6, 7, 9]^1 [3, 7, 8, 9]^1 [4, 5, 8, 9]^1 [5, 6, 7, 9]^3     
     6 = [5, 7, 8, 9]^3 [5, 6, 7, 9]^3 [3, 6, 8, 9]^1 [2, 7, 8, 9]^1     
     6 = [5, 7, 8, 9]^3 [4, 6, 7, 9]^1 [3, 7, 8, 9]^1 [5, 6, 7, 9]^2 [2, 7, 8, 9]^1     
     4 = [5, 7, 8, 9]^3 [5, 6, 7, 9]^2 [4, 6, 8, 9]^1 [2, 7, 8, 9]^2     
     4 = [5, 7, 8, 9]^2 [5, 6, 7, 9]^2 [4, 7, 8, 9]^2 [2, 7, 8, 9]^2     
     4 = [5, 7, 8, 9]^4 [5, 6, 8, 9]^1 [5, 6, 7, 9]^2 [2, 7, 8, 9]^2     
     6 = [5, 7, 8, 9]^4 [5, 6, 7, 9]^2 [4, 7, 8, 9]^1 [2, 7, 8, 9]^2     
    10 = [5, 7, 8, 9]^6 [5, 6, 7, 9]^2 [2, 7, 8, 9]^2     
     6 = [5, 7, 8, 9]^1 [4, 5, 8, 9]^1 [3, 7, 8, 9]^1 [5, 6, 7, 9]^4     
     6 = [5, 7, 8, 9]^4 [5, 6, 7, 9]^3 [3, 7, 8, 9]^1 [2, 7, 8, 9]^1     
    10 = [5, 6, 8, 9]^1 [5, 6, 7, 9]^5 [3, 7, 8, 9]^1     
    10 = [5, 6, 7, 9]^6 [4, 7, 8, 9]^1     
 Number of problems= 38760  Number with [zero, one, at least 2] solutions = [1048, 945, 36767].
                                   830285.208

