T:=[
########################################
#Isis           1 --   250 000
[[[5812, -4547, 6815], [-6401, -9648, 1553], [-9570, 5666, -4376]], [[252, -8138, -6529], [-2887, -2552, 3976], [1799, 967, -3285]], [[3214, -3140, 5024], [-476, 614, -3998], [-2897, -9953, 2687]], [[2883, -9110, -9261], [4308, -8809, -8878], [-8750, 9095, 7467]]],
########################################
#Everest   500 001 --   750 000   
[[[-554, 412, 775], [342, -875, 140], [393, -8, 226]], [[215, 483, -801], [-453, -190, 542], [141, -775, 633]], [[-439, -394, -305], [-35, 424, 728], [328, 363, 643]], [[820, -858, -428], [-363, -150, 772], [-607, 580, 941]]],
####
[[[-422, 466, 478], [462, -993, -957], [-114, 383, 265]], [[391, -543, 912], [764, 229, -195], [-843, 200, -716]], [[31, 492, -654], [514, 913, -207], [-701, -30, 520]], [[257, -587, -414], [-135, 972, -641], [-901, -176, -697]]],
####
[[[260, -194, -881], [529, 196, 333], [-36, -104, -278]], [[-582, -808, -201], [837, 314, -653], [16, 897, 209]], [[883, 91, 368], [-202, 115, -41], [46, -530, -522]], [[777, -364, -236], [-250, 953, 380], [-188, -28, -504]]],
########################################
#Lyra        750 001 -- 1 000 000
[[[509, -182, 248], [62, 753, 851], [-677, 369, 32]], [[-20, -262, 754], [-278, 425, -717], [582, 47, 269]], [[-83, -755, 547], [653, 619, 953], [745, -439, -999]], [[-242, -28, -622], [516, -33, 386], [-528, 613, 377]]],
########################################
# pogo   1 000 001 -- 2 000 000
[[[820, -979, 172], [273, -418, 922], [-885, 21, -745]], [[137, 172, 131], [-425, -587, 936], [-108, -882, -133]], [[891, -984, 649], [184, -343, -406], [-426, -533, 900]], [[-110, -717, 377], [-436, 721, -628], [408, -557, 904]]],
Data_36:=[
####
[[[219, 588, 589], [88, 209, -757], [54, 867, -402]], [[680, 774, 0], [-881, -571, -256], [-890, 14, 238]], [[35, 562, 660], [146, 621, -667], [421, 269, -611]], [[-660, 155, 129], [949, 81, 309], [-955, -726, -7]]],
####
[[[657, 918, -81], [-478, -243, -518], [-900, 419, 244]], [[-996, 814, 486], [-961, 74, -62], [327, -412, -43]], [[-568, 645, 289], [649, -751, 867], [-642, -404, -516]], [[426, 906, 885], [-348, 281, -734], [-592, -253, -76]]],
####
[[[-790, 517, 879], [-149, -91, -946], [279, 272, 61]], [[-191, 501, -235], [913, -38, 681], [485, 40, 755]], [[342, -856, 753], [477, 883, 33], [703, 360, 707]], [[-423, 521, 258], [-210, 21, -465], [579, 195, -806]]],
####
[[[-69, -228, -943], [-851, -684, -818], [703, 637, -120]], [[-675, 618, -964], [-348, -871, 44], [685, 261, 648]], [[-518, -493, -921], [964, 573, -650], [-624, -244, 89]], [[546, -309, -361], [252, -806, -320], [-775, 780, -768]]],
####
[[[980, -796, -609], [-691, -203, -27], [-102, 230, 523]], [[-884, 557, -59], [-330, -864, 891], [-229, -937, 621]], [[946, -528, -188], [-898, 357, 251], [388, -536, -606]], [[-522, -606, 495], [995, -781, 599], [33, 734, -444]]],
########################################
#BigSur  2 000 001 -- 2 250 000   (Redoing!)
[[[130, 644, -364], [-955, 174, 849], [-504, -781, -572]], [[297, 956, 647], [-931, 776, 804], [559, -777, -273]], [[-811, -462, 169], [876, 756, 465], [-420, 740, 610]], [[-822, 657, 794], [32, -369, -852], [-726, 369, -526]]],
[[[709, -267, 226], [-357, -468, -929], [143, 704, 339]], [[-678, -399, -407], [875, 838, -638], [-443, -642, -709]], [[509, 105, 147], [-547, 439, -638], [446, -495, -72]], [[443, -360, -977], [968, -24, -456], [-644, 709, -558]]],
#########################################
#Denali  2 250 001 -- 2 500 000 
[[[-109, -625, -978], [152, 691, 18], [780, -475, 247]], [[229, -961, -885], [-650, 790, -682], [-616, 146, 511]], [[-621, -899, -268], [-577, 523, -372], [716, 446, -372]], [[-277, 525, -480], [377, -884, -314], [-857, -763, -292]]],
[[[-367, 971, -484], [-296, -410, 360], [-136, -779, 233]], [[-150, -615, -116], [-619, 901, 467], [946, -13, 875]], [[10, -459, -231], [-319, 785, 157], [-404, -641, 48]], [[373, 644, 934], [-681, -304, -910], [-571, 739, -831]]],
########################################
#Lupine   2 500 001 -- 2 750 000
[[[164, 242, 493], [799, -714, 742], [-877, -340, -188]], [[37, -60, -39], [-206, -26, -256], [-328, 733, 884]], [[17, 90, -289], [-801, 2, -457], [543, 154, 906]], [[-302, 655, 354], [-967, 239, 705], [-493, -690, -164]]],
[[[-11, 426, -774], [53, -685, 471], [-334, -64, -888]], [[-874, -494, -335], [510, -959, 128], [831, -526, -34]], [[495, -682, -119], [-863, 725, 545], [210, 542, 291]], [[-688, -941, -171], [-106, 456, -905], [-781, 805, 879]]],
########################################
#Bethel 2 750 001 -- 3 000 000
[[[813, 307, -421], [268, 455, 698], [-926, -389, -134]], [[-643, -700, -707], [748, 642, 551], [295, -224, 437]], [[-367, 476, -475], [880, -882, -2], [-264, 145, 449]], [[183, -331, 276], [130, -39, -486], [-747, 828, -144]]],
########################################
#Shiloh 3 000 001 -- 3 500 000
[[[160, -837, 455], [813, -178, 953], [-650, -998, -47]], [[-654, 567, -126], [572, 28, -318], [-491, -394, 475]], [[479, -618, 358], [-196, -284, 645], [-561, 903, -582]], [[439, 896, -797], [-890, 412, 74], [-23, -324, 231]]],
#####
[[[-6612, 6733, 5447], [9572, 4151, 266], [-1707, -9579, 4552]], [[-789, 4143, 8074], [9458, -5486, -1547], [9435, -8064, -959]], [[6697, -4609, 2203], [3321, 9221, 2157], [-6104, -3142, 6156]], [[-5780, 4440, -3953], [345, 546, 9200], [7352, -770, 7972]]],
########################################
#Bigsur 3 500 001 -- 4 000 000
[[[5064, -8218, 3911], [-9067, -2463, 3965], [8329, 6594, -476]], [[-3632, -5842, 1669], [8431, -7790, 6908], [-9864, 5295, -161]], [[-4587, -6251, -9638], [-2344, 3121, 7323], [-9628, 2421, 9274]], [[-7072, -4624, 4847], [-1656, 8032, 5135], [8798, 6118, -491]]],
#
[[[5031, 4408, -1124], [-6939, 1063, 9901], [-9176, 1402, -2237]], [[6952, 7947, 6108], [-5102, -773, 3869], [-2850, 3317, -5965]], [[820, 5213, -6686], [3967, -8742, 8868], [-6627, 4461, -2559]], [[-889, 6461, 6078], [4937, -6434, -4427], [-4497, 1431, 5371]]],
#
[[[5394, 4746, 6087], [-6569, -9869, -9196], [-3528, 5599, -435]], [[1590, 9805, 5558], [8297, -9719, 1421], [-8317, -8620, 2955]], [[4568, -7081, -1178], [127, 6084, 6545], [-9979, -1379, -9021]], [[3605, -5246, 4227], [-7461, -2230, 3404], [1012, -4169, -4268]]],
########################################
#Denali      4 000 000 -- 4 500 000
[[[-109, -625, -978], [152, 691, 18], [780, -475, 247]], [[229, -961, -885], [-650, 790, -682], [-616, 146, 511]], [[-621, -899, -268], [-577, 523, -372], [716, 446, -372]], [[-277, 525, -480], [377, -884, -314], [-857, -763, -292]]],
#
[[[-367, 971, -484], [-296, -410, 360], [-136, -779, 233]], [[-150, -615, -116], [-619, 901, 467], [946, -13, 875]], [[10, -459, -231], [-319, 785, 157], [-404, -641, 48]], [[373, 644, 934], [-681, -304, -910], [-571, 739, -831]]],
#
[[[325, 833, -97], [258, -643, 749], [-72, 70, -230]], [[120, -485, 968], [52, 113, -318], [733, 909, 816]], [[269, 597, 102], [137, -671, -741], [113, 865, 992]], [[-240, 286, 503], [287, -664, -662], [-441, -578, -847]]],
#
[[[-3595, -3012, -9641], [8008, -3664, 3684], [8153, -2120, 365]], [[-8723, -7061, -2639], [3014, -1808, -8960], [6300, 8138, -7091]], [[5796, -5572, -6459], [-2585, 6839, 5695], [-9023, 8062, 9502]], [[-1468, -4461, -4112], [7957, 8139, -9597], [-938, 1968, -4793]]],
#
[[[-5959, -3538, -7724], [8622, -6008, -4217], [6723, -2794, -1664]], [[-1564, -7197, -9578], [-211, 7089, 6207], [4029, 6820, 4566]], [[4729, 5136, 917], [-6294, -5806, 2087], [9364, -3198, -9313]], [[-2289, -5414, -2384], [-6652, -4864, 1381], [8249, 7347, -391]]],
#
[[[2767, -8138, 2569], [4855, -8338, -5331], [-787, -3150, 1485]], [[9165, 5505, -4710], [-7961, -8915, 4473], [-1838, 7023, -1276]], [[688, -177, -4351], [7080, 7928, -3971], [2810, -8452, -1536]], [[4111, -9944, 2226], [-1502, -7290, 3884], [-8852, -3825, 3325]]],
########################################
Lupine      4 500 000 -- 5 000 000
[[[-1170, 7443, 6391], [-4996, 316, -9998], [6917, -4638, 3179]], [[-701, 7844, 2780], [410, -9824, -9355], [2000, 1610, -1034]], [[-7944, -2086, -5824], [-8908, 3370, -4423], [8079, 8572, -6556]], [[635, 7002, 6484], [-5931, 6491, 8680], [3312, -9857, -8611]]],
#
[[[-7112, -4928, -2480], [1906, -303, 4160], [7372, 8553, 5305]], [[-8065, -5552, 8779], [7422, 7308, 5850], [-7087, 5518, -2639]], [[-7156, 4214, -5238], [6093, -9526, -3865], [-8960, 9567, 6422]], [[3455, -6793, -5279], [-53, 5104, -1973], [-498, 1965, 7774]]],
#
[[[-1686, -3559, 1186], [1710, -3960, -8265], [1053, 3201, 3096]], [[-7122, 2620, 9486], [8508, -9875, 1789], [-490, 7284, 1567]], [[-302, -8055, -5504], [4773, -5192, 4049], [1237, -961, -5692]], [[3296, -3796, 3192], [2610, 1574, 1407], [-4400, 5903, 5105]]],
#
[[[98, 4111, -9946], [-2717, -6825, -1550], [7769, 1829, 3721]], [[-6127, -2717, -3004], [5978, 5679, 6592], [7791, -4738, -1290]], [[-7235, 1499, 6472], [7099, -2806, -1772], [-5128, -6998, -5201]], [[-4786, -5695, -5680], [4276, 5927, -5058], [-4568, -8729, -5315]]],
#
[[[3946, 6757, 2169], [-6495, -9556, 2073], [1001, -9853, -3385]], [[7736, 6952, 2573], [-2654, -7586, -1255], [-9971, -296, 9829]], [[9177, 1142, -5312], [1569, -5012, -374], [-7786, 4638, -2614]], [[7881, 4591, 9996], [-5293, 1692, -9275], [2536, 5216, 6664]]],
NULL]:
