T:=[
########################################
#BigSur  2 000 001 -- 2 250 000  (Redoing)
[[[-567, -46, 661], [877, 514, 156], [131, -795, -275]], [[595, -529, 581], [-115, -332, 404], [-288, 139, -206]], [[172, -546, 680], [725, -107, 360], [-458, 53, -202]], [[658, -347, -348], [-286, -852, 722], [-648, 709, 863]]],
########################################
#Lupine   2 500 001 -- 2 750 000
[[[887, -642, -763], [276, -114, 899], [473, 63, -754]], [[259, 700, -870], [678, -701, -311], [-846, -57, 410]], [[938, -541, -883], [-48, -560, 184], [-60, 402, 18]], [[-813, 294, 136], [917, -174, 839], [999, -606, -498]]],
########################################
#Shiloh 3 000 001 -- 3 500 000
[[[-162, 291, 766], [-363, 777, -348], [-373, -673, -204]], [[-762, 769, -935], [805, 460, 583], [480, -886, -852]], [[508, -609, -102], [-378, 755, 159], [1, -423, -570]], [[-346, 123, -545], [-75, -408, 634], [-306, 797, 162]]],
########################################
#Bigsur 3 500 001 -- 4 000 000
[[[-2084, 5426, 9846], [5766, -4093, -9040], [-2137, 1482, 6349]], [[-7070, 2659, -5437], [6607, -6531, 8782], [2158, 1195, -176]], [[-8486, -8477, 1007], [9288, 658, -2505], [-4256, -4687, 4331]], [[8600, -592, -8562], [-3629, -3560, 2858], [5684, -1120, 2439]]],



########################################
