T:=[
##################################################
#Isis           1 --   250 000
[[[-822, -703, 726], [139, 32, -372], [251, 276, 370]], [[568, -376, 558], [-421, 420, 71], [-362, 455, 271]], [[-982, -940, 271], [800, 528, -302], [-466, -373, 627]], [[-728, 700, 803], [112, 399, 412], [875, -447, -874]]],
##################################################
# Waffle   2 000 001 -- 2 250 000
[[[-7895, 1479, -8784], [1744, -5953, 7075], [-4210, -5516, -3069]], [[1553, 4740, 4043], [-3095, 660, 4278], [2066, -7594, -7748]], [[-986, -8099, 8413], [8466, 5573, -1079], [8599, 6166, -2396]], [[-1279, 9421, 7821], [-9347, -4669, -6865], [8993, -3747, -7712]]],
##################################################
# pogo     1 000 001 -- 2 000 000
[[[-568, -953, 892], [201, 896, -221], [391, 917, -379]], [[578, 412, 159], [-545, 566, 100], [-711, 545, -602]], [[922, 486, 565], [-178, 533, -839], [-878, 616, -192]], [[-756, -887, 280], [250, 833, 338], [-831, -872, 234]]],
##################################################
#Denali      4 000 000 -- 4 500 000
[[[-4, -731, -336], [297, -507, 978], [824, -62, -359]], [[531, -631, -820], [-24, -716, 713], [807, 377, 177]], [[586, -205, 952], [861, -774, 235], [-450, 758, 161]], [[330, -141, -908], [942, -920, 651], [-226, 489, 968]]],



