##############################################################################
#
#  Data for the enumerative problem
#  W32 We3 Ye4 Z  = 4 on Clavius
#  1000 iterations planned  
#
##############################################################################
FlagVariety:=[2, 4, 5, 6]:
Label := "W32 We3 Ye4 Z ":
EnumerativeProblem:=[ [3, 5, 1, 2, 4, 6] ,[1, 3, 2, 4, 5, 6]
                     ,[1, 3, 2, 4, 5, 6] ,[1, 3, 2, 4, 5, 6]
                     ,[1, 2, 3, 5, 4, 6] ,[1, 2, 3, 5, 4, 6]
                     ,[1, 2, 3, 5, 4, 6] ,[1, 2, 3, 5, 4, 6]
                     ,[1, 2, 3, 4, 6, 5]]:
NumberOfSolutions := 4:
Necklaces:=[ [3, 4, 6, 1, 2, 5, 7, 8] ,[1, 5, 8, 2, 3, 4, 6, 7]
            ,[2, 4, 6, 1, 3, 5, 7, 8] ,[1, 5, 8, 2, 3, 4, 7, 6]
            ,[2, 6, 8, 1, 4, 5, 7, 3] ,[2, 7, 8, 1, 3, 4, 6, 5]
            ,[4, 5, 6, 1, 2, 7, 8, 3] ,[3, 4, 5, 1, 6, 7, 8, 2]
            ,[5, 6, 7, 1, 2, 3, 8, 4] ,[3, 4, 7, 1, 2, 6, 8, 5]
            ,[2, 3, 6, 1, 5, 7, 8, 4] ,[4, 5, 8, 1, 2, 3, 7, 6]
            ,[3, 4, 7, 1, 5, 6, 8, 2] ,[2, 3, 7, 4, 5, 6, 8, 1]
            ,[2, 4, 7, 1, 5, 6, 8, 3] ,[1, 3, 6, 2, 5, 7, 8, 4]
            ,[2, 5, 8, 1, 4, 6, 7, 3] ,[2, 5, 7, 1, 4, 6, 8, 3]
            ,[6, 7, 8, 1, 2, 3, 4, 5] ,[1, 2, 3, 4, 5, 6, 7, 8]
            ,[1, 7, 8, 2, 3, 4, 5, 6] ,[1, 3, 7, 2, 5, 6, 8, 4]
            ,[1, 4, 7, 2, 3, 6, 8, 5] ,[1, 3, 7, 2, 4, 6, 8, 5]
            ,[3, 4, 8, 1, 2, 6, 7, 5] ,[1, 7, 8, 2, 3, 5, 6, 4]
            ,[2, 4, 8, 1, 3, 6, 7, 5] ,[1, 2, 7, 3, 4, 5, 6, 8]
            ,[1, 6, 8, 2, 3, 4, 5, 7] ,[5, 6, 8, 1, 2, 3, 4, 7]
            ,[3, 4, 5, 2, 6, 7, 8, 1] ,[1, 2, 8, 3, 5, 6, 7, 4]
            ,[2, 4, 5, 3, 6, 7, 8, 1] ,[1, 3, 4, 2, 6, 7, 8, 5]
            ,[1, 3, 5, 2, 4, 6, 8, 7] ,[1, 3, 4, 2, 5, 7, 8, 6]
            ,[2, 4, 5, 1, 3, 7, 8, 6] ,[1, 4, 5, 2, 3, 7, 8, 6]
            ,[2, 5, 6, 1, 3, 4, 7, 8] ,[2, 4, 5, 1, 3, 6, 7, 8]
            ,[1, 2, 3, 4, 6, 7, 8, 5] ,[5, 7, 8, 1, 3, 4, 6, 2]
            ,[3, 7, 8, 1, 2, 5, 6, 4] ,[1, 4, 8, 2, 3, 6, 7, 5]
            ,[2, 7, 8, 1, 3, 5, 6, 4] ,[1, 7, 8, 3, 4, 5, 6, 2]
            ,[1, 7, 8, 2, 4, 5, 6, 3] ,[5, 7, 8, 2, 3, 4, 6, 1]
            ,[5, 6, 8, 2, 3, 4, 7, 1] ,[4, 7, 8, 2, 3, 5, 6, 1]
            ,[4, 6, 8, 2, 3, 5, 7, 1] ,[4, 5, 8, 2, 3, 6, 7, 1]
            ,[3, 7, 8, 2, 4, 5, 6, 1] ,[3, 6, 8, 2, 4, 5, 7, 1]
            ,[3, 5, 8, 2, 4, 6, 7, 1] ,[3, 4, 8, 2, 5, 6, 7, 1]
            ,[2, 6, 8, 3, 4, 5, 7, 1] ,[2, 5, 8, 3, 4, 6, 7, 1]
            ,[2, 4, 8, 3, 5, 6, 7, 1] ,[2, 3, 8, 4, 5, 6, 7, 1]
            ,[6, 7, 8, 1, 3, 4, 5, 2] ,[5, 6, 8, 1, 3, 4, 7, 2]
            ,[4, 7, 8, 1, 3, 5, 6, 2] ,[4, 5, 8, 1, 3, 6, 7, 2]
            ,[3, 7, 8, 1, 4, 5, 6, 2] ,[3, 6, 8, 1, 4, 5, 7, 2]
            ,[3, 5, 8, 1, 4, 6, 7, 2] ,[3, 4, 8, 1, 5, 6, 7, 2]
            ,[5, 7, 8, 1, 2, 4, 6, 3] ,[4, 7, 8, 1, 2, 5, 6, 3]
            ,[4, 6, 8, 1, 2, 5, 7, 3] ,[4, 5, 6, 2, 3, 7, 8, 1]
            ,[5, 7, 8, 1, 2, 3, 6, 4] ,[5, 7, 8, 1, 2, 3, 4, 6]
            ,[4, 7, 8, 1, 2, 3, 6, 5] ,[4, 6, 8, 1, 2, 3, 7, 5]
            ,[4, 7, 8, 1, 2, 3, 5, 6] ,[4, 6, 8, 1, 2, 3, 5, 7]
            ,[4, 5, 8, 1, 2, 3, 6, 7] ,[3, 6, 8, 1, 2, 5, 7, 4]
            ,[3, 5, 8, 1, 2, 6, 7, 4] ,[3, 7, 8, 1, 2, 4, 6, 5]
            ,[3, 7, 8, 1, 2, 4, 5, 6] ,[3, 6, 8, 1, 2, 4, 5, 7]
            ,[3, 5, 8, 1, 2, 4, 7, 6] ,[3, 5, 8, 1, 2, 4, 6, 7]
            ,[3, 4, 8, 1, 2, 5, 7, 6] ,[3, 4, 8, 1, 2, 5, 6, 7]
            ,[2, 7, 8, 1, 4, 5, 6, 3] ,[2, 4, 8, 1, 5, 6, 7, 3]
            ,[5, 6, 7, 1, 2, 3, 4, 8] ,[2, 7, 8, 1, 3, 4, 5, 6]
            ,[2, 6, 8, 1, 3, 4, 5, 7] ,[2, 5, 8, 1, 3, 4, 7, 6]
            ,[2, 5, 8, 1, 3, 4, 6, 7] ,[2, 4, 8, 1, 3, 5, 7, 6]
            ,[2, 4, 8, 1, 3, 5, 6, 7] ,[2, 3, 8, 1, 5, 6, 7, 4]
            ,[2, 3, 8, 1, 4, 6, 7, 5] ,[2, 3, 8, 1, 4, 5, 7, 6]
            ,[2, 3, 8, 1, 4, 5, 6, 7] ,[1, 6, 8, 3, 4, 5, 7, 2]
            ,[1, 5, 8, 3, 4, 6, 7, 2] ,[1, 6, 8, 2, 4, 5, 7, 3]
            ,[1, 5, 8, 2, 4, 6, 7, 3] ,[2, 6, 7, 1, 4, 5, 8, 3]
            ,[1, 6, 8, 2, 3, 5, 7, 4] ,[1, 6, 8, 2, 3, 4, 7, 5]
            ,[2, 3, 7, 1, 5, 6, 8, 4] ,[2, 4, 7, 3, 5, 6, 8, 1]
            ,[3, 5, 6, 1, 2, 4, 8, 7] ,[2, 3, 5, 1, 6, 7, 8, 4]
            ,[3, 4, 6, 1, 2, 7, 8, 5] ,[4, 5, 7, 1, 2, 3, 8, 6]
            ,[4, 6, 7, 1, 2, 3, 5, 8] ,[3, 6, 7, 1, 2, 4, 5, 8]
            ,[2, 3, 4, 1, 5, 7, 8, 6] ,[2, 3, 7, 1, 4, 6, 8, 5]
            ,[3, 4, 5, 1, 2, 6, 8, 7] ,[2, 4, 5, 1, 3, 6, 8, 7]
            ,[2, 3, 6, 1, 4, 7, 8, 5] ,[3, 4, 7, 1, 2, 5, 8, 6]
            ,[3, 5, 6, 1, 2, 4, 7, 8] ,[1, 2, 3, 4, 5, 7, 8, 6]
            ,[2, 3, 4, 1, 5, 6, 8, 7] ,[2, 3, 4, 1, 5, 6, 7, 8]
            ,[2, 3, 7, 1, 4, 5, 6, 8] ,[2, 3, 6, 1, 4, 5, 8, 7]
            ,[3, 4, 7, 1, 2, 5, 6, 8] ,[2, 3, 6, 1, 4, 5, 7, 8]
            ,[3, 5, 6, 1, 4, 7, 8, 2] ,[2, 3, 5, 1, 4, 7, 8, 6]
            ,[2, 3, 5, 1, 4, 6, 8, 7] ,[2, 3, 5, 1, 4, 6, 7, 8]
            ,[2, 4, 6, 3, 5, 7, 8, 1] ,[2, 4, 6, 1, 5, 7, 8, 3]
            ,[2, 4, 6, 1, 3, 7, 8, 5] ,[2, 4, 7, 1, 3, 6, 8, 5]
            ,[2, 4, 6, 1, 3, 5, 8, 7] ,[2, 4, 7, 1, 3, 5, 6, 8]
           ]:
Points:=[[3, 23],[5, 22],[8, 22],[10, 21],[12, 20],[14, 18],[16, 17]
       ,[17, 15],[19, 13],[20, 12],[21, 9],[22, 7],[22, 5],[23, 3]
       ,[23, 0],[23, -2],[23, -4],[22, -7],[21, -9],[20, -11],[19, -13]
       ,[18, -15],[16, -16],[14, -18],[12, -19],[10, -20],[8, -21],[6, -22]
       ,[4, -23],[2, -23] ]:
PointSelection := "QuasiUniformPointsAss(30,23)":
Machine := "Clavius":
NumberOfIterations := 1000:
##############################################################################
Instance:=10000:
PreTime:=   5458.61:
GroebnerTime:= 113671.53:
RealTime:=  19200.13:
Table:=[[0,174,9826]
       ,[0,0,10000]
       ,[0,416,9584]
       ,[0,0,10000]
       ,[0,278,9722]
       ,[0,0,10000]
       ,[1,130,9869]
       ,[0,308,9692]
       ,[0,263,9737]
       ,[0,137,9863]
       ,[0,97,9903]
       ,[0,2,9998]
       ,[0,292,9708]
       ,[0,0,10000]
       ,[0,266,9734]
       ,[0,201,9799]
       ,[0,302,9698]
       ,[0,416,9584]
       ,[0,0,10000]
       ,[0,0,10000]
       ,[0,0,10000]
       ,[0,210,9790]
       ,[0,809,9191]
       ,[0,675,9325]
       ,[0,339,9661]
       ,[0,0,10000]
       ,[0,291,9709]
       ,[0,0,10000]
       ,[0,0,10000]
       ,[0,0,10000]
       ,[0,195,9805]
       ,[0,0,10000]
       ,[0,4,9996]
       ,[0,0,10000]
       ,[0,310,9690]
       ,[0,4,9996]
       ,[0,98,9902]
       ,[0,211,9789]
       ,[0,144,9856]
       ,[0,160,9840]
       ,[0,0,10000]
       ,[0,0,10000]
       ,[0,0,10000]
       ,[0,0,10000]
       ,[0,0,10000]
       ,[0,0,10000]
       ,[0,0,10000]
       ,[0,0,10000]
       ,[0,2,9998]
       ,[0,0,10000]
       ,[0,325,9675]
       ,[0,623,9377]
       ,[0,0,10000]
       ,[0,502,9498]
       ,[0,392,9608]
       ,[0,5,9995]
       ,[0,0,10000]
       ,[0,0,10000]
       ,[0,0,10000]
       ,[0,0,10000]
       ,[0,0,10000]
       ,[0,8,9992]
       ,[0,0,10000]
       ,[0,380,9620]
       ,[0,0,10000]
       ,[0,304,9696]
       ,[0,532,9468]
       ,[0,1,9999]
       ,[0,0,10000]
       ,[0,0,10000]
       ,[0,126,9874]
       ,[0,42,9958]
       ,[0,0,10000]
       ,[0,0,10000]
       ,[0,0,10000]
       ,[0,12,9988]
       ,[0,0,10000]
       ,[0,0,10000]
       ,[0,0,10000]
       ,[0,328,9672]
       ,[0,571,9429]
       ,[0,0,10000]
       ,[0,0,10000]
       ,[0,0,10000]
       ,[0,274,9726]
       ,[0,190,9810]
       ,[0,483,9517]
       ,[0,306,9694]
       ,[0,0,10000]
       ,[0,11,9989]
       ,[0,0,10000]
       ,[0,0,10000]
       ,[0,0,10000]
       ,[0,513,9487]
       ,[0,323,9677]
       ,[0,674,9326]
       ,[0,449,9551]
       ,[0,3,9997]
       ,[0,8,9992]
       ,[0,9,9991]
       ,[0,4,9996]
       ,[0,0,10000]
       ,[0,0,10000]
       ,[0,0,10000]
       ,[0,0,10000]
       ,[0,96,9904]
       ,[0,0,10000]
       ,[0,0,10000]
       ,[0,158,9842]
       ,[0,373,9627]
       ,[0,262,9738]
       ,[0,84,9916]
       ,[0,37,9963]
       ,[0,169,9831]
       ,[0,0,10000]
       ,[0,0,10000]
       ,[0,295,9705]
       ,[0,381,9619]
       ,[0,160,9840]
       ,[0,169,9831]
       ,[0,185,9815]
       ,[0,228,9772]
       ,[0,144,9856]
       ,[0,0,10000]
       ,[0,152,9848]
       ,[0,52,9948]
       ,[0,2,9998]
       ,[0,192,9808]
       ,[0,295,9705]
       ,[0,251,9749]
       ,[0,120,9880]
       ,[0,162,9838]
       ,[0,138,9862]
       ,[0,157,9843]
       ,[0,231,9769]
       ,[0,139,9861]
       ,[0,219,9781]
       ,[0,468,9532]
       ,[0,373,9627]
       ,[0,437,9563]]:
CoefficientHeight:=  144.7:
