##############################################################################
#
#  Data for the enumerative problem
#  VV2 WW33 X22X11 YY11 = 6 on Rota
#
##############################################################################
FlagVariety:=[2, 3, 4, 5, 7]:
Label := "VV2 WW33 X22X11 YY11":
EnumerativeProblem:=[ [1, 5, 6, 2, 3, 5, 7] ,[1, 2, 4, 3, 5, 6, 7]
                     ,[1, 2, 5, 6, 3, 4, 7] ,[1, 2, 4, 5, 3, 6, 7]
                     ,[1, 2, 3, 5, 6, 4, 7] ,[1, 2, 3, 4, 6, 5, 7]
                     ,[1, 4, 2, 3, 5, 6, 7] ,[1, 3, 2, 4, 5, 6, 7]
                    ]:
NumberOfSolutions := 6:
Necklaces:=[ [1, 2, 3, 4, 5, 6, 7] ,[1, 4, 5, 6, 7, 2, 3]
            ,[1, 6, 7, 2, 3, 4, 5]]:
Points:=[[4, 32],[7, 31],[11, 30],[14, 29],[16, 27],[19, 26],[22, 24]
       ,[24, 21],[26, 19],[28, 16],[29, 13],[30, 10],[31, 7],[32, 4]
       ,[32, 1],[32, -3],[31, -6],[31, -9],[30, -12],[28, -15],[27, -18]
       ,[25, -20],[22, -23],[20, -25],[17, -27],[15, -28],[12, -30],[9, -31]
       ,[5, -32],[2, -32] ]:
PointSelection := "QuasiUniformPointsAss(30,32)":
Machine := "Rota":
##############################################################################
Instance:=2000:
PreTime:=   7720.64:
GroebnerTime:= 539640.30:
RealTime:=   1573.92:
Table:=[[0,0,0,2000]
       ,[0,0,0,2000]
       ,[0,112,820,1068]]:
CoefficientHeight:=   42.7:
