##############################################################################
#
#  Data for the enumerative problem
#  W32W21W11e4 = 28 on Amazon
#
##############################################################################
FlagVariety:=[4, 8]:
Label := "W32W21W11e4":
EnumerativeProblem:=[ [1, 2, 5, 7, 3, 4, 6, 8] ,[1, 2, 4, 6, 3, 5, 7, 8]
                     ,[1, 2, 4, 5, 3, 6, 7, 8] ,[1, 2, 4, 5, 3, 6, 7, 8]
                     ,[1, 2, 4, 5, 3, 6, 7, 8] ,[1, 2, 4, 5, 3, 6, 7, 8]
                    ]:
NumberOfSolutions := 28:
Necklaces:=[ [1, 2, 3, 4, 5] ,[2, 1, 3, 4, 5]
            ,[3, 1, 2, 4, 5]]:
Points:=[[1, -199],[1, -198],[1, -197],[1, -195],[1, -193],[1, -189],[1, -187]
       ,[1, -183],[1, -181],[1, -177],[1, -171],[1, -169],[1, -163],[1, -159]
       ,[1, -157],[1, -153],[1, -147],[1, -141],[1, -139],[1, -133],[1, -129]
       ,[1, -127],[1, -121],[1, -117],[1, -111],[1, -103],[1, -99],[1, -97]
       ,[1, -93],[1, -91],[1, -87],[1, -73],[1, -69],[1, -63],[1, -61]
       ,[1, -51],[1, -49],[1, -43],[1, -37],[1, -33],[1, -27],[1, -21]
       ,[1, -19],[1, -9],[1, -7],[1, -3],[1, -1],[1, 11],[1, 23]
       ,[1, 27],[1, 29],[1, 33],[1, 39],[1, 41],[1, 51],[1, 57]
       ,[1, 63],[1, 69],[1, 71],[1, 77],[1, 81],[1, 83],[1, 93]
       ,[1, 107],[1, 111],[1, 113],[1, 117],[1, 131],[1, 137],[1, 147]
       ,[1, 149],[1, 153],[1, 159],[1, 167],[1, 173],[1, 179],[1, 183]
       ,[1, 189],[1, 197],[1, 201] ]:
PointSelection := "Primes(80)":
Machine := "Amazon":
##############################################################################
Instance:=25000:
PreTime:=  19387.66:
GroebnerTime:= 367481.30:
RealTime:=  38927.98:
Table:=[[0,0,0,0,0,0,0,0,0,0,0,0,0,0,25000]
       ,[0,0,0,0,0,0,0,0,0,0,0,0,0,0,25000]
       ,[0,0,0,0,0,0,0,0,0,0,0,0,0,0,25000]]:
CoefficientHeight:=   75.1:
