##############################################################################
#
#  Data for the enumerative problem
#  W22e3W2We2 = 16 on Rota
#
##############################################################################
FlagVariety:=[4, 8]:
Label := "W22e3W2We2":
EnumerativeProblem:=[ [1, 2, 5, 6, 3, 4, 7, 8] ,[1, 2, 5, 6, 3, 4, 7, 8]
                     ,[1, 2, 5, 6, 3, 4, 7, 8] ,[1, 2, 3, 6, 4, 5, 7, 8]
                     ,[1, 2, 3, 5, 4, 6, 7, 8] ,[1, 2, 3, 5, 4, 6, 7, 8]
                    ]:
NumberOfSolutions := 16:
Necklaces:=[ [1, 2, 3, 4, 5] ,[1, 2, 4, 3, 5]
            ,[1, 3, 2, 4, 5] ,[1, 4, 2, 3, 5]
            ,[1, 3, 4, 2, 5] ,[2, 4, 1, 3, 5]
           ]:
Points:=[[1, -323],[1, -322],[1, -321],[1, -319],[1, -317],[1, -313],[1, -311]
       ,[1, -307],[1, -305],[1, -301],[1, -295],[1, -293],[1, -287],[1, -283]
       ,[1, -281],[1, -277],[1, -271],[1, -265],[1, -263],[1, -257],[1, -253]
       ,[1, -251],[1, -245],[1, -241],[1, -235],[1, -227],[1, -223],[1, -221]
       ,[1, -217],[1, -215],[1, -211],[1, -197],[1, -193],[1, -187],[1, -185]
       ,[1, -175],[1, -173],[1, -167],[1, -161],[1, -157],[1, -151],[1, -145]
       ,[1, -143],[1, -133],[1, -131],[1, -127],[1, -125],[1, -113],[1, -101]
       ,[1, -97],[1, -95],[1, -91],[1, -85],[1, -83],[1, -73],[1, -67]
       ,[1, -61],[1, -55],[1, -53],[1, -47],[1, -43],[1, -41],[1, -31]
       ,[1, -17],[1, -13],[1, -11],[1, -7],[1, 7],[1, 13],[1, 23]
       ,[1, 25],[1, 29],[1, 35],[1, 43],[1, 49],[1, 55],[1, 59]
       ,[1, 65],[1, 73],[1, 77],[1, 85],[1, 95],[1, 97],[1, 107]
       ,[1, 109],[1, 115],[1, 119],[1, 125],[1, 133],[1, 137],[1, 139]
       ,[1, 143],[1, 155],[1, 163],[1, 167],[1, 175],[1, 179],[1, 185]
       ,[1, 197],[1, 199],[1, 217],[1, 223],[1, 233],[1, 239],[1, 245]
       ,[1, 247],[1, 253],[1, 263],[1, 269],[1, 275],[1, 277],[1, 283]
       ,[1, 289],[1, 293],[1, 295],[1, 307],[1, 317],[1, 319],[1, 323]
       ,[1, 329] ]:
PointSelection := "Primes(120)":
Machine := "Rota":
##############################################################################
Instance:=2000:
PreTime:=  12911.92:
GroebnerTime:=1048505.27:
RealTime:=   5130.47:
Table:=[[0,0,0,0,0,0,0,0,2000]
       ,[0,0,0,0,0,0,0,0,2000]
       ,[0,0,0,0,0,0,0,0,2000]
       ,[0,0,0,0,0,0,0,0,2000]
       ,[0,0,0,0,0,0,0,0,2000]
       ,[0,0,0,0,0,0,0,0,2000]]:
CoefficientHeight:=   48.5:
