##############################################################################
#
#  Data for the enumerative problem
#  W322W21W11e2We2 = 19 on rcf1422-3
#
##############################################################################
FlagVariety:=[4, 8]:
Label := "W322W21W11e2We2":
EnumerativeProblem:=[ [1, 4, 5, 7, 2, 3, 6, 8] ,[1, 2, 4, 6, 3, 5, 7, 8]
                     ,[1, 2, 4, 5, 3, 6, 7, 8] ,[1, 2, 4, 5, 3, 6, 7, 8]
                     ,[1, 2, 3, 5, 4, 6, 7, 8] ,[1, 2, 3, 5, 4, 6, 7, 8]
                    ]:
NumberOfSolutions := 19:
Necklaces:=[ [1, 2, 3, 4, 5] ,[1, 2, 4, 3, 5]
            ,[1, 2, 5, 3, 4] ,[1, 3, 4, 2, 5]
            ,[1, 3, 5, 2, 4] ,[1, 4, 5, 2, 3]
            ,[2, 1, 3, 4, 5] ,[2, 1, 4, 3, 5]
            ,[2, 1, 5, 3, 4] ,[3, 1, 2, 4, 5]
            ,[4, 1, 2, 3, 5] ,[3, 1, 4, 2, 5]
            ,[3, 1, 5, 2, 4] ,[4, 1, 3, 2, 5]
            ,[2, 3, 4, 1, 5] ,[3, 2, 4, 1, 5]
           ]:
Points:=[[1, -607],[1, -606],[1, -605],[1, -603],[1, -601],[1, -597],[1, -595]
       ,[1, -591],[1, -589],[1, -585],[1, -579],[1, -577],[1, -571],[1, -567]
       ,[1, -565],[1, -561],[1, -555],[1, -549],[1, -547],[1, -541],[1, -537]
       ,[1, -535],[1, -529],[1, -525],[1, -519],[1, -511],[1, -507],[1, -505]
       ,[1, -501],[1, -499],[1, -495],[1, -481],[1, -477],[1, -471],[1, -469]
       ,[1, -459],[1, -457],[1, -451],[1, -445],[1, -441],[1, -435],[1, -429]
       ,[1, -427],[1, -417],[1, -415],[1, -411],[1, -409],[1, -397],[1, -385]
       ,[1, -381],[1, -379],[1, -375],[1, -369],[1, -367],[1, -357],[1, -351]
       ,[1, -345],[1, -339],[1, -337],[1, -331],[1, -327],[1, -325],[1, -315]
       ,[1, -301],[1, -297],[1, -295],[1, -291],[1, -277],[1, -271],[1, -261]
       ,[1, -259],[1, -255],[1, -249],[1, -241],[1, -235],[1, -229],[1, -225]
       ,[1, -219],[1, -211],[1, -207],[1, -199],[1, -189],[1, -187],[1, -177]
       ,[1, -175],[1, -169],[1, -165],[1, -159],[1, -151],[1, -147],[1, -145]
       ,[1, -141],[1, -129],[1, -121],[1, -117],[1, -109],[1, -105],[1, -99]
       ,[1, -87],[1, -85],[1, -67],[1, -61],[1, -51],[1, -45],[1, -39]
       ,[1, -37],[1, -31],[1, -21],[1, -15],[1, -9],[1, -7],[1, -1]
       ,[1, 5],[1, 9],[1, 11],[1, 23],[1, 33],[1, 35],[1, 39]
       ,[1, 45],[1, 51],[1, 53],[1, 65],[1, 69],[1, 75],[1, 83]
       ,[1, 93],[1, 101],[1, 111],[1, 119],[1, 125],[1, 131],[1, 135]
       ,[1, 143],[1, 149],[1, 153],[1, 161],[1, 165],[1, 179],[1, 189]
       ,[1, 201],[1, 203],[1, 213],[1, 215],[1, 219],[1, 221],[1, 231]
       ,[1, 245],[1, 249],[1, 251],[1, 255],[1, 269],[1, 273],[1, 275]
       ,[1, 279],[1, 299],[1, 303],[1, 311],[1, 321],[1, 329],[1, 333]
       ,[1, 339],[1, 345],[1, 359],[1, 363],[1, 369],[1, 375],[1, 383]
       ,[1, 389],[1, 401],[1, 405],[1, 411],[1, 413],[1, 423],[1, 425]
       ,[1, 431],[1, 441],[1, 443],[1, 453],[1, 455],[1, 461],[1, 479]
       ,[1, 483],[1, 485],[1, 489],[1, 495],[1, 501],[1, 509],[1, 515]
       ,[1, 521],[1, 543],[1, 545],[1, 555],[1, 563],[1, 573],[1, 579]
       ,[1, 585],[1, 593],[1, 605],[1, 609] ]:
PointSelection := "Primes(200)":
Machine := "rcf1422-3":
##############################################################################
Instance:=50000:
PreTime:=  33187.87:
GroebnerTime:= 471314.52:
RealTime:= 252069.57:
Table:=[[0,0,0,0,0,0,0,0,0,50000]
       ,[0,0,0,0,0,0,0,0,0,50000]
       ,[0,0,0,0,0,0,0,0,0,50000]
       ,[0,0,0,0,0,0,0,0,0,50000]
       ,[0,0,0,0,0,0,0,0,0,50000]
       ,[0,0,0,0,0,0,0,0,0,50000]
       ,[0,0,0,0,0,0,0,0,0,50000]
       ,[0,0,0,0,0,0,0,0,0,50000]
       ,[0,0,0,0,0,0,0,0,0,50000]
       ,[0,0,0,0,0,0,0,0,0,50000]
       ,[0,0,0,0,0,0,0,0,0,50000]
       ,[0,0,0,0,0,0,0,0,0,50000]
       ,[0,0,0,0,0,0,0,0,0,50000]
       ,[0,0,0,0,0,0,0,0,0,50000]
       ,[0,0,0,0,0,0,0,0,0,50000]
       ,[0,0,0,0,0,0,0,0,0,50000]]:
CoefficientHeight:=   45.0:
