##############################################################################
#
#  Data for the enumerative problem
#  W322W2W11e2We3 = 29 on Ananke
#
##############################################################################
FlagVariety:=[4, 8]:
Label := "W322W2W11e2We3":
EnumerativeProblem:=[ [1, 4, 5, 7, 2, 3, 6, 8] ,[1, 2, 3, 6, 4, 5, 7, 8]
                     ,[1, 2, 4, 5, 3, 6, 7, 8] ,[1, 2, 4, 5, 3, 6, 7, 8]
                     ,[1, 2, 3, 5, 4, 6, 7, 8] ,[1, 2, 3, 5, 4, 6, 7, 8]
                     ,[1, 2, 3, 5, 4, 6, 7, 8]]:
NumberOfSolutions := 29:
Necklaces:=[ [1, 2, 3, 4, 5, 6] ,[1, 2, 4, 3, 5, 6]
            ,[1, 2, 5, 3, 4, 6] ,[1, 2, 6, 3, 4, 5]
            ,[1, 3, 4, 2, 5, 6] ,[1, 3, 5, 2, 4, 6]
            ,[1, 3, 6, 2, 4, 5] ,[1, 4, 5, 2, 3, 6]
            ,[1, 4, 6, 2, 3, 5] ,[1, 5, 6, 2, 3, 4]
            ,[2, 1, 3, 4, 5, 6] ,[2, 1, 4, 3, 5, 6]
            ,[2, 1, 5, 3, 4, 6] ,[2, 1, 6, 3, 4, 5]
            ,[3, 1, 2, 4, 5, 6] ,[4, 1, 2, 3, 5, 6]
            ,[5, 1, 2, 3, 4, 6] ,[3, 1, 4, 2, 5, 6]
            ,[3, 1, 5, 2, 4, 6] ,[3, 1, 6, 2, 4, 5]
            ,[4, 1, 3, 2, 5, 6] ,[5, 1, 3, 2, 4, 6]
            ,[4, 1, 5, 2, 3, 6] ,[5, 1, 4, 2, 3, 6]
            ,[2, 3, 4, 1, 5, 6] ,[2, 3, 5, 1, 4, 6]
            ,[2, 4, 5, 1, 3, 6] ,[3, 2, 4, 1, 5, 6]
            ,[3, 2, 5, 1, 4, 6] ,[4, 2, 3, 1, 5, 6]
           ]:
Points:=[[1, -83],[1, -82],[1, -81],[1, -79],[1, -77],[1, -73],[1, -71]
       ,[1, -67],[1, -65],[1, -61],[1, -55],[1, -53],[1, -47],[1, -43]
       ,[1, -41],[1, -37],[1, -31],[1, -25],[1, -23],[1, -17],[1, -13]
       ,[1, -11],[1, -5],[1, -1],[1, 5],[1, 13],[1, 17],[1, 19]
       ,[1, 23],[1, 25],[1, 29],[1, 43],[1, 47],[1, 53],[1, 55]
       ,[1, 65],[1, 67],[1, 73],[1, 79],[1, 83] ]:
PointSelection := "Primes(40)":
Machine := "Ananke":
##############################################################################
Instance:=2500:
PreTime:=    961.78:
GroebnerTime:= 827295.62:
RealTime:=  45913.91:
Table:=[[0,0,0,0,0,0,0,0,0,0,0,0,0,0,2500]
       ,[0,0,0,0,0,0,0,0,0,0,0,0,0,0,2500]
       ,[0,0,0,0,0,0,0,0,0,0,0,0,0,0,2500]
       ,[0,0,0,0,0,0,0,0,0,0,0,0,0,0,2500]
       ,[0,0,0,0,0,0,0,0,0,0,0,0,0,0,2500]
       ,[0,0,0,0,0,0,0,0,0,0,0,0,0,0,2500]
       ,[0,0,0,0,0,0,0,0,0,0,0,0,0,0,2500]
       ,[0,0,0,0,0,0,0,0,0,0,0,0,0,0,2500]
       ,[0,0,0,0,0,0,0,0,0,0,0,0,0,0,2500]
       ,[0,0,0,0,0,0,0,0,0,0,0,0,0,0,2500]
       ,[0,0,0,0,0,0,0,0,0,0,0,0,0,0,2500]
       ,[0,0,0,0,0,0,0,0,0,0,0,0,0,0,2500]
       ,[0,0,0,0,0,0,0,0,0,0,0,0,0,0,2500]
       ,[0,0,0,0,0,0,0,0,0,0,0,0,0,0,2500]
       ,[0,0,0,0,0,0,0,0,0,0,0,0,0,0,2500]
       ,[0,0,0,0,0,0,0,0,0,0,0,0,0,0,2500]
       ,[0,0,0,0,0,0,0,0,0,0,0,0,0,0,2500]
       ,[0,0,0,0,0,0,0,0,0,0,0,0,0,0,2500]
       ,[0,0,0,0,0,0,0,0,0,0,0,0,0,0,2500]
       ,[0,0,0,0,0,0,0,0,0,0,0,0,0,0,2500]
       ,[0,0,0,0,0,0,0,0,0,0,0,0,0,0,2500]
       ,[0,0,0,0,0,0,0,0,0,0,0,0,0,0,2500]
       ,[0,0,0,0,0,0,0,0,0,0,0,0,0,0,2500]
       ,[0,0,0,0,0,0,0,0,0,0,0,0,0,0,2500]
       ,[0,0,0,0,0,0,0,0,0,0,0,0,0,0,2500]
       ,[0,0,0,0,0,0,0,0,0,0,0,0,0,0,2500]
       ,[0,0,0,0,0,0,0,0,0,0,0,0,0,0,2500]
       ,[0,0,0,0,0,0,0,0,0,0,0,0,0,0,2500]
       ,[0,0,0,0,0,0,0,0,0,0,0,0,0,0,2500]
       ,[0,0,0,0,0,0,0,0,0,0,0,0,0,0,2500]]:
CoefficientHeight:=   52.4:
