##############################################################################
#
#  Data for the enumerative problem
#  W332W11e2We4 = 21 on rcf1422-3
#
##############################################################################
FlagVariety:=[4, 8]:
Label := "W332W11e2We4":
EnumerativeProblem:=[ [1, 4, 6, 7, 2, 3, 5, 8] ,[1, 2, 4, 5, 3, 6, 7, 8]
                     ,[1, 2, 4, 5, 3, 6, 7, 8] ,[1, 2, 3, 5, 4, 6, 7, 8]
                     ,[1, 2, 3, 5, 4, 6, 7, 8] ,[1, 2, 3, 5, 4, 6, 7, 8]
                     ,[1, 2, 3, 5, 4, 6, 7, 8]]:
NumberOfSolutions := 21:
Necklaces:=[ [1, 2, 3, 4, 5, 6] ,[1, 3, 2, 4, 5, 6]
            ,[1, 4, 2, 3, 5, 6] ,[1, 5, 2, 3, 4, 6]
            ,[1, 6, 2, 3, 4, 5] ,[2, 3, 1, 4, 5, 6]
            ,[2, 4, 1, 3, 5, 6] ,[2, 5, 1, 3, 4, 6]
            ,[3, 4, 1, 2, 5, 6]]:
Points:=[[20, 200],[36, 198],[51, 194],[66, 190],[80, 184],[94, 178],[107, 170]
       ,[120, 161],[132, 152],[143, 141],[153, 130],[163, 118],[171, 105],[179, 91]
       ,[185, 78],[191, 63],[195, 48],[198, 33],[200, 18],[201, 3],[201, -13]
       ,[199, -28],[196, -43],[192, -58],[187, -73],[181, -87],[174, -101],[166, -114]
       ,[157, -126],[147, -138],[136, -148],[124, -158],[111, -167],[98, -175],[85, -182]
       ,[70, -188],[56, -193],[41, -197],[26, -199],[10, -201] ]:
PointSelection := "QuasiUniformPointsAss(40,201)":
Machine := "rcf1422-3":
##############################################################################
Instance:=30000:
PreTime:=  14073.41:
GroebnerTime:= 790901.97:
RealTime:= 153276.96:
Table:=[[0,0,0,0,0,0,0,0,0,0,30000]
       ,[0,0,0,0,0,0,0,0,0,0,30000]
       ,[0,0,0,0,0,0,0,0,0,0,30000]
       ,[0,0,0,0,0,0,0,0,0,0,30000]
       ,[0,0,0,0,0,0,0,0,0,0,30000]
       ,[0,0,0,0,0,0,0,0,0,0,30000]
       ,[0,0,0,0,0,0,0,0,0,0,30000]
       ,[0,0,0,0,0,0,0,0,0,0,30000]
       ,[0,0,0,0,0,0,0,0,0,0,30000]]:
CoefficientHeight:=   43.5:
