##############################################################################
#
#  Data for the enumerative problem
#  W331W22We5 = 20 on Farallon
#
##############################################################################
FlagVariety:=[4, 8]:
Label := "W331W22We5":
EnumerativeProblem:=[ [1, 3, 6, 7, 2, 4, 5, 8] ,[1, 2, 5, 6, 3, 4, 7, 8]
                     ,[1, 2, 3, 5, 4, 6, 7, 8] ,[1, 2, 3, 5, 4, 6, 7, 8]
                     ,[1, 2, 3, 5, 4, 6, 7, 8] ,[1, 2, 3, 5, 4, 6, 7, 8]
                     ,[1, 2, 3, 5, 4, 6, 7, 8]]:
NumberOfSolutions := 20:
Necklaces:=[ [1, 2, 3, 4, 5, 6] ,[2, 1, 3, 4, 5, 6]
            ,[3, 1, 2, 4, 5, 6]]:
Points:=[[1, -175],[1, -169],[1, -165],[1, -159],[1, -151],[1, -147],[1, -145]
       ,[1, -141],[1, -129],[1, -121],[1, -117],[1, -109],[1, -105],[1, -99]
       ,[1, -87],[1, -85],[1, -67],[1, -61],[1, -51],[1, -45],[1, -39]
       ,[1, -37],[1, -31],[1, -21],[1, -15],[1, -9],[1, -7],[1, -1]
       ,[1, 5],[1, 9],[1, 11],[1, 23],[1, 33],[1, 35],[1, 39]
       ,[1, 45],[1, 51],[1, 53],[1, 65],[1, 69],[1, 75],[1, 83]
       ,[1, 93],[1, 101],[1, 111],[1, 119],[1, 125],[1, 131],[1, 135]
       ,[1, 143],[1, 149],[1, 153],[1, 161],[1, 165],[1, 179],[1, 189]
        ]:
PointSelection := "Primes(56)+adhoc":
Machine := "Farallon":
##############################################################################
Instance:=100000:
PreTime:=  25542.22:
GroebnerTime:= 204289.17:
RealTime:= 101561.22:
Table:=[[0,0,0,0,0,0,0,0,0,0,100000]
       ,[0,0,0,0,0,0,0,0,0,0,100000]
       ,[0,0,0,0,0,0,0,0,0,0,100000]]:
CoefficientHeight:=   32.1:
