##############################################################################
#
#  Data for the enumerative problem
#  W333We7 = 20 on Phoebe
#
##############################################################################
FlagVariety:=[4, 8]:
Label := "W333We7":
EnumerativeProblem:=[ [1, 5, 6, 7, 2, 3, 4, 8] ,[1, 2, 3, 5, 4, 6, 7, 8]
                     ,[1, 2, 3, 5, 4, 6, 7, 8] ,[1, 2, 3, 5, 4, 6, 7, 8]
                     ,[1, 2, 3, 5, 4, 6, 7, 8] ,[1, 2, 3, 5, 4, 6, 7, 8]
                     ,[1, 2, 3, 5, 4, 6, 7, 8] ,[1, 2, 3, 5, 4, 6, 7, 8]
                    ]:
NumberOfSolutions := 20:
Necklaces:=[ [1, 2, 3, 4, 5, 6, 7]]:
Points:=[[1, -111],[1, -110],[1, -109],[1, -107],[1, -105],[1, -101],[1, -99]
       ,[1, -95],[1, -93],[1, -89],[1, -83],[1, -81],[1, -75],[1, -71]
       ,[1, -69],[1, -65],[1, -59],[1, -53],[1, -51],[1, -45],[1, -41]
       ,[1, -39],[1, -33],[1, -29],[1, -23],[1, -15],[1, -11],[1, -9]
       ,[1, -5],[1, -3],[1, 1],[1, 15],[1, 19],[1, 25],[1, 27]
       ,[1, 37],[1, 39],[1, 45],[1, 51],[1, 55],[1, 61],[1, 67]
       ,[1, 69],[1, 79],[1, 81],[1, 85],[1, 87],[1, 99],[1, 111]
       ,[1, 115] ]:
PointSelection := "Primes(50)":
Machine := "Phoebe":
##############################################################################
Instance:=100000:
PreTime:=  11804.94:
GroebnerTime:=  73493.23:
RealTime:=  14719.42:
Table:=[[0,0,0,0,0,0,0,0,0,0,100000]]:
CoefficientHeight:=   42.0:
