Isomorphism_Classes[6,14]:=[

#################################################################
### The symmetric function = s[4, 2] + s[3, 3]   has 2 graph isomorphism types.

  [ [[2, 5], [2, 4], [3, 5], [4], [3], [1, 5], [1, 4], [1, 3, 5], [1, 3], [1, 4], [2, 5], [2], [2, 4], [3]], 
     {[2, 1, 6], [2, 2, 7], [2, 8, 11], [2, 9, 12], [2, 10, 13], [3, 1, 3], [3, 2, 5], [3, 8, 11], [3, 9, 12], [3, 13, 14], [4, 2, 5], [4, 3, 4], [4, 7, 8], [4, 9, 10], [4, 13, 14], [5, 1, 2], [5, 3, 4], [5, 6, 7], [5, 8, 10], [5, 11, 13]}, 
     [[1, 2, 2, 5, 3, 4, 5, 6, 6, 7, 4, 6], [1, 2, 2, 5, 3, 4, 5, 7, 4, 5, 5, 6], [1, 2, 2, 5, 5, 6, 3, 4, 6, 7, 4, 6], [1, 2, 2, 5, 5, 6, 6, 7, 3, 4, 4, 6], [1, 2, 2, 5, 5, 7, 3, 4, 4, 5, 5, 6], [3, 4, 1, 2, 2, 5, 5, 6, 6, 7, 4, 6], [3, 4, 1, 2, 2, 5, 5, 7, 4, 5, 5, 6], [3, 4, 1, 2, 4, 5, 2, 4, 4, 7, 5, 6], [3, 4, 1, 2, 4, 5, 2, 4, 5, 6, 4, 7], [3, 4, 1, 2, 4, 5, 5, 6, 2, 4, 4, 7], [3, 4, 4, 5, 1, 2, 2, 4, 4, 7, 5, 6], [3, 4, 4, 5, 1, 2, 2, 4, 5, 6, 4, 7], [3, 4, 4, 5, 1, 2, 5, 6, 2, 4, 4, 7], [3, 4, 4, 5, 5, 6, 1, 2, 2, 4, 4, 7]], 
     table([(0)=[{9}, {}, {}],(1)=[{10, 12}, {[2, 9, 12], [3, 9, 12], [4, 9, 10]}, {}],(2)=[{8, 13}, {[2, 10, 13], [5, 8, 10]}, {}],(3)=[{7, 11, 14}, {[2, 8, 11], [3, 8, 11], [3, 13, 14], [4, 7, 8], [4, 13, 14], [5, 11, 13]}, {}],(4)=[{2, 6}, {[2, 2, 7], [5, 6, 7]}, {}],(5)=[{1, 5}, {[2, 1, 6], [3, 2, 5], [4, 2, 5], [5, 1, 2]}, {}],(6)=[{3}, {[3, 1, 3]}, {}],(7)=[{4}, {[4, 3, 4], [5, 3, 4]}, {}]]) ], 

  [ [[2, 5], [2, 4], [3], [3, 5], [4], [1, 3, 5], [1, 4], [1, 5], [1, 4], [1, 3], [2, 5], [2, 4], [3], [2]], 
     {[2, 1, 6], [2, 2, 7], [2, 8, 11], [2, 9, 12], [2, 10, 14], [3, 1, 4], [3, 2, 3], [3, 6, 11], [3, 10, 14], [3, 12, 13], [4, 2, 3], [4, 4, 5], [4, 6, 7], [4, 9, 10], [4, 12, 13], [5, 1, 2], [5, 4, 5], [5, 6, 7], [5, 8, 9], [5, 11, 12]}, 
     [[1, 2, 2, 6, 3, 4, 4, 5, 6, 7, 5, 6], [1, 2, 2, 6, 3, 4, 6, 7, 4, 5, 5, 6], [1, 2, 2, 6, 6, 7, 3, 4, 4, 5, 5, 6], [1, 2, 3, 4, 2, 6, 4, 5, 6, 7, 5, 6], [1, 2, 3, 4, 2, 6, 6, 7, 4, 5, 5, 6], [3, 4, 1, 2, 2, 6, 4, 5, 6, 7, 5, 6], [3, 4, 1, 2, 2, 6, 6, 7, 4, 5, 5, 6], [3, 4, 1, 2, 4, 5, 2, 6, 6, 7, 5, 6], [3, 4, 1, 2, 4, 5, 5, 6, 2, 5, 5, 7], [3, 4, 1, 2, 4, 6, 2, 4, 4, 5, 5, 7], [3, 4, 4, 5, 1, 2, 2, 6, 6, 7, 5, 6], [3, 4, 4, 5, 1, 2, 5, 6, 2, 5, 5, 7], [3, 4, 4, 5, 5, 6, 1, 2, 2, 5, 5, 7], [3, 4, 4, 6, 1, 2, 2, 4, 4, 5, 5, 7]], 
     table([(0)=[{10}, {}, {}],(1)=[{9, 14}, {[2, 10, 14], [3, 10, 14], [4, 9, 10]}, {}],(2)=[{8, 12}, {[2, 9, 12], [5, 8, 9]}, {}],(3)=[{11, 13}, {[2, 8, 11], [3, 12, 13], [4, 12, 13], [5, 11, 12]}, {}],(4)=[{6}, {[3, 6, 11]}, {}],(5)=[{1, 7}, {[2, 1, 6], [4, 6, 7], [5, 6, 7]}, {}],(6)=[{2, 4}, {[2, 2, 7], [3, 1, 4], [5, 1, 2]}, {}],(7)=[{3, 5}, {[3, 2, 3], [4, 2, 3], [4, 4, 5], [5, 4, 5]}, {}]]) ], 

#################################################################
### The symmetric function = s[2, 2, 2] + s[2, 2, 1, 1]   has 2 graph isomorphism types.

  [ [[1, 3, 4, 5], [1, 2, 4, 5], [1, 2, 3, 5], [1, 2, 4], [1, 3, 5], [1, 3, 4], [1, 2, 4, 5], [1, 3, 5], [1, 3, 4], [2, 4, 5], [2, 3, 5], [2, 3, 4], [2, 3, 5], [2, 4]], 
     {[2, 1, 10], [2, 5, 11], [2, 6, 12], [2, 8, 13], [2, 9, 14], [3, 1, 10], [3, 2, 5], [3, 4, 6], [3, 7, 8], [3, 9, 14], [4, 2, 5], [4, 3, 4], [4, 7, 8], [4, 10, 13], [4, 11, 14], [5, 3, 4], [5, 5, 6], [5, 8, 9], [5, 11, 12], [5, 13, 14]}, 
     [[1, 7, 3, 5, 7, 8, 5, 6, 4, 5, 2, 4], [1, 7, 3, 6, 2, 3, 7, 8, 4, 5, 3, 4], [1, 7, 3, 6, 4, 5, 2, 3, 7, 8, 3, 4], [1, 7, 3, 6, 4, 5, 7, 8, 2, 3, 3, 4], [1, 7, 3, 6, 7, 8, 2, 3, 4, 5, 3, 4], [1, 7, 3, 6, 7, 8, 4, 5, 2, 3, 3, 4], [1, 7, 4, 5, 3, 4, 7, 8, 4, 6, 2, 4], [1, 7, 4, 5, 7, 8, 3, 4, 4, 6, 2, 4], [1, 7, 4, 5, 7, 8, 3, 6, 2, 3, 3, 4], [1, 7, 7, 8, 3, 5, 5, 6, 4, 5, 2, 4], [1, 7, 7, 8, 3, 6, 2, 3, 4, 5, 3, 4], [1, 7, 7, 8, 3, 6, 4, 5, 2, 3, 3, 4], [1, 7, 7, 8, 4, 5, 3, 4, 4, 6, 2, 4], [1, 7, 7, 8, 4, 5, 3, 6, 2, 3, 3, 4]], 
     table([(0)=[{3}, {}, {}],(1)=[{4}, {[4, 3, 4], [5, 3, 4]}, {}],(2)=[{6}, {[3, 4, 6]}, {}],(3)=[{5, 12}, {[2, 6, 12], [5, 5, 6]}, {}],(4)=[{2, 11}, {[2, 5, 11], [3, 2, 5], [4, 2, 5], [5, 11, 12]}, {}],(5)=[{14}, {[4, 11, 14]}, {}],(6)=[{9, 13}, {[2, 9, 14], [3, 9, 14], [5, 13, 14]}, {}],(7)=[{8, 10}, {[2, 8, 13], [4, 10, 13], [5, 8, 9]}, {}],(8)=[{1, 7}, {[2, 1, 10], [3, 1, 10], [3, 7, 8], [4, 7, 8]}, {}]]) ], 

  [ [[1, 3, 4, 5], [2, 4, 5], [2, 3, 5], [2, 3, 4], [1, 2, 4, 5], [1, 3, 5], [1, 3, 4], [1, 2, 3, 5], [1, 2, 4], [1, 2, 4, 5], [1, 3, 5], [1, 3, 4], [2, 3, 5], [2, 4]], 
     {[2, 1, 2], [2, 3, 11], [2, 4, 12], [2, 6, 13], [2, 7, 14], [3, 1, 2], [3, 5, 6], [3, 7, 9], [3, 10, 11], [3, 12, 14], [4, 2, 3], [4, 5, 6], [4, 8, 9], [4, 10, 11], [4, 13, 14], [5, 3, 4], [5, 6, 7], [5, 8, 9], [5, 11, 12], [5, 13, 14]}, 
     [[3, 4, 2, 3, 4, 7, 5, 6, 3, 4, 1, 3], [3, 4, 4, 7, 2, 3, 5, 6, 3, 4, 1, 3], [3, 4, 4, 7, 5, 6, 2, 3, 3, 4, 1, 3], [3, 4, 4, 7, 5, 6, 2, 4, 1, 2, 2, 3], [3, 7, 2, 3, 1, 2, 5, 6, 3, 4, 2, 3], [3, 7, 2, 3, 5, 6, 1, 2, 3, 4, 2, 3], [3, 7, 2, 3, 5, 6, 3, 4, 1, 2, 2, 3], [3, 7, 5, 6, 2, 3, 1, 2, 3, 4, 2, 3], [3, 7, 5, 6, 2, 3, 3, 4, 1, 2, 2, 3], [5, 6, 3, 4, 2, 3, 4, 7, 3, 4, 1, 3], [5, 6, 3, 4, 4, 7, 2, 3, 3, 4, 1, 3], [5, 6, 3, 4, 4, 7, 2, 4, 1, 2, 2, 3], [5, 6, 3, 7, 2, 3, 1, 2, 3, 4, 2, 3], [5, 6, 3, 7, 2, 3, 3, 4, 1, 2, 2, 3]], 
     table([(0)=[{8}, {}, {}],(1)=[{9}, {[4, 8, 9], [5, 8, 9]}, {}],(2)=[{7}, {[3, 7, 9]}, {}],(3)=[{6, 14}, {[2, 7, 14], [5, 6, 7]}, {}],(4)=[{5, 12, 13}, {[2, 6, 13], [3, 5, 6], [3, 12, 14], [4, 5, 6], [4, 13, 14], [5, 13, 14]}, {}],(5)=[{4, 11}, {[2, 4, 12], [5, 11, 12]}, {}],(6)=[{3, 10}, {[2, 3, 11], [3, 10, 11], [4, 10, 11], [5, 3, 4]}, {}],(7)=[{2}, {[4, 2, 3]}, {}],(8)=[{1}, {[2, 1, 2], [3, 1, 2]}, {}]]) ], 

#################################################################
### The symmetric function = s[5, 1] + s[4, 2]   has 4 graph isomorphism types.

  [ [[4], [5], [3, 5], [3], [4], [2, 5], [2], [2, 4], [3], [1, 5], [1], [1, 4], [1, 3], [2]], 
     {[2, 6, 10], [2, 7, 11], [2, 8, 12], [2, 13, 14], [3, 3, 6], [3, 4, 7], [3, 8, 9], [3, 13, 14], [4, 1, 3], [4, 4, 5], [4, 8, 9], [4, 12, 13], [5, 1, 2], [5, 3, 5], [5, 6, 8], [5, 10, 12]}, 
     [[1, 2, 2, 3, 3, 4, 4, 8, 5, 6, 6, 7], [1, 2, 2, 3, 3, 4, 5, 6, 4, 8, 6, 7], [1, 2, 2, 3, 5, 6, 3, 4, 4, 8, 6, 7], [1, 2, 2, 3, 5, 6, 3, 4, 6, 7, 4, 8], [1, 2, 2, 3, 5, 6, 6, 7, 3, 4, 4, 8], [1, 2, 5, 6, 2, 3, 3, 4, 4, 8, 6, 7], [1, 2, 5, 6, 2, 3, 3, 4, 6, 7, 4, 8], [1, 2, 5, 6, 2, 3, 6, 7, 3, 4, 4, 8], [1, 2, 5, 6, 6, 7, 2, 3, 3, 4, 4, 8], [5, 6, 1, 2, 2, 3, 3, 4, 4, 8, 6, 7], [5, 6, 1, 2, 2, 3, 3, 4, 6, 7, 4, 8], [5, 6, 1, 2, 2, 3, 6, 7, 3, 4, 4, 8], [5, 6, 1, 2, 6, 7, 2, 3, 3, 4, 4, 8], [5, 6, 6, 7, 1, 2, 2, 3, 3, 4, 4, 8]], 
     table([(0)=[{11}, {}, {}],(1)=[{7}, {[2, 7, 11]}, {}],(2)=[{4}, {[3, 4, 7]}, {}],(3)=[{5}, {[4, 4, 5]}, {}],(4)=[{3}, {[5, 3, 5]}, {}],(5)=[{1, 6}, {[3, 3, 6], [4, 1, 3]}, {}],(6)=[{2, 8, 10}, {[2, 6, 10], [5, 1, 2], [5, 6, 8]}, {}],(7)=[{9, 12}, {[2, 8, 12], [3, 8, 9], [4, 8, 9], [5, 10, 12]}, {}],(9)=[{14}, {[2, 13, 14], [3, 13, 14]}, {}],(8)=[{13}, {[4, 12, 13]}, {}]]) ], 

  [ [[3], [3, 5], [4], [4], [5], [2, 4], [2, 5], [2], [3], [1, 4], [1, 5], [1], [1, 3], [2]], 
     {[2, 6, 10], [2, 7, 11], [2, 8, 12], [2, 13, 14], [3, 1, 6], [3, 2, 7], [3, 8, 9], [3, 13, 14], [4, 1, 4], [4, 2, 3], [4, 6, 9], [4, 10, 13], [5, 2, 3], [5, 4, 5], [5, 6, 7], [5, 10, 11]}, 
     [[1, 2, 2, 3, 3, 7, 4, 5, 5, 6, 7, 8], [1, 2, 2, 3, 3, 7, 4, 5, 7, 8, 5, 6], [1, 2, 2, 3, 3, 7, 7, 8, 4, 5, 5, 6], [1, 2, 2, 3, 4, 5, 3, 7, 5, 6, 7, 8], [1, 2, 2, 3, 4, 5, 3, 7, 7, 8, 5, 6], [1, 2, 4, 5, 2, 3, 3, 7, 5, 6, 7, 8], [1, 2, 4, 5, 2, 3, 3, 7, 7, 8, 5, 6], [1, 2, 4, 5, 2, 3, 5, 6, 3, 7, 7, 8], [1, 2, 4, 5, 5, 6, 2, 3, 3, 7, 7, 8], [4, 5, 1, 2, 2, 3, 3, 7, 5, 6, 7, 8], [4, 5, 1, 2, 2, 3, 3, 7, 7, 8, 5, 6], [4, 5, 1, 2, 2, 3, 5, 6, 3, 7, 7, 8], [4, 5, 1, 2, 5, 6, 2, 3, 3, 7, 7, 8], [4, 5, 5, 6, 1, 2, 2, 3, 3, 7, 7, 8]], 
     table([(0)=[{12}, {}, {}],(1)=[{8}, {[2, 8, 12]}, {}],(2)=[{9}, {[3, 8, 9]}, {}],(3)=[{6}, {[4, 6, 9]}, {}],(4)=[{1, 7, 10}, {[2, 6, 10], [3, 1, 6], [5, 6, 7]}, {}],(5)=[{2, 4, 11, 13}, {[2, 7, 11], [3, 2, 7], [4, 1, 4], [4, 10, 13], [5, 10, 11]}, {}],(6)=[{3, 5, 14}, {[2, 13, 14], [3, 13, 14], [4, 2, 3], [5, 2, 3], [5, 4, 5]}, {}]]) ], 

  [ [[2], [2, 4], [2, 5], [3], [3, 5], [4], [3], [4], [5], [1, 3], [1, 4], [1, 5], [1], [2]], 
     {[2, 1, 10], [2, 2, 11], [2, 3, 12], [2, 13, 14], [3, 1, 7], [3, 2, 4], [3, 3, 5], [3, 10, 14], [4, 2, 4], [4, 5, 6], [4, 7, 8], [4, 10, 11], [5, 2, 3], [5, 5, 6], [5, 8, 9], [5, 11, 12]}, 
     [[1, 2, 2, 6, 3, 4, 4, 5, 6, 7, 7, 8], [1, 2, 2, 6, 3, 4, 6, 7, 4, 5, 7, 8], [1, 2, 2, 6, 3, 4, 6, 7, 7, 8, 4, 5], [1, 2, 2, 6, 6, 7, 3, 4, 4, 5, 7, 8], [1, 2, 2, 6, 6, 7, 3, 4, 7, 8, 4, 5], [1, 2, 2, 6, 6, 7, 7, 8, 3, 4, 4, 5], [1, 2, 3, 4, 2, 6, 4, 5, 6, 7, 7, 8], [1, 2, 3, 4, 2, 6, 6, 7, 4, 5, 7, 8], [1, 2, 3, 4, 2, 6, 6, 7, 7, 8, 4, 5], [3, 4, 1, 2, 2, 6, 4, 5, 6, 7, 7, 8], [3, 4, 1, 2, 2, 6, 6, 7, 4, 5, 7, 8], [3, 4, 1, 2, 2, 6, 6, 7, 7, 8, 4, 5], [3, 4, 1, 2, 4, 5, 2, 6, 6, 7, 7, 8], [3, 4, 4, 5, 1, 2, 2, 6, 6, 7, 7, 8]], 
     table([(0)=[{13}, {}, {}],(1)=[{14}, {[2, 13, 14]}, {}],(2)=[{10}, {[3, 10, 14]}, {}],(3)=[{1, 11}, {[2, 1, 10], [4, 10, 11]}, {}],(4)=[{2, 7, 12}, {[2, 2, 11], [3, 1, 7], [5, 11, 12]}, {}],(5)=[{3, 4, 8}, {[2, 3, 12], [3, 2, 4], [4, 2, 4], [4, 7, 8], [5, 2, 3]}, {}],(6)=[{5, 9}, {[3, 3, 5], [5, 8, 9]}, {}],(7)=[{6}, {[4, 5, 6], [5, 5, 6]}, {}]]) ], 

  [ [[2], [3], [4], [5], [1, 3], [1, 4], [1, 5], [1], [2, 4], [2, 5], [2], [3, 5], [3], [4]], 
     {[2, 1, 5], [2, 6, 9], [2, 7, 10], [2, 8, 11], [3, 1, 2], [3, 5, 9], [3, 10, 12], [3, 11, 13], [4, 2, 3], [4, 5, 6], [4, 9, 12], [4, 13, 14], [5, 3, 4], [5, 6, 7], [5, 9, 10], [5, 12, 14]}, 
     [[1, 2, 2, 8, 3, 4, 4, 5, 5, 6, 6, 7], [1, 2, 3, 4, 2, 8, 4, 5, 5, 6, 6, 7], [1, 2, 3, 4, 4, 5, 2, 8, 5, 6, 6, 7], [1, 2, 3, 4, 4, 5, 5, 6, 2, 8, 6, 7], [3, 4, 1, 2, 2, 8, 4, 5, 5, 6, 6, 7], [3, 4, 1, 2, 4, 5, 2, 8, 5, 6, 6, 7], [3, 4, 1, 2, 4, 5, 5, 6, 2, 8, 6, 7], [3, 4, 1, 2, 4, 5, 5, 6, 6, 7, 2, 8], [3, 4, 4, 5, 1, 2, 2, 8, 5, 6, 6, 7], [3, 4, 4, 5, 1, 2, 5, 6, 2, 8, 6, 7], [3, 4, 4, 5, 1, 2, 5, 6, 6, 7, 2, 8], [3, 4, 4, 5, 5, 6, 1, 2, 2, 8, 6, 7], [3, 4, 4, 5, 5, 6, 1, 2, 6, 7, 2, 8], [3, 4, 4, 5, 5, 6, 6, 7, 1, 2, 2, 8]], 
     table([(0)=[{8}, {}, {}],(1)=[{11}, {[2, 8, 11]}, {}],(2)=[{13}, {[3, 11, 13]}, {}],(3)=[{14}, {[4, 13, 14]}, {}],(4)=[{12}, {[5, 12, 14]}, {}],(5)=[{9, 10}, {[3, 10, 12], [4, 9, 12]}, {[5, 9, 10]}],(6)=[{5, 6, 7}, {[2, 6, 9], [2, 7, 10], [3, 5, 9]}, {[4, 5, 6], [5, 6, 7]}],(7)=[{1}, {[2, 1, 5]}, {}],(9)=[{3}, {[4, 2, 3]}, {}],(8)=[{2}, {[3, 1, 2]}, {}],(10)=[{4}, {[5, 3, 4]}, {}]]) ], 

#################################################################
### The symmetric function = s[2, 2, 1, 1] + s[2, 1, 1, 1, 1]   has 4 graph isomorphism types.

  [ [[1, 3, 4, 5], [1, 2, 4, 5], [1, 3, 5], [1, 3, 4], [1, 2, 4, 5], [1, 2, 3, 5], [1, 2, 3, 4], [1, 2, 3, 5], [1, 2, 4], [2, 3, 4, 5], [2, 4, 5], [2, 3, 5], [2, 3, 4], [1, 3, 4, 5]], 
     {[2, 1, 10], [2, 3, 12], [2, 4, 13], [2, 11, 14], [3, 1, 5], [3, 2, 3], [3, 4, 9], [3, 11, 14], [4, 2, 3], [4, 5, 8], [4, 6, 9], [4, 11, 12], [5, 3, 4], [5, 6, 7], [5, 8, 9], [5, 12, 13]}, 
     [[1, 8, 3, 5, 6, 7, 5, 6, 4, 5, 2, 4], [1, 8, 4, 5, 3, 4, 6, 7, 4, 6, 2, 4], [1, 8, 4, 5, 6, 7, 3, 4, 4, 6, 2, 4], [1, 8, 4, 5, 6, 7, 3, 6, 2, 3, 3, 4], [1, 8, 6, 7, 3, 5, 5, 6, 4, 5, 2, 4], [1, 8, 6, 7, 3, 6, 2, 3, 4, 5, 3, 4], [1, 8, 6, 7, 3, 6, 4, 5, 2, 3, 3, 4], [1, 8, 6, 7, 4, 5, 3, 4, 4, 6, 2, 4], [1, 8, 6, 7, 4, 5, 3, 6, 2, 3, 3, 4], [3, 5, 1, 8, 6, 7, 5, 6, 4, 5, 2, 4], [4, 5, 1, 8, 3, 4, 6, 7, 4, 6, 2, 4], [4, 5, 1, 8, 6, 7, 3, 4, 4, 6, 2, 4], [4, 5, 1, 8, 6, 7, 3, 6, 2, 3, 3, 4], [4, 5, 3, 4, 1, 8, 6, 7, 4, 6, 2, 4]], 
     table([(0)=[{7}, {}, {}],(1)=[{6}, {[5, 6, 7]}, {}],(2)=[{9}, {[4, 6, 9]}, {}],(3)=[{4, 8}, {[3, 4, 9], [5, 8, 9]}, {}],(4)=[{3, 5, 13}, {[2, 4, 13], [4, 5, 8], [5, 3, 4]}, {}],(5)=[{1, 2, 12}, {[2, 3, 12], [3, 1, 5], [3, 2, 3], [4, 2, 3], [5, 12, 13]}, {}],(6)=[{10, 11}, {[2, 1, 10], [4, 11, 12]}, {}],(7)=[{14}, {[2, 11, 14], [3, 11, 14]}, {}]]) ], 

  [ [[1, 3, 4, 5], [1, 2, 4, 5], [1, 2, 3, 5], [1, 2, 4], [1, 2, 3, 5], [1, 2, 3, 4], [1, 2, 4, 5], [1, 3, 5], [1, 3, 4], [2, 3, 4, 5], [2, 4, 5], [2, 3, 5], [2, 3, 4], [1, 3, 4, 5]], 
     {[2, 1, 10], [2, 8, 12], [2, 9, 13], [2, 11, 14], [3, 1, 7], [3, 2, 8], [3, 4, 9], [3, 11, 14], [4, 2, 5], [4, 3, 4], [4, 7, 8], [4, 11, 12], [5, 3, 4], [5, 5, 6], [5, 8, 9], [5, 12, 13]}, 
     [[1, 8, 4, 6, 6, 7, 5, 6, 2, 5, 3, 4], [1, 8, 4, 7, 2, 4, 5, 6, 4, 5, 3, 4], [1, 8, 4, 7, 3, 4, 2, 3, 5, 6, 3, 5], [1, 8, 4, 7, 3, 4, 5, 6, 2, 3, 3, 5], [1, 8, 4, 7, 5, 6, 2, 4, 4, 5, 3, 4], [1, 8, 4, 7, 5, 6, 3, 4, 2, 3, 3, 5], [1, 8, 5, 6, 4, 5, 5, 7, 2, 5, 3, 4], [1, 8, 5, 6, 4, 7, 2, 4, 4, 5, 3, 4], [1, 8, 5, 6, 4, 7, 3, 4, 2, 3, 3, 5], [4, 6, 1, 8, 6, 7, 5, 6, 2, 5, 3, 4], [5, 6, 1, 8, 4, 5, 5, 7, 2, 5, 3, 4], [5, 6, 1, 8, 4, 7, 2, 4, 4, 5, 3, 4], [5, 6, 1, 8, 4, 7, 3, 4, 2, 3, 3, 5], [5, 6, 4, 5, 1, 8, 5, 7, 2, 5, 3, 4]], 
     table([(0)=[{6}, {}, {}],(1)=[{5}, {[5, 5, 6]}, {}],(2)=[{2}, {[4, 2, 5]}, {}],(3)=[{8}, {[3, 2, 8]}, {}],(4)=[{7, 9, 12}, {[2, 8, 12], [4, 7, 8], [5, 8, 9]}, {}],(5)=[{1, 4, 11, 13}, {[2, 9, 13], [3, 1, 7], [3, 4, 9], [4, 11, 12], [5, 12, 13]}, {}],(6)=[{3, 10, 14}, {[2, 1, 10], [2, 11, 14], [3, 11, 14], [4, 3, 4], [5, 3, 4]}, {}]]) ], 

  [ [[2, 3, 4, 5], [1, 3, 4, 5], [1, 2, 4, 5], [1, 2, 3, 5], [1, 2, 3, 4], [1, 3, 4, 5], [2, 4, 5], [2, 3, 5], [2, 3, 4], [1, 2, 4, 5], [1, 3, 5], [1, 3, 4], [1, 2, 3, 5], [1, 2, 4]], 
     {[2, 1, 6], [2, 2, 7], [2, 8, 11], [2, 9, 12], [3, 2, 3], [3, 6, 10], [3, 7, 11], [3, 12, 14], [4, 3, 4], [4, 7, 8], [4, 10, 13], [4, 11, 14], [5, 4, 5], [5, 8, 9], [5, 11, 12], [5, 13, 14]}, 
     [[2, 3, 3, 8, 6, 7, 5, 6, 4, 5, 1, 3], [2, 8, 1, 2, 6, 7, 5, 6, 4, 5, 2, 3], [2, 8, 6, 7, 1, 2, 5, 6, 4, 5, 2, 3], [2, 8, 6, 7, 5, 6, 1, 2, 4, 5, 2, 3], [2, 8, 6, 7, 5, 6, 4, 5, 1, 2, 2, 3], [6, 7, 2, 3, 3, 8, 5, 6, 4, 5, 1, 3], [6, 7, 2, 8, 1, 2, 5, 6, 4, 5, 2, 3], [6, 7, 2, 8, 5, 6, 1, 2, 4, 5, 2, 3], [6, 7, 2, 8, 5, 6, 4, 5, 1, 2, 2, 3], [6, 7, 5, 6, 2, 3, 3, 8, 4, 5, 1, 3], [6, 7, 5, 6, 2, 8, 1, 2, 4, 5, 2, 3], [6, 7, 5, 6, 2, 8, 4, 5, 1, 2, 2, 3], [6, 7, 5, 6, 4, 5, 2, 3, 3, 8, 1, 3], [6, 7, 5, 6, 4, 5, 2, 8, 1, 2, 2, 3]], 
     table([(0)=[{5}, {}, {}],(1)=[{4}, {[5, 4, 5]}, {}],(2)=[{3}, {[4, 3, 4]}, {}],(3)=[{2}, {[3, 2, 3]}, {}],(4)=[{7}, {[2, 2, 7]}, {}],(5)=[{8, 11}, {[3, 7, 11], [4, 7, 8]}, {[2, 8, 11]}],(6)=[{9, 12, 14}, {[4, 11, 14], [5, 8, 9], [5, 11, 12]}, {[2, 9, 12], [3, 12, 14]}],(7)=[{13}, {[5, 13, 14]}, {}],(9)=[{6}, {[3, 6, 10]}, {}],(8)=[{10}, {[4, 10, 13]}, {}],(10)=[{1}, {[2, 1, 6]}, {}]]) ], 

  [ [[2, 3, 4, 5], [1, 3, 4, 5], [1, 2, 4, 5], [1, 2, 3, 5], [1, 2, 4], [1, 3, 5], [1, 3, 4], [1, 2, 4, 5], [1, 2, 3, 5], [1, 2, 3, 4], [1, 3, 4, 5], [2, 4, 5], [2, 3, 5], [2, 3, 4]], 
     {[2, 1, 11], [2, 2, 12], [2, 6, 13], [2, 7, 14], [3, 2, 8], [3, 3, 6], [3, 5, 7], [3, 11, 12], [4, 3, 6], [4, 4, 5], [4, 8, 9], [4, 12, 13], [5, 4, 5], [5, 6, 7], [5, 9, 10], [5, 13, 14]}, 
     [[4, 5, 5, 8, 6, 7, 1, 5, 3, 4, 2, 3], [4, 8, 1, 4, 6, 7, 4, 5, 3, 4, 2, 3], [4, 8, 3, 4, 1, 3, 6, 7, 3, 5, 2, 3], [4, 8, 3, 4, 2, 3, 1, 2, 6, 7, 2, 5], [4, 8, 3, 4, 2, 3, 6, 7, 1, 2, 2, 5], [4, 8, 3, 4, 6, 7, 1, 3, 3, 5, 2, 3], [4, 8, 3, 4, 6, 7, 2, 3, 1, 2, 2, 5], [4, 8, 6, 7, 1, 4, 4, 5, 3, 4, 2, 3], [4, 8, 6, 7, 3, 4, 1, 3, 3, 5, 2, 3], [4, 8, 6, 7, 3, 4, 2, 3, 1, 2, 2, 5], [6, 7, 4, 5, 5, 8, 1, 5, 3, 4, 2, 3], [6, 7, 4, 8, 1, 4, 4, 5, 3, 4, 2, 3], [6, 7, 4, 8, 3, 4, 1, 3, 3, 5, 2, 3], [6, 7, 4, 8, 3, 4, 2, 3, 1, 2, 2, 5]], 
     table([(0)=[{10}, {}, {}],(1)=[{9}, {[5, 9, 10]}, {}],(2)=[{8}, {[4, 8, 9]}, {}],(3)=[{2}, {[3, 2, 8]}, {}],(4)=[{12}, {[2, 2, 12]}, {}],(5)=[{11, 13}, {[3, 11, 12], [4, 12, 13]}, {}],(6)=[{1, 6, 14}, {[2, 1, 11], [2, 6, 13], [5, 13, 14]}, {}],(7)=[{3, 7}, {[2, 7, 14], [3, 3, 6], [4, 3, 6], [5, 6, 7]}, {}],(9)=[{4}, {[4, 4, 5], [5, 4, 5]}, {}],(8)=[{5}, {[3, 5, 7]}, {}]]) ], 

 NULL]:
