Isomorphism_Classes[6,16]:=[

#################################################################
### The symmetric function = s[3, 2, 1]   has 1 graph isomorphism type.

  [ [[2, 4, 5], [3, 5], [3, 4], [2, 3, 5], [2, 4], [1, 4, 5], [1, 3, 5], [1, 3, 4], [2, 5], [2, 4], [2, 3], [1, 3, 5], [1, 4], [1, 2, 5], [1, 2, 4], [1, 3]], 
     {[2, 1, 6], [2, 4, 12], [2, 5, 13], [2, 7, 9], [2, 8, 10], [2, 11, 16], [3, 1, 2], [3, 3, 5], [3, 7, 9], [3, 8, 10], [3, 12, 14], [3, 15, 16], [4, 1, 2], [4, 4, 5], [4, 6, 7], [4, 10, 11], [4, 12, 13], [4, 15, 16], [5, 2, 3], [5, 4, 5], [5, 7, 8], [5, 9, 10], [5, 12, 13], [5, 14, 15]}, 
     [[1, 2, 2, 5, 3, 4, 5, 8, 6, 7, 4, 5], [1, 2, 2, 5, 5, 8, 3, 4, 6, 7, 4, 5], [1, 2, 2, 5, 5, 8, 6, 7, 3, 4, 4, 5], [1, 2, 6, 7, 2, 5, 3, 4, 5, 8, 4, 5], [1, 2, 6, 7, 2, 5, 5, 8, 3, 4, 4, 5], [3, 4, 1, 2, 2, 5, 5, 8, 6, 7, 4, 5], [3, 4, 1, 2, 6, 7, 2, 5, 5, 8, 4, 5], [3, 4, 1, 2, 6, 7, 4, 5, 2, 4, 4, 8], [3, 4, 6, 7, 1, 2, 2, 5, 5, 8, 4, 5], [3, 4, 6, 7, 1, 2, 4, 5, 2, 4, 4, 8], [3, 4, 6, 7, 4, 5, 1, 2, 2, 4, 4, 8], [6, 7, 1, 2, 2, 5, 3, 4, 5, 8, 4, 5], [6, 7, 1, 2, 2, 5, 5, 8, 3, 4, 4, 5], [6, 7, 3, 4, 1, 2, 2, 5, 5, 8, 4, 5], [6, 7, 3, 4, 1, 2, 4, 5, 2, 4, 4, 8], [6, 7, 3, 4, 4, 5, 1, 2, 2, 4, 4, 8]], 
     table([(0)=[{15}, {}, {}],(1)=[{14, 16}, {[3, 15, 16], [4, 15, 16], [5, 14, 15]}, {}],(2)=[{11, 12}, {[2, 11, 16], [3, 12, 14]}, {}],(3)=[{4, 10, 13}, {[2, 4, 12], [4, 10, 11], [4, 12, 13], [5, 12, 13]}, {}],(4)=[{5, 8, 9}, {[2, 5, 13], [2, 8, 10], [3, 8, 10], [4, 4, 5], [5, 4, 5], [5, 9, 10]}, {}],(5)=[{3, 7}, {[2, 7, 9], [3, 3, 5], [3, 7, 9], [5, 7, 8]}, {}],(6)=[{2, 6}, {[4, 6, 7], [5, 2, 3]}, {}],(7)=[{1}, {[2, 1, 6], [3, 1, 2], [4, 1, 2]}, {}]]) ], 

 NULL]:
