Isomorphism_Classes[6,10]:=[

#################################################################
### The symmetric function = s[4, 1, 1]   has 1 graph isomorphism type.

  [ [[4, 5], [3, 5], [3, 4], [2, 5], [2, 4], [2, 3], [1, 5], [1, 4], [1, 3], [1, 2]], 
     {[2, 4, 7], [2, 5, 8], [2, 6, 9], [3, 2, 4], [3, 3, 5], [3, 9, 10], [4, 1, 2], [4, 5, 6], [4, 8, 9], [5, 2, 3], [5, 4, 5], [5, 7, 8]}, 
     [[1, 2, 2, 3, 3, 4, 4, 8, 6, 7, 5, 6], [1, 2, 2, 3, 6, 7, 3, 4, 4, 8, 5, 6], [1, 2, 2, 3, 6, 7, 5, 6, 3, 4, 4, 8], [1, 2, 6, 7, 2, 3, 3, 4, 4, 8, 5, 6], [1, 2, 6, 7, 2, 3, 5, 6, 3, 4, 4, 8], [1, 2, 6, 7, 5, 6, 2, 3, 3, 4, 4, 8], [6, 7, 1, 2, 2, 3, 3, 4, 4, 8, 5, 6], [6, 7, 1, 2, 2, 3, 5, 6, 3, 4, 4, 8], [6, 7, 1, 2, 5, 6, 2, 3, 3, 4, 4, 8], [6, 7, 5, 6, 1, 2, 2, 3, 3, 4, 4, 8]], 
     table([(0)=[{10}, {}, {}],(1)=[{9}, {[3, 9, 10]}, {}],(2)=[{6, 8}, {[2, 6, 9], [4, 8, 9]}, {}],(3)=[{5, 7}, {[2, 5, 8], [4, 5, 6], [5, 7, 8]}, {}],(4)=[{3, 4}, {[2, 4, 7], [3, 3, 5], [5, 4, 5]}, {}],(5)=[{2}, {[3, 2, 4], [5, 2, 3]}, {}],(6)=[{1}, {[4, 1, 2]}, {}]]) ], 

#################################################################
### The symmetric function = s[3, 1, 1, 1]   has 1 graph isomorphism type.

  [ [[3, 4, 5], [2, 4, 5], [2, 3, 5], [2, 3, 4], [1, 4, 5], [1, 3, 5], [1, 3, 4], [1, 2, 5], [1, 2, 4], [1, 2, 3]], 
     {[2, 2, 5], [2, 3, 6], [2, 4, 7], [3, 1, 2], [3, 6, 8], [3, 7, 9], [4, 2, 3], [4, 5, 6], [4, 9, 10], [5, 3, 4], [5, 6, 7], [5, 8, 9]}, 
     [[1, 2, 2, 3, 3, 8, 6, 7, 5, 6, 4, 5], [1, 2, 6, 7, 2, 3, 3, 8, 5, 6, 4, 5], [1, 2, 6, 7, 5, 6, 2, 3, 3, 8, 4, 5], [1, 2, 6, 7, 5, 6, 4, 5, 2, 3, 3, 8], [6, 7, 1, 2, 2, 3, 3, 8, 5, 6, 4, 5], [6, 7, 1, 2, 5, 6, 2, 3, 3, 8, 4, 5], [6, 7, 1, 2, 5, 6, 4, 5, 2, 3, 3, 8], [6, 7, 5, 6, 1, 2, 2, 3, 3, 8, 4, 5], [6, 7, 5, 6, 1, 2, 4, 5, 2, 3, 3, 8], [6, 7, 5, 6, 4, 5, 1, 2, 2, 3, 3, 8]], 
     table([(0)=[{10}, {}, {}],(1)=[{9}, {[4, 9, 10]}, {}],(2)=[{7, 8}, {[3, 7, 9], [5, 8, 9]}, {}],(3)=[{4, 6}, {[2, 4, 7], [3, 6, 8], [5, 6, 7]}, {}],(4)=[{3, 5}, {[2, 3, 6], [4, 5, 6], [5, 3, 4]}, {}],(5)=[{2}, {[2, 2, 5], [4, 2, 3]}, {}],(6)=[{1}, {[3, 1, 2]}, {}]]) ], 

 NULL]:
