Isomorphism_Classes[6,19]:=[

#################################################################
### The symmetric function = s[5, 1] + s[4, 2] + s[3, 3]   has 2 graph isomorphism types.

  [ [[3], [4], [5], [2, 4], [2, 5], [2], [3, 5], [3], [4], [1, 4], [1, 5], [1], [1, 3, 5], [1, 3], [1, 4], [2, 5], [2], [2, 4], [3]], 
     {[2, 4, 10], [2, 5, 11], [2, 6, 12], [2, 13, 16], [2, 14, 17], [2, 15, 18], [3, 1, 4], [3, 5, 7], [3, 6, 8], [3, 13, 16], [3, 14, 17], [3, 18, 19], [4, 1, 2], [4, 4, 7], [4, 8, 9], [4, 10, 13], [4, 14, 15], [4, 18, 19], [5, 2, 3], [5, 4, 5], [5, 7, 9], [5, 10, 11], [5, 13, 15], [5, 16, 18]}, 
     [[1, 2, 2, 3, 3, 8, 4, 5, 5, 6, 6, 7], [1, 2, 2, 3, 4, 5, 3, 8, 5, 6, 6, 7], [1, 2, 2, 3, 4, 5, 5, 6, 3, 8, 6, 7], [1, 2, 4, 5, 2, 3, 3, 8, 5, 6, 6, 7], [1, 2, 4, 5, 2, 3, 5, 6, 3, 8, 6, 7], [1, 2, 4, 5, 2, 3, 5, 6, 6, 7, 3, 8], [1, 2, 4, 5, 5, 6, 2, 3, 3, 8, 6, 7], [1, 2, 4, 5, 5, 6, 2, 3, 6, 7, 3, 8], [1, 2, 4, 5, 5, 6, 6, 7, 2, 3, 3, 8], [4, 5, 1, 2, 2, 3, 3, 8, 5, 6, 6, 7], [4, 5, 1, 2, 2, 3, 5, 6, 3, 8, 6, 7], [4, 5, 1, 2, 2, 3, 5, 6, 6, 7, 3, 8], [4, 5, 1, 2, 5, 6, 2, 3, 3, 8, 6, 7], [4, 5, 1, 2, 5, 6, 2, 3, 6, 7, 3, 8], [4, 5, 1, 2, 5, 6, 6, 7, 2, 3, 3, 8], [4, 5, 5, 6, 1, 2, 2, 3, 3, 8, 6, 7], [4, 5, 5, 6, 1, 2, 2, 3, 6, 7, 3, 8], [4, 5, 5, 6, 1, 2, 6, 7, 2, 3, 3, 8], [4, 5, 5, 6, 6, 7, 1, 2, 2, 3, 3, 8]], 
     table([(0)=[{12}, {}, {}],(1)=[{6}, {[2, 6, 12]}, {}],(2)=[{8}, {[3, 6, 8]}, {}],(3)=[{9}, {[4, 8, 9]}, {}],(4)=[{7}, {[5, 7, 9]}, {}],(5)=[{4, 5}, {[3, 5, 7], [4, 4, 7]}, {[5, 4, 5]}],(6)=[{1, 10, 11}, {[2, 4, 10], [2, 5, 11], [3, 1, 4]}, {[5, 10, 11]}],(7)=[{2, 13}, {[4, 1, 2], [4, 10, 13]}, {}],(9)=[{14, 18}, {[2, 15, 18], [4, 14, 15], [5, 16, 18]}, {}],(8)=[{3, 15, 16}, {[2, 13, 16], [3, 13, 16], [5, 2, 3], [5, 13, 15]}, {}],(10)=[{17, 19}, {[2, 14, 17], [3, 14, 17], [3, 18, 19], [4, 18, 19]}, {}]]) ], 

  [ [[2], [2, 5], [2, 4], [3], [3], [3, 5], [4], [4], [5], [1, 3], [1, 3, 5], [1, 4], [1, 4], [1, 5], [1], [2, 4], [2, 5], [2], [3]], 
     {[2, 1, 10], [2, 2, 11], [2, 3, 12], [2, 13, 16], [2, 14, 17], [2, 15, 18], [3, 1, 5], [3, 2, 6], [3, 3, 4], [3, 10, 16], [3, 11, 17], [3, 18, 19], [4, 3, 4], [4, 5, 8], [4, 6, 7], [4, 10, 13], [4, 11, 12], [4, 16, 19], [5, 2, 3], [5, 6, 7], [5, 8, 9], [5, 11, 12], [5, 13, 14], [5, 16, 17]}, 
     [[1, 2, 2, 7, 3, 4, 4, 5, 5, 6, 7, 8], [1, 2, 2, 7, 3, 4, 4, 5, 7, 8, 5, 6], [1, 2, 2, 7, 3, 4, 7, 8, 4, 5, 5, 6], [1, 2, 2, 7, 7, 8, 3, 4, 4, 5, 5, 6], [1, 2, 3, 4, 2, 7, 4, 5, 5, 6, 7, 8], [1, 2, 3, 4, 2, 7, 4, 5, 7, 8, 5, 6], [1, 2, 3, 4, 2, 7, 7, 8, 4, 5, 5, 6], [1, 2, 3, 4, 4, 5, 2, 7, 5, 6, 7, 8], [1, 2, 3, 4, 4, 5, 2, 7, 7, 8, 5, 6], [3, 4, 1, 2, 2, 7, 4, 5, 5, 6, 7, 8], [3, 4, 1, 2, 2, 7, 4, 5, 7, 8, 5, 6], [3, 4, 1, 2, 2, 7, 7, 8, 4, 5, 5, 6], [3, 4, 1, 2, 4, 5, 2, 7, 5, 6, 7, 8], [3, 4, 1, 2, 4, 5, 2, 7, 7, 8, 5, 6], [3, 4, 1, 2, 4, 5, 5, 6, 2, 7, 7, 8], [3, 4, 4, 5, 1, 2, 2, 7, 5, 6, 7, 8], [3, 4, 4, 5, 1, 2, 2, 7, 7, 8, 5, 6], [3, 4, 4, 5, 1, 2, 5, 6, 2, 7, 7, 8], [3, 4, 4, 5, 5, 6, 1, 2, 2, 7, 7, 8]], 
     table([(0)=[{15}, {}, {}],(1)=[{18}, {[2, 15, 18]}, {}],(2)=[{19}, {[3, 18, 19]}, {}],(3)=[{16}, {[4, 16, 19]}, {}],(4)=[{10, 13, 17}, {[2, 13, 16], [3, 10, 16], [5, 16, 17]}, {[4, 10, 13]}],(5)=[{1, 11, 14}, {[2, 1, 10], [2, 14, 17], [3, 11, 17], [5, 13, 14]}, {}],(6)=[{2, 5, 12}, {[2, 2, 11], [3, 1, 5], [4, 11, 12], [5, 11, 12]}, {}],(7)=[{3, 6, 8}, {[2, 3, 12], [3, 2, 6], [4, 5, 8], [5, 2, 3]}, {}],(8)=[{4, 7, 9}, {[3, 3, 4], [4, 3, 4], [4, 6, 7], [5, 6, 7], [5, 8, 9]}, {}]]) ], 

#################################################################
### The symmetric function = s[2, 2, 2] + s[2, 2, 1, 1] + s[2, 1, 1, 1, 1]   has 2 graph isomorphism types.

  [ [[1, 3, 4, 5], [1, 2, 4, 5], [1, 2, 3, 5], [1, 2, 3, 4], [1, 2, 4, 5], [1, 3, 5], [1, 3, 4], [1, 2, 3, 5], [1, 2, 4], [2, 3, 4, 5], [2, 4, 5], [2, 3, 5], [2, 3, 4], [2, 3, 5], [2, 4], [1, 3, 4, 5], [1, 3, 5], [1, 3, 4], [1, 2, 4, 5]], 
     {[2, 1, 10], [2, 6, 12], [2, 7, 13], [2, 11, 16], [2, 14, 17], [2, 15, 18], [3, 1, 5], [3, 2, 6], [3, 7, 9], [3, 11, 16], [3, 15, 18], [3, 17, 19], [4, 2, 3], [4, 5, 8], [4, 6, 9], [4, 11, 14], [4, 12, 15], [4, 17, 19], [5, 3, 4], [5, 6, 7], [5, 8, 9], [5, 12, 13], [5, 14, 15], [5, 17, 18]}, 
     [[1, 8, 3, 6, 6, 7, 5, 6, 4, 5, 2, 4], [1, 8, 3, 7, 2, 3, 5, 6, 4, 5, 3, 4], [1, 8, 3, 7, 5, 6, 2, 3, 4, 5, 3, 4], [1, 8, 3, 7, 5, 6, 4, 5, 2, 3, 3, 4], [1, 8, 5, 6, 3, 5, 5, 7, 4, 5, 2, 4], [1, 8, 5, 6, 3, 7, 2, 3, 4, 5, 3, 4], [1, 8, 5, 6, 3, 7, 4, 5, 2, 3, 3, 4], [1, 8, 5, 6, 4, 5, 3, 4, 4, 7, 2, 4], [1, 8, 5, 6, 4, 5, 3, 7, 2, 3, 3, 4], [3, 6, 1, 8, 6, 7, 5, 6, 4, 5, 2, 4], [5, 6, 1, 8, 3, 5, 5, 7, 4, 5, 2, 4], [5, 6, 1, 8, 3, 7, 2, 3, 4, 5, 3, 4], [5, 6, 1, 8, 3, 7, 4, 5, 2, 3, 3, 4], [5, 6, 1, 8, 4, 5, 3, 4, 4, 7, 2, 4], [5, 6, 1, 8, 4, 5, 3, 7, 2, 3, 3, 4], [5, 6, 3, 5, 1, 8, 5, 7, 4, 5, 2, 4], [5, 6, 4, 5, 1, 8, 3, 4, 4, 7, 2, 4], [5, 6, 4, 5, 1, 8, 3, 7, 2, 3, 3, 4], [5, 6, 4, 5, 3, 4, 1, 8, 4, 7, 2, 4]], 
     table([(0)=[{4}, {}, {}],(1)=[{3}, {[5, 3, 4]}, {}],(2)=[{2}, {[4, 2, 3]}, {}],(3)=[{6}, {[3, 2, 6]}, {}],(4)=[{7, 9, 12}, {[2, 6, 12], [4, 6, 9], [5, 6, 7]}, {[3, 7, 9]}],(5)=[{8, 13, 15}, {[2, 7, 13], [4, 12, 15], [5, 8, 9], [5, 12, 13]}, {}],(6)=[{5, 14, 18}, {[2, 15, 18], [3, 15, 18], [4, 5, 8], [5, 14, 15]}, {}],(7)=[{1, 11, 17}, {[2, 14, 17], [3, 1, 5], [4, 11, 14], [5, 17, 18]}, {}],(8)=[{10, 16, 19}, {[2, 1, 10], [2, 11, 16], [3, 11, 16], [3, 17, 19], [4, 17, 19]}, {}]]) ], 

  [ [[2, 3, 4, 5], [1, 3, 4, 5], [1, 2, 4, 5], [1, 3, 5], [1, 3, 4], [1, 2, 4, 5], [1, 2, 3, 5], [1, 2, 4], [1, 2, 3, 5], [1, 2, 3, 4], [1, 3, 4, 5], [2, 4, 5], [2, 3, 5], [2, 4], [2, 3, 5], [2, 3, 4], [1, 2, 4, 5], [1, 3, 5], [1, 3, 4]], 
     {[2, 1, 11], [2, 2, 12], [2, 4, 13], [2, 5, 14], [2, 15, 18], [2, 16, 19], [3, 2, 6], [3, 3, 4], [3, 5, 8], [3, 11, 17], [3, 12, 18], [3, 14, 19], [4, 3, 4], [4, 6, 9], [4, 7, 8], [4, 12, 15], [4, 13, 14], [4, 17, 18], [5, 4, 5], [5, 7, 8], [5, 9, 10], [5, 13, 14], [5, 15, 16], [5, 18, 19]}, 
     [[3, 4, 4, 8, 6, 7, 5, 6, 1, 4, 2, 3], [3, 8, 1, 3, 6, 7, 5, 6, 3, 4, 2, 3], [3, 8, 2, 3, 1, 2, 6, 7, 5, 6, 2, 4], [3, 8, 2, 3, 6, 7, 1, 2, 5, 6, 2, 4], [3, 8, 2, 3, 6, 7, 5, 6, 1, 2, 2, 4], [3, 8, 6, 7, 1, 3, 5, 6, 3, 4, 2, 3], [3, 8, 6, 7, 2, 3, 1, 2, 5, 6, 2, 4], [3, 8, 6, 7, 2, 3, 5, 6, 1, 2, 2, 4], [3, 8, 6, 7, 5, 6, 1, 3, 3, 4, 2, 3], [3, 8, 6, 7, 5, 6, 2, 3, 1, 2, 2, 4], [6, 7, 3, 4, 4, 8, 5, 6, 1, 4, 2, 3], [6, 7, 3, 8, 1, 3, 5, 6, 3, 4, 2, 3], [6, 7, 3, 8, 2, 3, 1, 2, 5, 6, 2, 4], [6, 7, 3, 8, 2, 3, 5, 6, 1, 2, 2, 4], [6, 7, 3, 8, 5, 6, 1, 3, 3, 4, 2, 3], [6, 7, 3, 8, 5, 6, 2, 3, 1, 2, 2, 4], [6, 7, 5, 6, 3, 4, 4, 8, 1, 4, 2, 3], [6, 7, 5, 6, 3, 8, 1, 3, 3, 4, 2, 3], [6, 7, 5, 6, 3, 8, 2, 3, 1, 2, 2, 4]], 
     table([(0)=[{10}, {}, {}],(1)=[{9}, {[5, 9, 10]}, {}],(2)=[{6}, {[4, 6, 9]}, {}],(3)=[{2}, {[3, 2, 6]}, {}],(4)=[{12}, {[2, 2, 12]}, {}],(5)=[{15, 18}, {[3, 12, 18], [4, 12, 15]}, {[2, 15, 18]}],(6)=[{16, 17, 19}, {[4, 17, 18], [5, 15, 16], [5, 18, 19]}, {[2, 16, 19]}],(7)=[{11, 14}, {[3, 11, 17], [3, 14, 19]}, {}],(9)=[{4, 8}, {[2, 4, 13], [3, 5, 8], [5, 4, 5]}, {}],(8)=[{1, 5, 13}, {[2, 1, 11], [2, 5, 14], [4, 13, 14], [5, 13, 14]}, {}],(10)=[{3, 7}, {[3, 3, 4], [4, 3, 4], [4, 7, 8], [5, 7, 8]}, {}]]) ], 

#################################################################
### The symmetric function = s[4, 2] + s[4, 1, 1]   has 9 graph isomorphism types.

  [ [[4, 5], [3, 5], [3, 4], [3, 5], [4], [2, 5], [2, 4], [2, 3], [2, 5], [2, 4], [3], [1, 5], [1, 4], [1, 3], [1, 2], [1, 5], [1, 4], [1, 3], [2]], 
     {[2, 6, 12], [2, 7, 13], [2, 8, 14], [2, 9, 16], [2, 10, 17], [2, 18, 19], [3, 2, 6], [3, 3, 7], [3, 4, 9], [3, 10, 11], [3, 14, 15], [3, 18, 19], [4, 1, 4], [4, 2, 5], [4, 7, 8], [4, 10, 11], [4, 13, 14], [4, 17, 18], [5, 2, 3], [5, 4, 5], [5, 6, 7], [5, 9, 10], [5, 12, 13], [5, 16, 17]}, 
     [[1, 2, 2, 3, 4, 5, 5, 8, 6, 7, 3, 5], [1, 2, 2, 3, 4, 8, 3, 4, 6, 7, 4, 5], [1, 2, 2, 3, 4, 8, 6, 7, 3, 4, 4, 5], [1, 2, 2, 3, 6, 7, 4, 5, 5, 8, 3, 5], [1, 2, 2, 3, 6, 7, 4, 8, 3, 4, 4, 5], [1, 2, 4, 8, 2, 3, 3, 4, 6, 7, 4, 5], [1, 2, 4, 8, 2, 3, 6, 7, 3, 4, 4, 5], [1, 2, 4, 8, 6, 7, 2, 3, 3, 4, 4, 5], [1, 2, 6, 7, 2, 3, 4, 5, 5, 8, 3, 5], [1, 2, 6, 7, 2, 3, 4, 8, 3, 4, 4, 5], [1, 2, 6, 7, 4, 8, 2, 3, 3, 4, 4, 5], [4, 8, 1, 2, 2, 3, 3, 4, 6, 7, 4, 5], [4, 8, 1, 2, 2, 3, 6, 7, 3, 4, 4, 5], [4, 8, 1, 2, 6, 7, 2, 3, 3, 4, 4, 5], [4, 8, 6, 7, 1, 2, 2, 3, 3, 4, 4, 5], [6, 7, 1, 2, 2, 3, 4, 5, 5, 8, 3, 5], [6, 7, 1, 2, 2, 3, 4, 8, 3, 4, 4, 5], [6, 7, 1, 2, 4, 8, 2, 3, 3, 4, 4, 5], [6, 7, 4, 8, 1, 2, 2, 3, 3, 4, 4, 5]], 
     table([(0)=[{15}, {}, {}],(1)=[{14}, {[3, 14, 15]}, {}],(2)=[{8, 13}, {[2, 8, 14], [4, 13, 14]}, {}],(3)=[{7, 12}, {[2, 7, 13], [4, 7, 8], [5, 12, 13]}, {}],(4)=[{3, 6}, {[2, 6, 12], [3, 3, 7], [5, 6, 7]}, {}],(5)=[{2}, {[3, 2, 6], [5, 2, 3]}, {}],(6)=[{5}, {[4, 2, 5]}, {}],(7)=[{4}, {[5, 4, 5]}, {}],(9)=[{10, 16}, {[2, 9, 16], [5, 9, 10]}, {}],(8)=[{1, 9}, {[3, 4, 9], [4, 1, 4]}, {}],(11)=[{18}, {[4, 17, 18]}, {}],(10)=[{11, 17}, {[2, 10, 17], [3, 10, 11], [4, 10, 11], [5, 16, 17]}, {}],(12)=[{19}, {[2, 18, 19], [3, 18, 19]}, {}]]) ], 

  [ [[4, 5], [3, 5], [3, 4], [2, 5], [2, 4], [2, 3], [3, 5], [4], [2, 5], [2, 4], [3], [1, 5], [1, 4], [1, 3], [1, 2], [1, 5], [1, 4], [1, 3], [2]], 
     {[2, 4, 12], [2, 5, 13], [2, 6, 14], [2, 9, 16], [2, 10, 17], [2, 18, 19], [3, 2, 4], [3, 3, 10], [3, 5, 11], [3, 7, 9], [3, 14, 15], [3, 18, 19], [4, 1, 2], [4, 5, 6], [4, 7, 8], [4, 10, 11], [4, 13, 14], [4, 17, 18], [5, 2, 3], [5, 4, 5], [5, 7, 8], [5, 9, 10], [5, 12, 13], [5, 16, 17]}, 
     [[1, 2, 3, 4, 2, 7, 7, 8, 4, 7, 5, 6], [1, 2, 3, 4, 4, 7, 2, 4, 4, 8, 5, 6], [1, 2, 3, 4, 4, 7, 5, 6, 2, 4, 4, 8], [1, 2, 3, 7, 2, 3, 3, 4, 4, 8, 5, 6], [1, 2, 3, 7, 2, 3, 5, 6, 3, 4, 4, 8], [1, 2, 3, 7, 5, 6, 2, 3, 3, 4, 4, 8], [1, 2, 5, 6, 2, 7, 3, 4, 7, 8, 4, 7], [1, 2, 5, 6, 2, 7, 7, 8, 3, 4, 4, 7], [1, 2, 5, 6, 3, 4, 2, 7, 7, 8, 4, 7], [1, 2, 5, 6, 3, 4, 4, 7, 2, 4, 4, 8], [1, 2, 5, 6, 3, 7, 2, 3, 3, 4, 4, 8], [3, 7, 1, 2, 2, 3, 3, 4, 4, 8, 5, 6], [3, 7, 1, 2, 2, 3, 5, 6, 3, 4, 4, 8], [3, 7, 1, 2, 5, 6, 2, 3, 3, 4, 4, 8], [3, 7, 5, 6, 1, 2, 2, 3, 3, 4, 4, 8], [5, 6, 1, 2, 3, 4, 2, 7, 7, 8, 4, 7], [5, 6, 1, 2, 3, 4, 4, 7, 2, 4, 4, 8], [5, 6, 1, 2, 3, 7, 2, 3, 3, 4, 4, 8], [5, 6, 3, 7, 1, 2, 2, 3, 3, 4, 4, 8]], 
     table([(0)=[{15}, {}, {}],(1)=[{14}, {[3, 14, 15]}, {}],(2)=[{6, 13}, {[2, 6, 14], [4, 13, 14]}, {}],(3)=[{5, 12}, {[2, 5, 13], [4, 5, 6], [5, 12, 13]}, {}],(4)=[{4, 11}, {[2, 4, 12], [3, 5, 11], [5, 4, 5]}, {}],(5)=[{2, 10}, {[3, 2, 4], [4, 10, 11]}, {}],(6)=[{1, 3, 9, 17}, {[2, 10, 17], [3, 3, 10], [4, 1, 2], [5, 2, 3], [5, 9, 10]}, {}],(7)=[{7, 16, 18}, {[2, 9, 16], [3, 7, 9], [4, 17, 18], [5, 16, 17]}, {}],(8)=[{8, 19}, {[2, 18, 19], [3, 18, 19], [4, 7, 8], [5, 7, 8]}, {}]]) ], 

  [ [[4, 5], [3, 5], [3, 4], [3, 5], [4], [2, 5], [2, 4], [2, 3], [2, 5], [2, 4], [3], [1, 5], [1, 4], [1, 3], [1, 2], [1, 5], [1, 4], [1, 3], [2]], 
     {[2, 6, 12], [2, 7, 13], [2, 8, 14], [2, 9, 16], [2, 10, 17], [2, 18, 19], [3, 2, 6], [3, 3, 10], [3, 4, 9], [3, 7, 11], [3, 14, 15], [3, 18, 19], [4, 1, 4], [4, 2, 5], [4, 7, 8], [4, 10, 11], [4, 13, 14], [4, 17, 18], [5, 2, 3], [5, 4, 5], [5, 6, 7], [5, 9, 10], [5, 12, 13], [5, 16, 17]}, 
     [[1, 2, 3, 4, 4, 5, 5, 8, 6, 7, 2, 5], [1, 2, 3, 4, 4, 8, 2, 4, 6, 7, 4, 5], [1, 2, 3, 4, 4, 8, 6, 7, 2, 4, 4, 5], [1, 2, 3, 4, 6, 7, 4, 5, 5, 8, 2, 5], [1, 2, 3, 4, 6, 7, 4, 8, 2, 4, 4, 5], [1, 2, 3, 8, 2, 3, 3, 4, 6, 7, 4, 5], [1, 2, 3, 8, 2, 3, 6, 7, 3, 4, 4, 5], [1, 2, 3, 8, 6, 7, 2, 3, 3, 4, 4, 5], [1, 2, 6, 7, 3, 4, 4, 5, 5, 8, 2, 5], [1, 2, 6, 7, 3, 4, 4, 8, 2, 4, 4, 5], [1, 2, 6, 7, 3, 8, 2, 3, 3, 4, 4, 5], [3, 8, 1, 2, 2, 3, 3, 4, 6, 7, 4, 5], [3, 8, 1, 2, 2, 3, 6, 7, 3, 4, 4, 5], [3, 8, 1, 2, 6, 7, 2, 3, 3, 4, 4, 5], [3, 8, 6, 7, 1, 2, 2, 3, 3, 4, 4, 5], [6, 7, 1, 2, 3, 4, 4, 5, 5, 8, 2, 5], [6, 7, 1, 2, 3, 4, 4, 8, 2, 4, 4, 5], [6, 7, 1, 2, 3, 8, 2, 3, 3, 4, 4, 5], [6, 7, 3, 8, 1, 2, 2, 3, 3, 4, 4, 5]], 
     table([(0)=[{15}, {}, {}],(1)=[{14}, {[3, 14, 15]}, {}],(2)=[{8, 13}, {[2, 8, 14], [4, 13, 14]}, {}],(3)=[{7, 12}, {[2, 7, 13], [4, 7, 8], [5, 12, 13]}, {}],(4)=[{6, 11}, {[2, 6, 12], [3, 7, 11], [5, 6, 7]}, {}],(5)=[{2, 10}, {[3, 2, 6], [4, 10, 11]}, {}],(6)=[{3, 5, 9, 17}, {[2, 10, 17], [3, 3, 10], [4, 2, 5], [5, 2, 3], [5, 9, 10]}, {}],(7)=[{4, 16, 18}, {[2, 9, 16], [3, 4, 9], [4, 17, 18], [5, 4, 5], [5, 16, 17]}, {}],(8)=[{1, 19}, {[2, 18, 19], [3, 18, 19], [4, 1, 4]}, {}]]) ], 

  [ [[3, 4], [3, 5], [4, 5], [2, 4], [2, 5], [2, 3], [2, 4], [2, 5], [3], [3, 5], [4], [1, 4], [1, 5], [1, 3], [1, 2], [1, 4], [1, 5], [1, 3], [2]], 
     {[2, 4, 12], [2, 5, 13], [2, 6, 14], [2, 7, 16], [2, 8, 17], [2, 18, 19], [3, 1, 7], [3, 2, 8], [3, 4, 9], [3, 5, 10], [3, 14, 15], [3, 18, 19], [4, 2, 3], [4, 4, 6], [4, 7, 9], [4, 10, 11], [4, 12, 14], [4, 16, 18], [5, 1, 2], [5, 4, 5], [5, 7, 8], [5, 10, 11], [5, 12, 13], [5, 16, 17]}, 
     [[1, 2, 3, 4, 4, 7, 5, 6, 2, 4, 7, 8], [1, 2, 3, 4, 4, 7, 5, 6, 7, 8, 2, 4], [1, 2, 3, 4, 4, 7, 7, 8, 5, 6, 2, 4], [1, 2, 3, 7, 2, 3, 5, 6, 3, 4, 7, 8], [1, 2, 3, 7, 2, 3, 5, 6, 7, 8, 3, 4], [1, 2, 3, 7, 5, 6, 2, 3, 3, 4, 7, 8], [1, 2, 5, 6, 3, 4, 4, 7, 2, 4, 7, 8], [1, 2, 5, 6, 3, 4, 4, 7, 7, 8, 2, 4], [1, 2, 5, 6, 3, 7, 2, 3, 3, 4, 7, 8], [1, 2, 5, 6, 3, 7, 2, 3, 7, 8, 3, 4], [1, 2, 5, 6, 3, 7, 7, 8, 2, 3, 3, 4], [3, 7, 1, 2, 2, 3, 5, 6, 3, 4, 7, 8], [3, 7, 1, 2, 2, 3, 5, 6, 7, 8, 3, 4], [3, 7, 1, 2, 5, 6, 2, 3, 3, 4, 7, 8], [3, 7, 5, 6, 1, 2, 2, 3, 3, 4, 7, 8], [5, 6, 1, 2, 3, 4, 4, 7, 2, 4, 7, 8], [5, 6, 1, 2, 3, 4, 4, 7, 7, 8, 2, 4], [5, 6, 1, 2, 3, 7, 2, 3, 3, 4, 7, 8], [5, 6, 3, 7, 1, 2, 2, 3, 3, 4, 7, 8]], 
     table([(0)=[{15}, {}, {}],(1)=[{14}, {[3, 14, 15]}, {}],(2)=[{6, 12}, {[2, 6, 14], [4, 12, 14]}, {}],(3)=[{4, 13}, {[2, 4, 12], [4, 4, 6], [5, 12, 13]}, {}],(4)=[{5, 9}, {[2, 5, 13], [3, 4, 9], [5, 4, 5]}, {}],(5)=[{7, 10}, {[3, 5, 10], [4, 7, 9]}, {}],(6)=[{1, 8, 11, 16}, {[2, 7, 16], [3, 1, 7], [4, 10, 11], [5, 7, 8], [5, 10, 11]}, {}],(7)=[{2, 17, 18}, {[2, 8, 17], [3, 2, 8], [4, 16, 18], [5, 1, 2], [5, 16, 17]}, {}],(8)=[{3, 19}, {[2, 18, 19], [3, 18, 19], [4, 2, 3]}, {}]]) ], 

  [ [[3, 4], [3, 5], [4, 5], [2, 4], [2, 5], [2, 3], [1, 4], [1, 5], [1, 3], [1, 2], [2, 4], [2, 5], [3], [3, 5], [4], [1, 4], [1, 5], [1, 3], [2]], 
     {[2, 4, 7], [2, 5, 8], [2, 6, 18], [2, 9, 19], [2, 11, 16], [2, 12, 17], [3, 1, 4], [3, 2, 5], [3, 9, 10], [3, 11, 13], [3, 12, 14], [3, 18, 19], [4, 2, 3], [4, 4, 6], [4, 7, 9], [4, 11, 13], [4, 14, 15], [4, 16, 18], [5, 1, 2], [5, 4, 5], [5, 7, 8], [5, 11, 12], [5, 14, 15], [5, 16, 17]}, 
     [[2, 3, 1, 6, 6, 7, 3, 6, 4, 5, 7, 8], [2, 3, 1, 6, 6, 7, 3, 6, 7, 8, 4, 5], [2, 3, 1, 6, 6, 7, 7, 8, 3, 6, 4, 5], [2, 3, 3, 6, 1, 3, 3, 7, 4, 5, 7, 8], [2, 3, 3, 6, 1, 3, 3, 7, 7, 8, 4, 5], [2, 3, 3, 6, 4, 5, 1, 3, 3, 7, 7, 8], [2, 6, 1, 2, 2, 3, 3, 7, 4, 5, 7, 8], [2, 6, 1, 2, 2, 3, 3, 7, 7, 8, 4, 5], [2, 6, 1, 2, 4, 5, 2, 3, 3, 7, 7, 8], [2, 6, 4, 5, 1, 2, 2, 3, 3, 7, 7, 8], [4, 5, 1, 6, 2, 3, 6, 7, 3, 6, 7, 8], [4, 5, 1, 6, 2, 3, 6, 7, 7, 8, 3, 6], [4, 5, 1, 6, 6, 7, 2, 3, 3, 6, 7, 8], [4, 5, 1, 6, 6, 7, 2, 3, 7, 8, 3, 6], [4, 5, 1, 6, 6, 7, 7, 8, 2, 3, 3, 6], [4, 5, 2, 3, 1, 6, 6, 7, 3, 6, 7, 8], [4, 5, 2, 3, 1, 6, 6, 7, 7, 8, 3, 6], [4, 5, 2, 3, 3, 6, 1, 3, 3, 7, 7, 8], [4, 5, 2, 6, 1, 2, 2, 3, 3, 7, 7, 8]], 
     table([(0)=[{10}, {}, {}],(1)=[{9}, {[3, 9, 10]}, {}],(2)=[{7, 19}, {[2, 9, 19], [4, 7, 9]}, {}],(3)=[{4, 8, 18}, {[2, 4, 7], [3, 18, 19], [5, 7, 8]}, {}],(4)=[{1, 5, 6, 16}, {[2, 5, 8], [2, 6, 18], [3, 1, 4], [4, 4, 6], [4, 16, 18], [5, 4, 5]}, {}],(5)=[{2, 11, 17}, {[2, 11, 16], [3, 2, 5], [5, 1, 2], [5, 16, 17]}, {}],(6)=[{3, 12, 13}, {[2, 12, 17], [3, 11, 13], [4, 2, 3], [4, 11, 13], [5, 11, 12]}, {}],(7)=[{14}, {[3, 12, 14]}, {}],(8)=[{15}, {[4, 14, 15], [5, 14, 15]}, {}]]) ], 

  [ [[4, 5], [3, 5], [3, 4], [2, 5], [2, 4], [2, 3], [3, 5], [4], [2, 5], [2, 4], [3], [1, 5], [1, 4], [1, 3], [1, 2], [1, 5], [1, 4], [1, 3], [2]], 
     {[2, 4, 12], [2, 5, 13], [2, 6, 18], [2, 9, 16], [2, 10, 17], [2, 14, 19], [3, 2, 4], [3, 3, 10], [3, 5, 11], [3, 7, 9], [3, 14, 15], [3, 18, 19], [4, 1, 2], [4, 5, 6], [4, 7, 8], [4, 10, 11], [4, 13, 14], [4, 17, 18], [5, 2, 3], [5, 4, 5], [5, 7, 8], [5, 9, 10], [5, 12, 13], [5, 16, 17]}, 
     [[2, 3, 3, 4, 1, 7, 7, 8, 4, 7, 5, 6], [2, 3, 3, 4, 4, 7, 1, 4, 4, 8, 5, 6], [2, 3, 3, 4, 4, 7, 5, 6, 1, 4, 4, 8], [2, 3, 3, 7, 1, 3, 3, 4, 4, 8, 5, 6], [2, 3, 3, 7, 1, 3, 5, 6, 3, 4, 4, 8], [2, 3, 3, 7, 5, 6, 1, 3, 3, 4, 4, 8], [2, 3, 5, 6, 1, 7, 3, 4, 7, 8, 4, 7], [2, 3, 5, 6, 1, 7, 7, 8, 3, 4, 4, 7], [2, 3, 5, 6, 3, 4, 1, 7, 7, 8, 4, 7], [2, 3, 5, 6, 3, 4, 4, 7, 1, 4, 4, 8], [2, 3, 5, 6, 3, 7, 1, 3, 3, 4, 4, 8], [2, 7, 1, 2, 2, 3, 3, 4, 4, 8, 5, 6], [2, 7, 1, 2, 2, 3, 5, 6, 3, 4, 4, 8], [2, 7, 1, 2, 5, 6, 2, 3, 3, 4, 4, 8], [2, 7, 5, 6, 1, 2, 2, 3, 3, 4, 4, 8], [5, 6, 2, 3, 3, 4, 1, 7, 7, 8, 4, 7], [5, 6, 2, 3, 3, 4, 4, 7, 1, 4, 4, 8], [5, 6, 2, 3, 3, 7, 1, 3, 3, 4, 4, 8], [5, 6, 2, 7, 1, 2, 2, 3, 3, 4, 4, 8]], 
     table([(0)=[{15}, {}, {}],(1)=[{14}, {[3, 14, 15]}, {}],(2)=[{13, 19}, {[2, 14, 19], [4, 13, 14]}, {}],(3)=[{5, 12, 18}, {[2, 5, 13], [3, 18, 19], [5, 12, 13]}, {}],(4)=[{4, 6, 11, 17}, {[2, 4, 12], [2, 6, 18], [3, 5, 11], [4, 5, 6], [4, 17, 18], [5, 4, 5]}, {}],(5)=[{2, 10, 16}, {[2, 10, 17], [3, 2, 4], [4, 10, 11], [5, 16, 17]}, {}],(6)=[{1, 3, 9}, {[2, 9, 16], [3, 3, 10], [4, 1, 2], [5, 2, 3], [5, 9, 10]}, {}],(7)=[{7}, {[3, 7, 9]}, {}],(8)=[{8}, {[4, 7, 8], [5, 7, 8]}, {}]]) ], 

  [ [[4, 5], [3, 5], [3, 4], [3, 5], [4], [2, 5], [2, 4], [2, 3], [2, 5], [2, 4], [3], [1, 5], [1, 4], [1, 3], [1, 2], [1, 5], [1, 4], [1, 3], [2]], 
     {[2, 6, 12], [2, 7, 13], [2, 8, 18], [2, 9, 16], [2, 10, 17], [2, 14, 19], [3, 2, 6], [3, 3, 10], [3, 4, 9], [3, 7, 11], [3, 14, 15], [3, 18, 19], [4, 1, 4], [4, 2, 5], [4, 7, 8], [4, 10, 11], [4, 13, 14], [4, 17, 18], [5, 2, 3], [5, 4, 5], [5, 6, 7], [5, 9, 10], [5, 12, 13], [5, 16, 17]}, 
     [[2, 3, 3, 4, 4, 5, 5, 8, 6, 7, 1, 5], [2, 3, 3, 4, 4, 8, 1, 4, 6, 7, 4, 5], [2, 3, 3, 4, 4, 8, 6, 7, 1, 4, 4, 5], [2, 3, 3, 4, 6, 7, 4, 5, 5, 8, 1, 5], [2, 3, 3, 4, 6, 7, 4, 8, 1, 4, 4, 5], [2, 3, 3, 8, 1, 3, 3, 4, 6, 7, 4, 5], [2, 3, 3, 8, 1, 3, 6, 7, 3, 4, 4, 5], [2, 3, 3, 8, 6, 7, 1, 3, 3, 4, 4, 5], [2, 3, 6, 7, 3, 4, 4, 5, 5, 8, 1, 5], [2, 3, 6, 7, 3, 4, 4, 8, 1, 4, 4, 5], [2, 3, 6, 7, 3, 8, 1, 3, 3, 4, 4, 5], [2, 8, 1, 2, 2, 3, 3, 4, 6, 7, 4, 5], [2, 8, 1, 2, 2, 3, 6, 7, 3, 4, 4, 5], [2, 8, 1, 2, 6, 7, 2, 3, 3, 4, 4, 5], [2, 8, 6, 7, 1, 2, 2, 3, 3, 4, 4, 5], [6, 7, 2, 3, 3, 4, 4, 5, 5, 8, 1, 5], [6, 7, 2, 3, 3, 4, 4, 8, 1, 4, 4, 5], [6, 7, 2, 3, 3, 8, 1, 3, 3, 4, 4, 5], [6, 7, 2, 8, 1, 2, 2, 3, 3, 4, 4, 5]], 
     table([(0)=[{15}, {}, {}],(1)=[{14}, {[3, 14, 15]}, {}],(2)=[{13, 19}, {[2, 14, 19], [4, 13, 14]}, {}],(3)=[{7, 12, 18}, {[2, 7, 13], [3, 18, 19], [5, 12, 13]}, {}],(4)=[{6, 8, 11, 17}, {[2, 6, 12], [2, 8, 18], [3, 7, 11], [4, 7, 8], [4, 17, 18], [5, 6, 7]}, {}],(5)=[{2, 10, 16}, {[2, 10, 17], [3, 2, 6], [4, 10, 11], [5, 16, 17]}, {}],(6)=[{3, 5, 9}, {[2, 9, 16], [3, 3, 10], [4, 2, 5], [5, 2, 3], [5, 9, 10]}, {}],(7)=[{4}, {[3, 4, 9], [5, 4, 5]}, {}],(8)=[{1}, {[4, 1, 4]}, {}]]) ], 

  [ [[3, 4], [3, 5], [4, 5], [2, 4], [2, 5], [2, 3], [2, 4], [2, 5], [3], [3, 5], [4], [1, 4], [1, 5], [1, 3], [1, 2], [1, 4], [1, 5], [1, 3], [2]], 
     {[2, 4, 12], [2, 5, 13], [2, 6, 18], [2, 7, 16], [2, 8, 17], [2, 14, 19], [3, 1, 7], [3, 2, 8], [3, 4, 9], [3, 5, 10], [3, 14, 15], [3, 18, 19], [4, 2, 3], [4, 4, 6], [4, 7, 9], [4, 10, 11], [4, 12, 14], [4, 16, 18], [5, 1, 2], [5, 4, 5], [5, 7, 8], [5, 10, 11], [5, 12, 13], [5, 16, 17]}, 
     [[2, 3, 3, 4, 4, 7, 5, 6, 1, 4, 7, 8], [2, 3, 3, 4, 4, 7, 5, 6, 7, 8, 1, 4], [2, 3, 3, 4, 4, 7, 7, 8, 5, 6, 1, 4], [2, 3, 3, 7, 1, 3, 5, 6, 3, 4, 7, 8], [2, 3, 3, 7, 1, 3, 5, 6, 7, 8, 3, 4], [2, 3, 3, 7, 5, 6, 1, 3, 3, 4, 7, 8], [2, 3, 5, 6, 3, 4, 4, 7, 1, 4, 7, 8], [2, 3, 5, 6, 3, 4, 4, 7, 7, 8, 1, 4], [2, 3, 5, 6, 3, 7, 1, 3, 3, 4, 7, 8], [2, 3, 5, 6, 3, 7, 1, 3, 7, 8, 3, 4], [2, 3, 5, 6, 3, 7, 7, 8, 1, 3, 3, 4], [2, 7, 1, 2, 2, 3, 5, 6, 3, 4, 7, 8], [2, 7, 1, 2, 2, 3, 5, 6, 7, 8, 3, 4], [2, 7, 1, 2, 5, 6, 2, 3, 3, 4, 7, 8], [2, 7, 5, 6, 1, 2, 2, 3, 3, 4, 7, 8], [5, 6, 2, 3, 3, 4, 4, 7, 1, 4, 7, 8], [5, 6, 2, 3, 3, 4, 4, 7, 7, 8, 1, 4], [5, 6, 2, 3, 3, 7, 1, 3, 3, 4, 7, 8], [5, 6, 2, 7, 1, 2, 2, 3, 3, 4, 7, 8]], 
     table([(0)=[{15}, {}, {}],(1)=[{14}, {[3, 14, 15]}, {}],(2)=[{12, 19}, {[2, 14, 19], [4, 12, 14]}, {}],(3)=[{4, 13, 18}, {[2, 4, 12], [3, 18, 19], [5, 12, 13]}, {}],(4)=[{5, 6, 9, 16}, {[2, 5, 13], [2, 6, 18], [3, 4, 9], [4, 4, 6], [4, 16, 18], [5, 4, 5]}, {}],(5)=[{7, 10, 17}, {[2, 7, 16], [3, 5, 10], [4, 7, 9], [5, 16, 17]}, {}],(6)=[{1, 8, 11}, {[2, 8, 17], [3, 1, 7], [4, 10, 11], [5, 7, 8], [5, 10, 11]}, {}],(7)=[{2}, {[3, 2, 8], [5, 1, 2]}, {}],(8)=[{3}, {[4, 2, 3]}, {}]]) ], 

  [ [[2, 3], [2, 4], [2, 5], [3, 4], [3, 5], [4, 5], [1, 3], [1, 4], [1, 5], [1, 2], [1, 3], [1, 4], [1, 5], [2], [2, 4], [2, 5], [3], [3, 5], [4]], 
     {[2, 1, 11], [2, 2, 12], [2, 3, 13], [2, 7, 14], [2, 8, 15], [2, 9, 16], [3, 2, 4], [3, 3, 5], [3, 7, 10], [3, 11, 14], [3, 15, 17], [3, 16, 18], [4, 1, 2], [4, 5, 6], [4, 7, 8], [4, 11, 12], [4, 15, 17], [4, 18, 19], [5, 2, 3], [5, 4, 5], [5, 8, 9], [5, 12, 13], [5, 15, 16], [5, 18, 19]}, 
     [[2, 3, 3, 6, 4, 5, 1, 3, 6, 7, 7, 8], [2, 3, 3, 6, 4, 5, 6, 7, 1, 3, 7, 8], [2, 3, 3, 6, 4, 5, 6, 7, 7, 8, 1, 3], [2, 3, 3, 6, 6, 7, 4, 5, 1, 3, 7, 8], [2, 3, 3, 6, 6, 7, 4, 5, 7, 8, 1, 3], [2, 3, 3, 6, 6, 7, 7, 8, 4, 5, 1, 3], [2, 6, 1, 2, 4, 5, 2, 3, 6, 7, 7, 8], [2, 6, 1, 2, 4, 5, 6, 7, 2, 3, 7, 8], [2, 6, 1, 2, 4, 5, 6, 7, 7, 8, 2, 3], [2, 6, 4, 5, 1, 2, 2, 3, 6, 7, 7, 8], [4, 5, 2, 3, 3, 6, 1, 3, 6, 7, 7, 8], [4, 5, 2, 3, 3, 6, 6, 7, 1, 3, 7, 8], [4, 5, 2, 3, 3, 6, 6, 7, 7, 8, 1, 3], [4, 5, 2, 6, 1, 2, 2, 3, 6, 7, 7, 8], [4, 5, 2, 6, 1, 2, 6, 7, 2, 3, 7, 8], [4, 5, 2, 6, 1, 2, 6, 7, 7, 8, 2, 3], [4, 5, 2, 6, 6, 7, 1, 2, 2, 3, 7, 8], [4, 5, 2, 6, 6, 7, 1, 2, 7, 8, 2, 3], [4, 5, 2, 6, 6, 7, 7, 8, 1, 2, 2, 3]], 
     table([(0)=[{10}, {}, {}],(1)=[{7}, {[3, 7, 10]}, {}],(2)=[{8, 14}, {[2, 7, 14], [4, 7, 8]}, {}],(3)=[{9, 11, 15}, {[2, 8, 15], [3, 11, 14], [5, 8, 9]}, {}],(4)=[{1, 12, 16, 17}, {[2, 1, 11], [2, 9, 16], [3, 15, 17], [4, 11, 12], [4, 15, 17], [5, 15, 16]}, {}],(5)=[{2, 13, 18}, {[2, 2, 12], [3, 16, 18], [4, 1, 2], [5, 12, 13]}, {}],(6)=[{3, 4, 19}, {[2, 3, 13], [3, 2, 4], [4, 18, 19], [5, 2, 3], [5, 18, 19]}, {}],(7)=[{5}, {[3, 3, 5], [5, 4, 5]}, {}],(8)=[{6}, {[4, 5, 6]}, {}]]) ], 

#################################################################
### The symmetric function = s[3, 1, 1, 1] + s[2, 2, 1, 1]   has 9 graph isomorphism types.

  [ [[3, 4, 5], [2, 4, 5], [2, 3, 4], [2, 3, 5], [1, 3, 4, 5], [2, 4, 5], [2, 3, 5], [2, 3, 4], [1, 4, 5], [1, 3, 4], [1, 3, 5], [1, 2, 4, 5], [1, 3, 5], [1, 3, 4], [1, 2, 4], [1, 2, 5], [1, 2, 3, 5], [1, 2, 3], [1, 2, 4]], 
     {[2, 2, 9], [2, 3, 10], [2, 4, 11], [2, 5, 6], [2, 7, 13], [2, 8, 14], [3, 1, 2], [3, 5, 6], [3, 10, 15], [3, 11, 16], [3, 12, 13], [3, 14, 19], [4, 2, 4], [4, 6, 7], [4, 9, 11], [4, 12, 13], [4, 15, 17], [4, 18, 19], [5, 3, 4], [5, 7, 8], [5, 10, 11], [5, 13, 14], [5, 15, 16], [5, 17, 19]}, 
     [[1, 2, 3, 4, 6, 9, 7, 8, 2, 6, 4, 5], [1, 2, 6, 9, 3, 4, 7, 8, 2, 6, 4, 5], [1, 2, 6, 9, 7, 8, 2, 6, 3, 4, 4, 5], [1, 2, 6, 9, 7, 8, 3, 4, 2, 6, 4, 5], [3, 4, 1, 2, 6, 9, 7, 8, 2, 6, 4, 5], [3, 4, 6, 9, 1, 2, 7, 8, 2, 6, 4, 5], [3, 4, 6, 9, 7, 8, 1, 2, 2, 6, 4, 5], [3, 4, 6, 9, 7, 8, 4, 5, 1, 2, 2, 6], [6, 9, 1, 2, 3, 4, 7, 8, 2, 6, 4, 5], [6, 9, 1, 2, 7, 8, 2, 6, 3, 4, 4, 5], [6, 9, 1, 2, 7, 8, 3, 4, 2, 6, 4, 5], [6, 9, 3, 4, 1, 2, 7, 8, 2, 6, 4, 5], [6, 9, 3, 4, 7, 8, 1, 2, 2, 6, 4, 5], [6, 9, 3, 4, 7, 8, 4, 5, 1, 2, 2, 6], [6, 9, 7, 8, 1, 2, 2, 6, 3, 4, 4, 5], [6, 9, 7, 8, 1, 2, 3, 4, 2, 6, 4, 5], [6, 9, 7, 8, 3, 4, 1, 2, 2, 6, 4, 5], [6, 9, 7, 8, 3, 4, 1, 2, 4, 5, 2, 6], [6, 9, 7, 8, 3, 4, 4, 5, 1, 2, 2, 6]], 
     table([(0)=[{18}, {}, {}],(1)=[{19}, {[4, 18, 19]}, {}],(2)=[{14, 17}, {[3, 14, 19], [5, 17, 19]}, {}],(3)=[{8, 13, 15}, {[2, 8, 14], [4, 15, 17], [5, 13, 14]}, {}],(4)=[{7, 10, 12, 16}, {[2, 7, 13], [3, 10, 15], [3, 12, 13], [4, 12, 13], [5, 7, 8], [5, 15, 16]}, {}],(5)=[{3, 6, 11}, {[2, 3, 10], [3, 11, 16], [4, 6, 7], [5, 10, 11]}, {}],(6)=[{4, 5, 9}, {[2, 4, 11], [2, 5, 6], [3, 5, 6], [4, 9, 11], [5, 3, 4]}, {}],(7)=[{2}, {[2, 2, 9], [4, 2, 4]}, {}],(8)=[{1}, {[3, 1, 2]}, {}]]) ], 

  [ [[3, 4, 5], [2, 3, 4], [2, 3, 5], [2, 4, 5], [1, 3, 4, 5], [2, 4, 5], [2, 3, 5], [2, 3, 4], [1, 3, 4], [1, 3, 5], [1, 4, 5], [1, 2, 4], [1, 2, 4, 5], [1, 2, 5], [1, 2, 3, 5], [1, 2, 3], [1, 2, 4], [1, 3, 5], [1, 3, 4]], 
     {[2, 2, 9], [2, 3, 10], [2, 4, 11], [2, 5, 6], [2, 7, 18], [2, 8, 19], [3, 1, 4], [3, 5, 6], [3, 9, 12], [3, 10, 13], [3, 14, 18], [3, 17, 19], [4, 3, 4], [4, 6, 7], [4, 10, 11], [4, 12, 15], [4, 13, 18], [4, 16, 17], [5, 2, 3], [5, 7, 8], [5, 9, 10], [5, 12, 14], [5, 15, 17], [5, 18, 19]}, 
     [[1, 3, 4, 5, 7, 8, 3, 7, 5, 6, 2, 3], [1, 3, 7, 8, 3, 7, 4, 5, 2, 3, 5, 6], [1, 3, 7, 8, 3, 7, 4, 5, 5, 6, 2, 3], [1, 3, 7, 8, 4, 5, 3, 7, 5, 6, 2, 3], [4, 5, 1, 3, 7, 8, 3, 7, 5, 6, 2, 3], [4, 5, 7, 8, 1, 3, 3, 7, 5, 6, 2, 3], [4, 5, 7, 8, 5, 6, 1, 3, 3, 7, 2, 3], [4, 5, 7, 8, 5, 6, 2, 3, 1, 2, 2, 7], [7, 8, 1, 3, 3, 7, 4, 5, 2, 3, 5, 6], [7, 8, 1, 3, 3, 7, 4, 5, 5, 6, 2, 3], [7, 8, 1, 3, 4, 5, 3, 7, 5, 6, 2, 3], [7, 8, 4, 5, 1, 3, 3, 7, 2, 3, 5, 6], [7, 8, 4, 5, 1, 3, 3, 7, 5, 6, 2, 3], [7, 8, 4, 5, 1, 3, 5, 6, 3, 7, 2, 3], [7, 8, 4, 5, 2, 3, 1, 2, 2, 7, 5, 6], [7, 8, 4, 5, 2, 3, 1, 2, 5, 6, 2, 7], [7, 8, 4, 5, 2, 3, 5, 6, 1, 2, 2, 7], [7, 8, 4, 5, 5, 6, 1, 3, 3, 7, 2, 3], [7, 8, 4, 5, 5, 6, 2, 3, 1, 2, 2, 7]], 
     table([(0)=[{16}, {}, {}],(1)=[{17}, {[4, 16, 17]}, {}],(2)=[{15, 19}, {[3, 17, 19], [5, 15, 17]}, {}],(3)=[{8, 12, 18}, {[2, 8, 19], [4, 12, 15], [5, 18, 19]}, {}],(4)=[{7, 9, 13, 14}, {[2, 7, 18], [3, 9, 12], [3, 14, 18], [4, 13, 18], [5, 7, 8], [5, 12, 14]}, {}],(5)=[{2, 6, 10}, {[2, 2, 9], [3, 10, 13], [4, 6, 7], [5, 9, 10]}, {}],(6)=[{3, 5, 11}, {[2, 3, 10], [2, 5, 6], [3, 5, 6], [4, 10, 11], [5, 2, 3]}, {}],(7)=[{4}, {[2, 4, 11], [4, 3, 4]}, {}],(8)=[{1}, {[3, 1, 4]}, {}]]) ], 

  [ [[2, 3, 4], [2, 3, 5], [2, 4, 5], [3, 4, 5], [1, 3, 4], [1, 3, 5], [1, 3, 4, 5], [1, 4, 5], [1, 2, 4], [1, 2, 4, 5], [1, 2, 5], [1, 2, 3, 5], [1, 2, 3], [1, 2, 4], [1, 3, 5], [1, 3, 4], [2, 4, 5], [2, 3, 5], [2, 3, 4]], 
     {[2, 1, 5], [2, 2, 6], [2, 3, 7], [2, 8, 17], [2, 15, 18], [2, 16, 19], [3, 3, 4], [3, 5, 9], [3, 6, 10], [3, 7, 17], [3, 11, 15], [3, 14, 16], [4, 2, 3], [4, 6, 8], [4, 9, 12], [4, 10, 15], [4, 13, 14], [4, 17, 18], [5, 1, 2], [5, 5, 6], [5, 9, 11], [5, 12, 14], [5, 15, 16], [5, 18, 19]}, 
     [[1, 4, 4, 8, 5, 6, 3, 4, 2, 3, 6, 7], [1, 4, 4, 8, 5, 6, 3, 4, 6, 7, 2, 3], [1, 4, 4, 8, 5, 6, 6, 7, 3, 4, 2, 3], [1, 4, 5, 6, 4, 8, 6, 7, 3, 4, 2, 3], [5, 6, 1, 4, 4, 8, 3, 4, 2, 3, 6, 7], [5, 6, 1, 4, 4, 8, 3, 4, 6, 7, 2, 3], [5, 6, 1, 4, 4, 8, 6, 7, 3, 4, 2, 3], [5, 6, 1, 4, 6, 7, 4, 8, 3, 4, 2, 3], [5, 6, 3, 4, 1, 3, 3, 8, 2, 3, 6, 7], [5, 6, 3, 4, 1, 3, 3, 8, 6, 7, 2, 3], [5, 6, 3, 4, 1, 3, 6, 7, 3, 8, 2, 3], [5, 6, 3, 4, 2, 3, 1, 2, 2, 8, 6, 7], [5, 6, 3, 4, 2, 3, 1, 2, 6, 7, 2, 8], [5, 6, 3, 4, 2, 3, 6, 7, 1, 2, 2, 8], [5, 6, 3, 4, 6, 7, 1, 3, 3, 8, 2, 3], [5, 6, 3, 4, 6, 7, 2, 3, 1, 2, 2, 8], [5, 6, 6, 7, 1, 4, 4, 8, 3, 4, 2, 3], [5, 6, 6, 7, 3, 4, 1, 3, 3, 8, 2, 3], [5, 6, 6, 7, 3, 4, 2, 3, 1, 2, 2, 8]], 
     table([(0)=[{13}, {}, {}],(1)=[{14}, {[4, 13, 14]}, {}],(2)=[{12, 16}, {[3, 14, 16], [5, 12, 14]}, {}],(3)=[{9, 15, 19}, {[2, 16, 19], [4, 9, 12], [5, 15, 16]}, {}],(4)=[{5, 10, 11, 18}, {[2, 15, 18], [3, 5, 9], [3, 11, 15], [4, 10, 15], [5, 9, 11], [5, 18, 19]}, {}],(5)=[{1, 6, 17}, {[2, 1, 5], [3, 6, 10], [4, 17, 18], [5, 5, 6]}, {}],(6)=[{2, 7, 8}, {[2, 2, 6], [2, 8, 17], [3, 7, 17], [4, 6, 8], [5, 1, 2]}, {}],(7)=[{3}, {[2, 3, 7], [4, 2, 3]}, {}],(8)=[{4}, {[3, 3, 4]}, {}]]) ], 

  [ [[3, 4, 5], [2, 3, 4], [2, 3, 5], [2, 4, 5], [1, 3, 4, 5], [2, 4, 5], [2, 3, 4], [2, 3, 5], [1, 3, 4], [1, 3, 5], [1, 4, 5], [1, 2, 3, 5], [1, 2, 3], [1, 2, 4], [1, 2, 4, 5], [1, 2, 4], [1, 2, 5], [1, 3, 4], [1, 3, 5]], 
     {[2, 2, 9], [2, 3, 10], [2, 4, 11], [2, 5, 6], [2, 7, 18], [2, 8, 19], [3, 1, 4], [3, 5, 6], [3, 9, 14], [3, 10, 15], [3, 16, 18], [3, 17, 19], [4, 3, 4], [4, 6, 8], [4, 10, 11], [4, 12, 14], [4, 13, 16], [4, 15, 19], [5, 2, 3], [5, 7, 8], [5, 9, 10], [5, 12, 14], [5, 16, 17], [5, 18, 19]}, 
     [[1, 4, 5, 6, 8, 9, 4, 8, 6, 7, 2, 3], [1, 4, 8, 9, 4, 8, 5, 6, 2, 3, 6, 7], [1, 4, 8, 9, 4, 8, 5, 6, 6, 7, 2, 3], [1, 4, 8, 9, 5, 6, 4, 8, 6, 7, 2, 3], [5, 6, 1, 4, 8, 9, 4, 8, 6, 7, 2, 3], [5, 6, 8, 9, 1, 4, 4, 8, 6, 7, 2, 3], [5, 6, 8, 9, 6, 7, 1, 4, 2, 3, 4, 8], [5, 6, 8, 9, 6, 7, 1, 4, 4, 8, 2, 3], [8, 9, 1, 4, 4, 8, 5, 6, 2, 3, 6, 7], [8, 9, 1, 4, 4, 8, 5, 6, 6, 7, 2, 3], [8, 9, 1, 4, 5, 6, 4, 8, 6, 7, 2, 3], [8, 9, 5, 6, 1, 4, 2, 3, 4, 8, 6, 7], [8, 9, 5, 6, 1, 4, 2, 3, 6, 7, 4, 8], [8, 9, 5, 6, 1, 4, 4, 8, 2, 3, 6, 7], [8, 9, 5, 6, 1, 4, 4, 8, 6, 7, 2, 3], [8, 9, 5, 6, 1, 4, 6, 7, 2, 3, 4, 8], [8, 9, 5, 6, 1, 4, 6, 7, 4, 8, 2, 3], [8, 9, 5, 6, 6, 7, 1, 4, 2, 3, 4, 8], [8, 9, 5, 6, 6, 7, 1, 4, 4, 8, 2, 3]], 
     table([(0)=[{13}, {}, {}],(1)=[{16}, {[4, 13, 16]}, {}],(2)=[{17, 18}, {[3, 16, 18], [5, 16, 17]}, {}],(3)=[{7, 19}, {[2, 7, 18], [3, 17, 19], [5, 18, 19]}, {}],(4)=[{8, 15}, {[2, 8, 19], [4, 15, 19], [5, 7, 8]}, {}],(5)=[{6, 10}, {[3, 10, 15], [4, 6, 8]}, {}],(6)=[{3, 5, 9, 11}, {[2, 3, 10], [2, 5, 6], [3, 5, 6], [4, 10, 11], [5, 9, 10]}, {}],(7)=[{2, 4, 14}, {[2, 2, 9], [2, 4, 11], [3, 9, 14], [4, 3, 4], [5, 2, 3]}, {}],(8)=[{1, 12}, {[3, 1, 4], [4, 12, 14], [5, 12, 14]}, {}]]) ], 

  [ [[1, 3, 4, 5], [2, 4, 5], [2, 3, 5], [2, 3, 4], [3, 4, 5], [2, 4, 5], [2, 3, 5], [2, 3, 4], [1, 2, 4, 5], [1, 3, 5], [1, 3, 4], [1, 4, 5], [1, 3, 5], [1, 3, 4], [1, 2, 5], [1, 2, 4], [1, 2, 3, 5], [1, 2, 3], [1, 2, 4]], 
     {[2, 1, 2], [2, 3, 10], [2, 4, 11], [2, 6, 12], [2, 7, 13], [2, 8, 14], [3, 1, 2], [3, 5, 6], [3, 9, 10], [3, 11, 16], [3, 13, 15], [3, 14, 19], [4, 2, 3], [4, 6, 7], [4, 9, 10], [4, 12, 13], [4, 16, 17], [4, 18, 19], [5, 3, 4], [5, 7, 8], [5, 10, 11], [5, 13, 14], [5, 15, 16], [5, 17, 19]}, 
     [[1, 5, 3, 4, 5, 8, 6, 7, 4, 5, 2, 4], [1, 5, 5, 8, 3, 4, 6, 7, 4, 5, 2, 4], [1, 5, 5, 8, 6, 7, 3, 4, 4, 5, 2, 4], [1, 5, 5, 8, 6, 7, 3, 5, 2, 3, 3, 4], [3, 4, 1, 5, 5, 8, 6, 7, 4, 5, 2, 4], [3, 4, 6, 7, 1, 5, 5, 8, 4, 5, 2, 4], [3, 4, 6, 7, 4, 5, 1, 4, 4, 8, 2, 4], [3, 4, 6, 7, 4, 5, 2, 4, 1, 2, 2, 8], [6, 7, 1, 5, 3, 4, 5, 8, 4, 5, 2, 4], [6, 7, 1, 5, 5, 8, 3, 4, 4, 5, 2, 4], [6, 7, 1, 5, 5, 8, 3, 5, 2, 3, 3, 4], [6, 7, 3, 4, 1, 5, 5, 8, 4, 5, 2, 4], [6, 7, 3, 4, 4, 5, 1, 4, 4, 8, 2, 4], [6, 7, 3, 4, 4, 5, 2, 4, 1, 2, 2, 8], [6, 7, 3, 5, 1, 3, 3, 4, 4, 8, 2, 4], [6, 7, 3, 5, 1, 3, 3, 8, 2, 3, 3, 4], [6, 7, 3, 5, 2, 3, 1, 2, 2, 8, 3, 4], [6, 7, 3, 5, 2, 3, 1, 2, 3, 4, 2, 8], [6, 7, 3, 5, 2, 3, 3, 4, 1, 2, 2, 8]], 
     table([(0)=[{18}, {}, {}],(1)=[{19}, {[4, 18, 19]}, {}],(2)=[{14, 17}, {[3, 14, 19], [5, 17, 19]}, {}],(3)=[{8, 13, 16}, {[2, 8, 14], [4, 16, 17], [5, 13, 14]}, {}],(4)=[{7, 11, 12, 15}, {[2, 7, 13], [3, 11, 16], [3, 13, 15], [4, 12, 13], [5, 7, 8], [5, 15, 16]}, {}],(5)=[{4, 6, 10}, {[2, 4, 11], [2, 6, 12], [4, 6, 7], [5, 10, 11]}, {}],(6)=[{3, 5, 9}, {[2, 3, 10], [3, 5, 6], [3, 9, 10], [4, 9, 10], [5, 3, 4]}, {}],(7)=[{2}, {[4, 2, 3]}, {}],(8)=[{1}, {[2, 1, 2], [3, 1, 2]}, {}]]) ], 

  [ [[2, 3, 4], [2, 3, 5], [2, 4, 5], [3, 4, 5], [1, 2, 3, 5], [1, 2, 3], [1, 2, 4], [1, 2, 4, 5], [1, 2, 4], [1, 2, 5], [1, 3, 4], [1, 3, 5], [1, 3, 4, 5], [1, 3, 4], [1, 3, 5], [1, 4, 5], [2, 3, 4], [2, 3, 5], [2, 4, 5]], 
     {[2, 1, 11], [2, 2, 12], [2, 3, 13], [2, 14, 17], [2, 15, 18], [2, 16, 19], [3, 3, 4], [3, 7, 11], [3, 8, 12], [3, 9, 14], [3, 10, 15], [3, 13, 19], [4, 2, 3], [4, 5, 7], [4, 6, 9], [4, 8, 12], [4, 15, 16], [4, 18, 19], [5, 1, 2], [5, 5, 7], [5, 9, 10], [5, 11, 12], [5, 14, 15], [5, 17, 18]}, 
     [[1, 5, 5, 9, 6, 7, 3, 4, 2, 3, 7, 8], [1, 5, 5, 9, 6, 7, 3, 4, 7, 8, 2, 3], [1, 5, 5, 9, 6, 7, 7, 8, 3, 4, 2, 3], [1, 5, 6, 7, 5, 9, 7, 8, 3, 4, 2, 3], [6, 7, 1, 5, 3, 4, 2, 3, 5, 9, 7, 8], [6, 7, 1, 5, 3, 4, 2, 3, 7, 8, 5, 9], [6, 7, 1, 5, 3, 4, 5, 9, 2, 3, 7, 8], [6, 7, 1, 5, 3, 4, 5, 9, 7, 8, 2, 3], [6, 7, 1, 5, 3, 4, 7, 8, 2, 3, 5, 9], [6, 7, 1, 5, 3, 4, 7, 8, 5, 9, 2, 3], [6, 7, 1, 5, 5, 9, 3, 4, 2, 3, 7, 8], [6, 7, 1, 5, 5, 9, 3, 4, 7, 8, 2, 3], [6, 7, 1, 5, 5, 9, 7, 8, 3, 4, 2, 3], [6, 7, 1, 5, 7, 8, 3, 4, 2, 3, 5, 9], [6, 7, 1, 5, 7, 8, 3, 4, 5, 9, 2, 3], [6, 7, 1, 5, 7, 8, 5, 9, 3, 4, 2, 3], [6, 7, 7, 8, 1, 5, 3, 4, 2, 3, 5, 9], [6, 7, 7, 8, 1, 5, 3, 4, 5, 9, 2, 3], [6, 7, 7, 8, 1, 5, 5, 9, 3, 4, 2, 3]], 
     table([(0)=[{6}, {}, {}],(1)=[{9}, {[4, 6, 9]}, {}],(2)=[{10, 14}, {[3, 9, 14], [5, 9, 10]}, {}],(3)=[{15, 17}, {[2, 14, 17], [3, 10, 15], [5, 14, 15]}, {}],(4)=[{16, 18}, {[2, 15, 18], [4, 15, 16], [5, 17, 18]}, {}],(5)=[{19}, {[2, 16, 19], [4, 18, 19]}, {}],(6)=[{13}, {[3, 13, 19]}, {}],(7)=[{3}, {[2, 3, 13]}, {}],(9)=[{1, 12}, {[2, 2, 12], [5, 1, 2]}, {}],(8)=[{2, 4}, {[3, 3, 4], [4, 2, 3]}, {}],(11)=[{7}, {[3, 7, 11]}, {}],(10)=[{8, 11}, {[2, 1, 11], [3, 8, 12], [4, 8, 12], [5, 11, 12]}, {}],(12)=[{5}, {[4, 5, 7], [5, 5, 7]}, {}]]) ], 

  [ [[2, 3, 4], [2, 3, 5], [2, 4, 5], [3, 4, 5], [1, 3, 4], [1, 3, 5], [1, 3, 4, 5], [1, 4, 5], [1, 2, 3, 5], [1, 2, 3], [1, 2, 4], [1, 2, 4, 5], [1, 2, 4], [1, 2, 5], [1, 3, 4], [1, 3, 5], [2, 4, 5], [2, 3, 4], [2, 3, 5]], 
     {[2, 1, 5], [2, 2, 6], [2, 3, 7], [2, 8, 17], [2, 15, 18], [2, 16, 19], [3, 3, 4], [3, 5, 11], [3, 6, 12], [3, 7, 17], [3, 13, 15], [3, 14, 16], [4, 2, 3], [4, 6, 8], [4, 9, 11], [4, 10, 13], [4, 12, 16], [4, 17, 19], [5, 1, 2], [5, 5, 6], [5, 9, 11], [5, 13, 14], [5, 15, 16], [5, 18, 19]}, 
     [[1, 5, 5, 9, 6, 7, 4, 5, 2, 3, 7, 8], [1, 5, 5, 9, 6, 7, 4, 5, 7, 8, 2, 3], [1, 5, 5, 9, 6, 7, 7, 8, 4, 5, 2, 3], [1, 5, 6, 7, 5, 9, 7, 8, 4, 5, 2, 3], [6, 7, 1, 5, 5, 9, 4, 5, 2, 3, 7, 8], [6, 7, 1, 5, 5, 9, 4, 5, 7, 8, 2, 3], [6, 7, 1, 5, 5, 9, 7, 8, 4, 5, 2, 3], [6, 7, 1, 5, 7, 8, 5, 9, 4, 5, 2, 3], [6, 7, 4, 5, 1, 4, 2, 3, 4, 9, 7, 8], [6, 7, 4, 5, 1, 4, 2, 3, 7, 8, 4, 9], [6, 7, 4, 5, 1, 4, 4, 9, 2, 3, 7, 8], [6, 7, 4, 5, 1, 4, 4, 9, 7, 8, 2, 3], [6, 7, 4, 5, 1, 4, 7, 8, 2, 3, 4, 9], [6, 7, 4, 5, 1, 4, 7, 8, 4, 9, 2, 3], [6, 7, 4, 5, 7, 8, 1, 4, 2, 3, 4, 9], [6, 7, 4, 5, 7, 8, 1, 4, 4, 9, 2, 3], [6, 7, 7, 8, 1, 5, 5, 9, 4, 5, 2, 3], [6, 7, 7, 8, 4, 5, 1, 4, 2, 3, 4, 9], [6, 7, 7, 8, 4, 5, 1, 4, 4, 9, 2, 3]], 
     table([(0)=[{10}, {}, {}],(1)=[{13}, {[4, 10, 13]}, {}],(2)=[{14, 15}, {[3, 13, 15], [5, 13, 14]}, {}],(3)=[{16, 18}, {[2, 15, 18], [3, 14, 16], [5, 15, 16]}, {}],(4)=[{12, 19}, {[2, 16, 19], [4, 12, 16], [5, 18, 19]}, {}],(5)=[{6, 17}, {[3, 6, 12], [4, 17, 19]}, {}],(6)=[{2, 5, 7, 8}, {[2, 2, 6], [2, 8, 17], [3, 7, 17], [4, 6, 8], [5, 5, 6]}, {}],(7)=[{1, 3, 11}, {[2, 1, 5], [2, 3, 7], [3, 5, 11], [4, 2, 3], [5, 1, 2]}, {}],(8)=[{4, 9}, {[3, 3, 4], [4, 9, 11], [5, 9, 11]}, {}]]) ], 

  [ [[1, 3, 4, 5], [2, 4, 5], [2, 3, 4], [2, 3, 5], [3, 4, 5], [2, 4, 5], [2, 3, 5], [2, 3, 4], [1, 4, 5], [1, 3, 4], [1, 3, 5], [1, 2, 4], [1, 2, 4, 5], [1, 2, 5], [1, 2, 3, 5], [1, 2, 3], [1, 2, 4], [1, 3, 5], [1, 3, 4]], 
     {[2, 1, 2], [2, 3, 10], [2, 4, 11], [2, 6, 9], [2, 7, 18], [2, 8, 19], [3, 1, 2], [3, 5, 6], [3, 10, 12], [3, 11, 13], [3, 14, 18], [3, 17, 19], [4, 2, 4], [4, 6, 7], [4, 9, 11], [4, 12, 15], [4, 13, 18], [4, 16, 17], [5, 3, 4], [5, 7, 8], [5, 10, 11], [5, 12, 14], [5, 15, 17], [5, 18, 19]}, 
     [[1, 6, 4, 5, 6, 7, 5, 6, 3, 5, 2, 3], [1, 6, 6, 7, 4, 5, 5, 6, 3, 5, 2, 3], [1, 6, 6, 7, 4, 6, 3, 4, 2, 3, 4, 5], [1, 6, 6, 7, 4, 6, 3, 4, 4, 5, 2, 3], [4, 5, 1, 6, 6, 7, 5, 6, 3, 5, 2, 3], [4, 5, 5, 6, 1, 5, 5, 7, 3, 5, 2, 3], [4, 5, 5, 6, 3, 5, 1, 3, 3, 7, 2, 3], [4, 5, 5, 6, 3, 5, 2, 3, 1, 2, 2, 7], [4, 6, 1, 4, 4, 5, 5, 7, 3, 5, 2, 3], [4, 6, 1, 4, 4, 7, 3, 4, 2, 3, 4, 5], [4, 6, 1, 4, 4, 7, 3, 4, 4, 5, 2, 3], [4, 6, 3, 4, 1, 3, 3, 7, 2, 3, 4, 5], [4, 6, 3, 4, 1, 3, 3, 7, 4, 5, 2, 3], [4, 6, 3, 4, 1, 3, 4, 5, 3, 7, 2, 3], [4, 6, 3, 4, 2, 3, 1, 2, 2, 7, 4, 5], [4, 6, 3, 4, 2, 3, 1, 2, 4, 5, 2, 7], [4, 6, 3, 4, 2, 3, 4, 5, 1, 2, 2, 7], [4, 6, 3, 4, 4, 5, 1, 3, 3, 7, 2, 3], [4, 6, 3, 4, 4, 5, 2, 3, 1, 2, 2, 7]], 
     table([(0)=[{16}, {}, {}],(1)=[{17}, {[4, 16, 17]}, {}],(2)=[{15, 19}, {[3, 17, 19], [5, 15, 17]}, {}],(3)=[{8, 12, 18}, {[2, 8, 19], [4, 12, 15], [5, 18, 19]}, {}],(4)=[{7, 10, 13, 14}, {[2, 7, 18], [3, 10, 12], [3, 14, 18], [4, 13, 18], [5, 7, 8], [5, 12, 14]}, {}],(5)=[{3, 6, 11}, {[2, 3, 10], [3, 11, 13], [4, 6, 7], [5, 10, 11]}, {}],(6)=[{4, 5, 9}, {[2, 4, 11], [2, 6, 9], [3, 5, 6], [4, 9, 11], [5, 3, 4]}, {}],(7)=[{2}, {[4, 2, 4]}, {}],(8)=[{1}, {[2, 1, 2], [3, 1, 2]}, {}]]) ], 

  [ [[1, 3, 4, 5], [2, 4, 5], [2, 3, 4], [2, 3, 5], [3, 4, 5], [2, 4, 5], [2, 3, 4], [2, 3, 5], [1, 4, 5], [1, 3, 4], [1, 3, 5], [1, 2, 3, 5], [1, 2, 3], [1, 2, 4], [1, 2, 4, 5], [1, 2, 4], [1, 2, 5], [1, 3, 4], [1, 3, 5]], 
     {[2, 1, 2], [2, 3, 10], [2, 4, 11], [2, 6, 9], [2, 7, 18], [2, 8, 19], [3, 1, 2], [3, 5, 6], [3, 10, 14], [3, 11, 15], [3, 16, 18], [3, 17, 19], [4, 2, 4], [4, 6, 8], [4, 9, 11], [4, 12, 14], [4, 13, 16], [4, 15, 19], [5, 3, 4], [5, 7, 8], [5, 10, 11], [5, 12, 14], [5, 16, 17], [5, 18, 19]}, 
     [[1, 7, 5, 6, 7, 8, 6, 7, 4, 6, 2, 3], [1, 7, 7, 8, 5, 6, 6, 7, 4, 6, 2, 3], [1, 7, 7, 8, 5, 7, 4, 5, 2, 3, 5, 6], [1, 7, 7, 8, 5, 7, 4, 5, 5, 6, 2, 3], [5, 6, 1, 7, 7, 8, 6, 7, 4, 6, 2, 3], [5, 6, 6, 7, 1, 6, 6, 8, 4, 6, 2, 3], [5, 6, 6, 7, 4, 6, 1, 4, 2, 3, 4, 8], [5, 6, 6, 7, 4, 6, 1, 4, 4, 8, 2, 3], [5, 7, 1, 5, 5, 6, 6, 8, 4, 6, 2, 3], [5, 7, 1, 5, 5, 8, 4, 5, 2, 3, 5, 6], [5, 7, 1, 5, 5, 8, 4, 5, 5, 6, 2, 3], [5, 7, 4, 5, 1, 4, 2, 3, 4, 8, 5, 6], [5, 7, 4, 5, 1, 4, 2, 3, 5, 6, 4, 8], [5, 7, 4, 5, 1, 4, 4, 8, 2, 3, 5, 6], [5, 7, 4, 5, 1, 4, 4, 8, 5, 6, 2, 3], [5, 7, 4, 5, 1, 4, 5, 6, 2, 3, 4, 8], [5, 7, 4, 5, 1, 4, 5, 6, 4, 8, 2, 3], [5, 7, 4, 5, 5, 6, 1, 4, 2, 3, 4, 8], [5, 7, 4, 5, 5, 6, 1, 4, 4, 8, 2, 3]], 
     table([(0)=[{13}, {}, {}],(1)=[{16}, {[4, 13, 16]}, {}],(2)=[{17, 18}, {[3, 16, 18], [5, 16, 17]}, {}],(3)=[{7, 19}, {[2, 7, 18], [3, 17, 19], [5, 18, 19]}, {}],(4)=[{8, 15}, {[2, 8, 19], [4, 15, 19], [5, 7, 8]}, {}],(5)=[{6, 11}, {[3, 11, 15], [4, 6, 8]}, {}],(6)=[{4, 5, 9, 10}, {[2, 4, 11], [2, 6, 9], [3, 5, 6], [4, 9, 11], [5, 10, 11]}, {}],(7)=[{2, 3, 14}, {[2, 3, 10], [3, 10, 14], [4, 2, 4], [5, 3, 4]}, {}],(8)=[{1, 12}, {[2, 1, 2], [3, 1, 2], [4, 12, 14], [5, 12, 14]}, {}]]) ], 

 NULL]:
