Isomorphism_Classes[6,21]:=[

#################################################################
### The symmetric function = s[3, 3] + s[3, 2, 1]   has 5 graph isomorphism types.

  [ [[1, 4, 5], [1, 3, 5], [1, 3, 4], [1, 3, 5], [1, 4], [2, 4, 5], [3, 5], [3, 4], [2, 5], [2, 4], [2, 3], [2, 5], [2, 4], [2, 3, 5], [2, 4], [3], [1, 2, 5], [1, 2, 4], [1, 3, 5], [1, 4], [1, 3]], 
     {[2, 1, 6], [2, 2, 9], [2, 3, 10], [2, 4, 12], [2, 5, 13], [2, 11, 21], [2, 14, 19], [2, 15, 20], [3, 2, 9], [3, 3, 10], [3, 4, 12], [3, 6, 7], [3, 8, 15], [3, 13, 16], [3, 17, 19], [3, 18, 21], [4, 1, 4], [4, 2, 5], [4, 6, 7], [4, 10, 11], [4, 13, 16], [4, 14, 15], [4, 18, 21], [4, 19, 20], [5, 2, 3], [5, 4, 5], [5, 7, 8], [5, 9, 10], [5, 12, 13], [5, 14, 15], [5, 17, 18], [5, 19, 20]}, 
     [[1, 4, 2, 3, 4, 5, 5, 8, 6, 7, 3, 5], [1, 4, 2, 3, 4, 8, 3, 4, 6, 7, 4, 5], [1, 4, 2, 3, 4, 8, 6, 7, 3, 4, 4, 5], [1, 4, 2, 3, 6, 7, 4, 5, 5, 8, 3, 5], [1, 4, 2, 3, 6, 7, 4, 8, 3, 4, 4, 5], [1, 4, 4, 5, 2, 3, 5, 8, 6, 7, 3, 5], [1, 4, 4, 5, 5, 8, 2, 3, 6, 7, 3, 5], [1, 4, 4, 5, 5, 8, 6, 7, 2, 3, 3, 5], [1, 4, 4, 8, 2, 3, 3, 4, 6, 7, 4, 5], [1, 4, 4, 8, 2, 3, 6, 7, 3, 4, 4, 5], [1, 4, 4, 8, 6, 7, 2, 3, 3, 4, 4, 5], [1, 4, 6, 7, 2, 3, 4, 5, 5, 8, 3, 5], [1, 4, 6, 7, 2, 3, 4, 8, 3, 4, 4, 5], [1, 4, 6, 7, 4, 5, 2, 3, 5, 8, 3, 5], [1, 4, 6, 7, 4, 5, 5, 8, 2, 3, 3, 5], [1, 4, 6, 7, 4, 8, 2, 3, 3, 4, 4, 5], [6, 7, 1, 4, 2, 3, 4, 5, 5, 8, 3, 5], [6, 7, 1, 4, 2, 3, 4, 8, 3, 4, 4, 5], [6, 7, 1, 4, 4, 5, 2, 3, 5, 8, 3, 5], [6, 7, 1, 4, 4, 5, 5, 8, 2, 3, 3, 5], [6, 7, 1, 4, 4, 8, 2, 3, 3, 4, 4, 5]], 
     table([(0)=[{18}, {}, {}],(1)=[{17, 21}, {[3, 18, 21], [4, 18, 21], [5, 17, 18]}, {}],(2)=[{11, 19}, {[2, 11, 21], [3, 17, 19]}, {}],(3)=[{10, 14, 20}, {[2, 14, 19], [4, 10, 11], [4, 19, 20], [5, 19, 20]}, {}],(4)=[{3, 9, 15}, {[2, 3, 10], [2, 15, 20], [3, 3, 10], [4, 14, 15], [5, 9, 10], [5, 14, 15]}, {}],(5)=[{2, 8}, {[2, 2, 9], [3, 2, 9], [3, 8, 15], [5, 2, 3]}, {}],(6)=[{5, 7}, {[4, 2, 5], [5, 7, 8]}, {}],(7)=[{4, 6, 13}, {[2, 5, 13], [3, 6, 7], [4, 6, 7], [5, 4, 5]}, {}],(8)=[{1, 12, 16}, {[2, 1, 6], [2, 4, 12], [3, 4, 12], [3, 13, 16], [4, 1, 4], [4, 13, 16], [5, 12, 13]}, {}]]) ], 

  [ [[2, 4, 5], [2, 3, 5], [2, 4], [3, 5], [3, 4], [1, 4, 5], [1, 3, 5], [1, 4], [1, 3, 5], [1, 3, 4], [1, 2, 5], [1, 2, 4], [1, 3], [2, 5], [2, 4], [2, 3], [1, 3, 5], [1, 4], [2, 5], [2, 4], [3]], 
     {[2, 1, 6], [2, 2, 17], [2, 3, 18], [2, 7, 19], [2, 8, 20], [2, 9, 14], [2, 10, 15], [2, 13, 16], [3, 1, 4], [3, 3, 5], [3, 7, 11], [3, 9, 14], [3, 10, 15], [3, 12, 13], [3, 17, 19], [3, 20, 21], [4, 1, 4], [4, 2, 3], [4, 6, 9], [4, 7, 8], [4, 12, 13], [4, 15, 16], [4, 17, 18], [4, 20, 21], [5, 2, 3], [5, 4, 5], [5, 7, 8], [5, 9, 10], [5, 11, 12], [5, 14, 15], [5, 17, 18], [5, 19, 20]}, 
     [[2, 3, 3, 6, 1, 3, 6, 7, 3, 6, 4, 5], [2, 3, 3, 6, 4, 5, 1, 3, 6, 7, 3, 6], [2, 3, 3, 6, 4, 5, 6, 7, 1, 3, 3, 6], [2, 3, 3, 6, 6, 7, 1, 3, 3, 6, 4, 5], [2, 3, 3, 6, 6, 7, 4, 5, 1, 3, 3, 6], [2, 6, 1, 2, 2, 3, 6, 7, 3, 6, 4, 5], [2, 6, 1, 2, 4, 5, 2, 3, 6, 7, 3, 6], [2, 6, 1, 2, 4, 5, 6, 7, 2, 3, 3, 6], [2, 6, 1, 2, 6, 7, 2, 3, 3, 6, 4, 5], [2, 6, 1, 2, 6, 7, 4, 5, 2, 3, 3, 6], [2, 6, 4, 5, 1, 2, 2, 3, 6, 7, 3, 6], [2, 6, 4, 5, 1, 2, 6, 7, 2, 3, 3, 6], [2, 6, 4, 5, 6, 7, 1, 2, 2, 3, 3, 6], [2, 6, 6, 7, 1, 2, 2, 3, 3, 6, 4, 5], [2, 6, 6, 7, 1, 2, 4, 5, 2, 3, 3, 6], [2, 6, 6, 7, 4, 5, 1, 2, 2, 3, 3, 6], [4, 5, 2, 3, 3, 6, 1, 3, 6, 7, 3, 6], [4, 5, 2, 3, 3, 6, 6, 7, 1, 3, 3, 6], [4, 5, 2, 6, 1, 2, 2, 3, 6, 7, 3, 6], [4, 5, 2, 6, 1, 2, 6, 7, 2, 3, 3, 6], [4, 5, 2, 6, 6, 7, 1, 2, 2, 3, 3, 6]], 
     table([(0)=[{12}, {}, {}],(1)=[{11, 13}, {[3, 12, 13], [4, 12, 13], [5, 11, 12]}, {}],(2)=[{7, 16}, {[2, 13, 16], [3, 7, 11]}, {}],(3)=[{8, 15, 19}, {[2, 7, 19], [4, 7, 8], [4, 15, 16], [5, 7, 8]}, {}],(4)=[{10, 14, 17, 20}, {[2, 8, 20], [2, 10, 15], [3, 10, 15], [3, 17, 19], [5, 14, 15], [5, 19, 20]}, {}],(5)=[{2, 9, 18, 21}, {[2, 2, 17], [2, 9, 14], [3, 9, 14], [3, 20, 21], [4, 17, 18], [4, 20, 21], [5, 9, 10], [5, 17, 18]}, {}],(6)=[{3, 6}, {[2, 3, 18], [4, 2, 3], [4, 6, 9], [5, 2, 3]}, {}],(7)=[{1, 5}, {[2, 1, 6], [3, 3, 5]}, {}],(8)=[{4}, {[3, 1, 4], [4, 1, 4], [5, 4, 5]}, {}]]) ], 

  [ [[2, 4, 5], [3, 5], [3, 4], [2, 3, 5], [2, 4], [1, 3, 5], [1, 4], [1, 2, 5], [1, 2, 4], [1, 3], [1, 4, 5], [1, 3, 5], [1, 3, 4], [1, 3, 5], [1, 4], [2, 5], [2, 4], [2, 3], [2, 5], [2, 4], [3]], 
     {[2, 1, 11], [2, 4, 12], [2, 5, 13], [2, 6, 16], [2, 7, 17], [2, 10, 18], [2, 14, 19], [2, 15, 20], [3, 1, 2], [3, 3, 5], [3, 6, 8], [3, 9, 10], [3, 12, 16], [3, 13, 20], [3, 14, 19], [3, 17, 21], [4, 1, 2], [4, 4, 5], [4, 6, 7], [4, 9, 10], [4, 11, 14], [4, 12, 15], [4, 17, 18], [4, 20, 21], [5, 2, 3], [5, 4, 5], [5, 6, 7], [5, 8, 9], [5, 12, 13], [5, 14, 15], [5, 16, 17], [5, 19, 20]}, 
     [[2, 4, 4, 5, 3, 4, 5, 6, 4, 5, 1, 4], [2, 4, 4, 5, 5, 6, 3, 4, 4, 5, 1, 4], [2, 4, 4, 5, 5, 6, 3, 5, 1, 3, 3, 4], [2, 4, 4, 6, 3, 4, 1, 3, 4, 5, 3, 4], [2, 4, 4, 6, 3, 4, 4, 5, 1, 3, 3, 4], [2, 6, 1, 2, 3, 4, 2, 3, 4, 5, 3, 4], [2, 6, 1, 2, 3, 4, 4, 5, 2, 3, 3, 4], [2, 6, 3, 4, 1, 2, 2, 3, 4, 5, 3, 4], [2, 6, 3, 4, 1, 2, 4, 5, 2, 3, 3, 4], [2, 6, 3, 4, 4, 5, 1, 2, 2, 3, 3, 4], [3, 4, 2, 3, 3, 5, 5, 6, 4, 5, 1, 4], [3, 4, 2, 3, 3, 6, 1, 3, 4, 5, 3, 4], [3, 4, 2, 3, 3, 6, 4, 5, 1, 3, 3, 4], [3, 4, 2, 3, 4, 5, 3, 4, 4, 6, 1, 4], [3, 4, 2, 3, 4, 5, 3, 6, 1, 3, 3, 4], [3, 4, 2, 6, 1, 2, 2, 3, 4, 5, 3, 4], [3, 4, 2, 6, 1, 2, 4, 5, 2, 3, 3, 4], [3, 4, 2, 6, 4, 5, 1, 2, 2, 3, 3, 4], [3, 4, 4, 5, 2, 3, 3, 4, 4, 6, 1, 4], [3, 4, 4, 5, 2, 3, 3, 6, 1, 3, 3, 4], [3, 4, 4, 5, 2, 6, 1, 2, 2, 3, 3, 4]], 
     table([(0)=[{9}, {}, {}],(1)=[{8, 10}, {[3, 9, 10], [4, 9, 10], [5, 8, 9]}, {}],(2)=[{6, 18}, {[2, 10, 18], [3, 6, 8]}, {}],(3)=[{7, 16, 17}, {[2, 6, 16], [4, 6, 7], [4, 17, 18], [5, 6, 7]}, {[2, 7, 17], [5, 16, 17]}],(4)=[{12, 21}, {[3, 12, 16], [3, 17, 21]}, {}],(5)=[{4, 13, 15, 20}, {[2, 4, 12], [4, 12, 15], [4, 20, 21], [5, 12, 13]}, {[2, 15, 20], [3, 13, 20]}],(6)=[{5, 14, 19}, {[2, 5, 13], [4, 4, 5], [5, 4, 5], [5, 14, 15], [5, 19, 20]}, {[2, 14, 19], [3, 14, 19]}],(7)=[{3, 11}, {[3, 3, 5], [4, 11, 14]}, {}],(8)=[{1, 2}, {[2, 1, 11], [5, 2, 3]}, {[3, 1, 2], [4, 1, 2]}]]) ], 

  [ [[1, 3, 5], [1, 4], [1, 2, 5], [1, 2, 4], [1, 3], [2, 5], [2, 4], [2, 3, 5], [2, 4], [2, 3], [1, 3, 5], [1, 3, 4], [1, 4], [1, 4, 5], [1, 3, 5], [3], [3, 4], [3, 5], [2, 4], [2, 4, 5], [2, 5]], 
     {[2, 1, 6], [2, 2, 7], [2, 5, 10], [2, 8, 11], [2, 9, 12], [2, 13, 19], [2, 14, 20], [2, 15, 21], [3, 1, 3], [3, 4, 5], [3, 6, 11], [3, 7, 16], [3, 9, 12], [3, 15, 21], [3, 17, 19], [3, 18, 20], [4, 1, 2], [4, 4, 5], [4, 7, 10], [4, 8, 9], [4, 11, 13], [4, 14, 15], [4, 16, 19], [4, 18, 20], [5, 1, 2], [5, 3, 4], [5, 6, 7], [5, 8, 9], [5, 11, 12], [5, 13, 15], [5, 17, 18], [5, 19, 21]}, 
     [[2, 7, 1, 2, 4, 5, 3, 4, 5, 6, 4, 5], [2, 7, 1, 2, 4, 5, 5, 6, 3, 4, 4, 5], [2, 7, 4, 5, 1, 2, 3, 4, 5, 6, 4, 5], [2, 7, 4, 5, 1, 2, 5, 6, 3, 4, 4, 5], [2, 7, 4, 5, 5, 6, 1, 2, 3, 4, 4, 5], [4, 5, 2, 7, 1, 2, 3, 4, 5, 6, 4, 5], [4, 5, 2, 7, 1, 2, 5, 6, 3, 4, 4, 5], [4, 5, 2, 7, 3, 4, 1, 2, 5, 6, 4, 5], [4, 5, 2, 7, 3, 4, 5, 6, 1, 2, 4, 5], [4, 5, 2, 7, 5, 6, 1, 2, 3, 4, 4, 5], [4, 5, 3, 4, 2, 7, 1, 2, 5, 6, 4, 5], [4, 5, 3, 4, 2, 7, 5, 6, 1, 2, 4, 5], [4, 5, 3, 4, 5, 6, 2, 7, 1, 2, 4, 5], [4, 5, 3, 4, 5, 6, 2, 7, 4, 5, 1, 2], [4, 5, 3, 4, 5, 6, 4, 5, 2, 7, 1, 2], [4, 5, 5, 6, 2, 7, 1, 2, 3, 4, 4, 5], [4, 5, 5, 6, 2, 7, 3, 4, 1, 2, 4, 5], [4, 5, 5, 6, 2, 7, 3, 4, 4, 5, 1, 2], [4, 5, 5, 6, 3, 4, 2, 7, 1, 2, 4, 5], [4, 5, 5, 6, 3, 4, 2, 7, 4, 5, 1, 2], [4, 5, 5, 6, 3, 4, 4, 5, 2, 7, 1, 2]], 
     table([(0)=[{4}, {}, {}],(1)=[{3, 5}, {[3, 4, 5], [4, 4, 5], [5, 3, 4]}, {}],(2)=[{1, 10}, {[2, 5, 10], [3, 1, 3]}, {}],(3)=[{2, 6, 7}, {[2, 1, 6], [4, 1, 2], [4, 7, 10], [5, 1, 2]}, {[2, 2, 7], [5, 6, 7]}],(4)=[{11, 16}, {[3, 6, 11], [3, 7, 16]}, {}],(5)=[{8, 12, 13, 19}, {[2, 8, 11], [4, 11, 13], [4, 16, 19], [5, 11, 12]}, {[2, 13, 19]}],(6)=[{9, 15, 17, 21}, {[2, 9, 12], [3, 9, 12], [3, 17, 19], [4, 8, 9], [5, 8, 9], [5, 13, 15], [5, 19, 21]}, {[2, 15, 21], [3, 15, 21]}],(7)=[{14, 18}, {[4, 14, 15], [5, 17, 18]}, {}],(8)=[{20}, {[2, 14, 20], [3, 18, 20], [4, 18, 20]}, {}]]) ], 

  [ [[1, 4], [1, 3, 5], [1, 2, 4], [1, 2, 5], [1, 3], [2, 4], [2, 5], [2, 3], [2, 3, 5], [2, 4], [3], [3, 4], [3, 5], [2, 4], [2, 4, 5], [2, 5], [1, 3, 5], [1, 3, 4], [1, 4], [1, 4, 5], [1, 3, 5]], 
     {[2, 1, 6], [2, 2, 7], [2, 5, 8], [2, 9, 17], [2, 10, 18], [2, 14, 19], [2, 15, 20], [2, 16, 21], [3, 2, 4], [3, 3, 5], [3, 6, 11], [3, 7, 17], [3, 10, 18], [3, 12, 14], [3, 13, 15], [3, 16, 21], [4, 1, 2], [4, 3, 5], [4, 6, 8], [4, 9, 10], [4, 11, 14], [4, 13, 15], [4, 17, 19], [4, 20, 21], [5, 1, 2], [5, 3, 4], [5, 6, 7], [5, 9, 10], [5, 12, 13], [5, 14, 16], [5, 17, 18], [5, 19, 21]}, 
     [[2, 9, 1, 2, 5, 6, 3, 8, 4, 5, 5, 7], [2, 9, 1, 2, 5, 6, 4, 5, 3, 8, 5, 7], [2, 9, 5, 6, 1, 2, 3, 8, 4, 5, 5, 7], [2, 9, 5, 6, 1, 2, 4, 5, 3, 8, 5, 7], [2, 9, 5, 6, 3, 8, 1, 2, 4, 5, 5, 7], [5, 6, 2, 9, 1, 2, 3, 8, 4, 5, 5, 7], [5, 6, 2, 9, 1, 2, 4, 5, 3, 8, 5, 7], [5, 6, 2, 9, 3, 8, 1, 2, 4, 5, 5, 7], [5, 6, 2, 9, 4, 5, 1, 2, 3, 8, 5, 7], [5, 6, 2, 9, 4, 5, 3, 8, 1, 2, 5, 7], [5, 6, 3, 8, 2, 9, 1, 2, 4, 5, 5, 7], [5, 6, 3, 8, 2, 9, 4, 5, 1, 2, 5, 7], [5, 6, 3, 8, 2, 9, 4, 5, 5, 7, 1, 2], [5, 6, 3, 8, 4, 5, 2, 9, 1, 2, 5, 7], [5, 6, 3, 8, 4, 5, 2, 9, 5, 7, 1, 2], [5, 6, 3, 8, 4, 5, 5, 7, 2, 9, 1, 2], [5, 6, 4, 5, 2, 9, 1, 2, 3, 8, 5, 7], [5, 6, 4, 5, 2, 9, 3, 8, 1, 2, 5, 7], [5, 6, 4, 5, 3, 8, 2, 9, 1, 2, 5, 7], [5, 6, 4, 5, 3, 8, 2, 9, 5, 7, 1, 2], [5, 6, 4, 5, 3, 8, 5, 7, 2, 9, 1, 2]], 
     table([(0)=[{3}, {}, {}],(1)=[{4, 5}, {[3, 3, 5], [4, 3, 5], [5, 3, 4]}, {}],(2)=[{2, 8}, {[2, 5, 8], [3, 2, 4]}, {}],(3)=[{1, 6, 7}, {[2, 2, 7], [4, 1, 2], [4, 6, 8], [5, 1, 2]}, {[2, 1, 6], [5, 6, 7]}],(4)=[{11, 17}, {[3, 6, 11], [3, 7, 17]}, {}],(5)=[{9, 14, 18, 19}, {[2, 9, 17], [4, 11, 14], [4, 17, 19], [5, 17, 18]}, {[2, 14, 19]}],(6)=[{10, 12, 16, 21}, {[2, 10, 18], [3, 10, 18], [3, 12, 14], [4, 9, 10], [5, 9, 10], [5, 14, 16], [5, 19, 21]}, {[2, 16, 21], [3, 16, 21]}],(7)=[{13, 20}, {[4, 20, 21], [5, 12, 13]}, {}],(8)=[{15}, {[2, 15, 20], [3, 13, 15], [4, 13, 15]}, {}]]) ], 

#################################################################
### The symmetric function = s[3, 2, 1] + s[2, 2, 2]   has 5 graph isomorphism types.

  [ [[2, 3, 5], [2, 4], [3, 5], [3, 4], [2, 4, 5], [1, 3, 5], [1, 3, 4], [1, 4, 5], [1, 4], [1, 3, 5], [1, 2, 4, 5], [1, 2, 5], [1, 2, 4], [1, 3, 5], [1, 3], [1, 3, 4], [2, 4], [2, 5], [2, 3, 5], [2, 3], [2, 4]], 
     {[2, 1, 6], [2, 2, 7], [2, 5, 8], [2, 9, 17], [2, 10, 18], [2, 14, 19], [2, 15, 20], [2, 16, 21], [3, 2, 4], [3, 3, 5], [3, 6, 11], [3, 7, 17], [3, 10, 18], [3, 12, 14], [3, 13, 15], [3, 16, 21], [4, 1, 2], [4, 3, 5], [4, 6, 8], [4, 9, 10], [4, 11, 14], [4, 13, 15], [4, 17, 19], [4, 20, 21], [5, 1, 2], [5, 3, 4], [5, 6, 7], [5, 9, 10], [5, 12, 13], [5, 14, 16], [5, 17, 18], [5, 19, 21]}, 
     [[1, 2, 2, 7, 4, 5, 3, 4, 5, 6, 4, 5], [1, 2, 2, 7, 4, 5, 5, 6, 3, 4, 4, 5], [1, 2, 4, 5, 2, 7, 3, 4, 5, 6, 4, 5], [1, 2, 4, 5, 2, 7, 5, 6, 3, 4, 4, 5], [1, 2, 4, 5, 3, 4, 2, 7, 5, 6, 4, 5], [4, 5, 1, 2, 2, 7, 3, 4, 5, 6, 4, 5], [4, 5, 1, 2, 2, 7, 5, 6, 3, 4, 4, 5], [4, 5, 1, 2, 3, 4, 2, 7, 5, 6, 4, 5], [4, 5, 1, 2, 5, 6, 2, 7, 3, 4, 4, 5], [4, 5, 1, 2, 5, 6, 3, 4, 2, 7, 4, 5], [4, 5, 3, 4, 1, 2, 2, 7, 5, 6, 4, 5], [4, 5, 3, 4, 1, 2, 5, 6, 2, 7, 4, 5], [4, 5, 3, 4, 1, 2, 5, 6, 4, 5, 2, 7], [4, 5, 3, 4, 5, 6, 1, 2, 2, 7, 4, 5], [4, 5, 3, 4, 5, 6, 1, 2, 4, 5, 2, 7], [4, 5, 3, 4, 5, 6, 4, 5, 1, 2, 2, 7], [4, 5, 5, 6, 1, 2, 2, 7, 3, 4, 4, 5], [4, 5, 5, 6, 1, 2, 3, 4, 2, 7, 4, 5], [4, 5, 5, 6, 3, 4, 1, 2, 2, 7, 4, 5], [4, 5, 5, 6, 3, 4, 1, 2, 4, 5, 2, 7], [4, 5, 5, 6, 3, 4, 4, 5, 1, 2, 2, 7]], 
     table([(0)=[{13}, {}, {}],(1)=[{12, 15}, {[3, 13, 15], [4, 13, 15], [5, 12, 13]}, {}],(2)=[{14, 20}, {[2, 15, 20], [3, 12, 14]}, {}],(3)=[{11, 16, 19, 21}, {[2, 14, 19], [4, 11, 14], [4, 20, 21], [5, 14, 16]}, {[2, 16, 21], [3, 16, 21], [5, 19, 21]}],(4)=[{6, 17}, {[3, 6, 11], [4, 17, 19]}, {}],(5)=[{1, 7, 8, 9, 18}, {[2, 1, 6], [2, 9, 17], [3, 7, 17], [4, 6, 8], [5, 6, 7], [5, 17, 18]}, {}],(6)=[{2, 5, 10}, {[2, 2, 7], [2, 5, 8], [2, 10, 18], [3, 10, 18], [4, 1, 2], [4, 9, 10], [5, 1, 2], [5, 9, 10]}, {}],(7)=[{3, 4}, {[3, 2, 4], [3, 3, 5], [4, 3, 5]}, {[5, 3, 4]}]]) ], 

  [ [[2, 4], [2, 3, 5], [3, 4], [3, 5], [2, 4, 5], [1, 3, 4], [1, 3, 5], [1, 4], [1, 3, 5], [1, 4, 5], [2, 4], [2, 5], [2, 3, 5], [2, 3], [2, 4], [1, 2, 4, 5], [1, 2, 5], [1, 2, 4], [1, 3, 5], [1, 3], [1, 3, 4]], 
     {[2, 1, 6], [2, 2, 7], [2, 5, 10], [2, 8, 11], [2, 9, 12], [2, 13, 19], [2, 14, 20], [2, 15, 21], [3, 1, 3], [3, 4, 5], [3, 6, 11], [3, 7, 16], [3, 9, 12], [3, 15, 21], [3, 17, 19], [3, 18, 20], [4, 1, 2], [4, 4, 5], [4, 7, 10], [4, 8, 9], [4, 11, 13], [4, 14, 15], [4, 16, 19], [4, 18, 20], [5, 1, 2], [5, 3, 4], [5, 6, 7], [5, 8, 9], [5, 11, 12], [5, 13, 15], [5, 17, 18], [5, 19, 21]}, 
     [[1, 2, 2, 9, 5, 6, 3, 8, 4, 5, 5, 7], [1, 2, 2, 9, 5, 6, 4, 5, 3, 8, 5, 7], [1, 2, 5, 6, 2, 9, 3, 8, 4, 5, 5, 7], [1, 2, 5, 6, 2, 9, 4, 5, 3, 8, 5, 7], [1, 2, 5, 6, 4, 5, 2, 9, 3, 8, 5, 7], [5, 6, 1, 2, 2, 9, 3, 8, 4, 5, 5, 7], [5, 6, 1, 2, 2, 9, 4, 5, 3, 8, 5, 7], [5, 6, 1, 2, 3, 8, 2, 9, 4, 5, 5, 7], [5, 6, 1, 2, 3, 8, 4, 5, 2, 9, 5, 7], [5, 6, 1, 2, 4, 5, 2, 9, 3, 8, 5, 7], [5, 6, 3, 8, 1, 2, 2, 9, 4, 5, 5, 7], [5, 6, 3, 8, 1, 2, 4, 5, 2, 9, 5, 7], [5, 6, 3, 8, 4, 5, 1, 2, 2, 9, 5, 7], [5, 6, 3, 8, 4, 5, 1, 2, 5, 7, 2, 9], [5, 6, 3, 8, 4, 5, 5, 7, 1, 2, 2, 9], [5, 6, 4, 5, 1, 2, 2, 9, 3, 8, 5, 7], [5, 6, 4, 5, 1, 2, 3, 8, 2, 9, 5, 7], [5, 6, 4, 5, 1, 2, 3, 8, 5, 7, 2, 9], [5, 6, 4, 5, 3, 8, 1, 2, 2, 9, 5, 7], [5, 6, 4, 5, 3, 8, 1, 2, 5, 7, 2, 9], [5, 6, 4, 5, 3, 8, 5, 7, 1, 2, 2, 9]], 
     table([(0)=[{18}, {}, {}],(1)=[{17, 20}, {[3, 18, 20], [4, 18, 20], [5, 17, 18]}, {}],(2)=[{14, 19}, {[2, 14, 20], [3, 17, 19]}, {}],(3)=[{13, 15, 16, 21}, {[2, 13, 19], [4, 14, 15], [4, 16, 19], [5, 19, 21]}, {[2, 15, 21], [3, 15, 21], [5, 13, 15]}],(4)=[{7, 11}, {[3, 7, 16], [4, 11, 13]}, {}],(5)=[{2, 6, 8, 10, 12}, {[2, 2, 7], [2, 8, 11], [3, 6, 11], [4, 7, 10], [5, 6, 7], [5, 11, 12]}, {}],(6)=[{1, 5, 9}, {[2, 1, 6], [2, 5, 10], [2, 9, 12], [3, 9, 12], [4, 1, 2], [4, 8, 9], [5, 1, 2], [5, 8, 9]}, {}],(7)=[{3, 4}, {[3, 1, 3], [3, 4, 5], [4, 4, 5]}, {[5, 3, 4]}]]) ], 

  [ [[1, 3, 4], [1, 3, 5], [1, 4, 5], [2, 4], [2, 5], [2, 3], [2, 3, 5], [2, 4], [2, 4, 5], [3, 5], [3, 4], [1, 2, 4], [1, 2, 4, 5], [1, 2, 5], [1, 3], [1, 3, 5], [1, 3, 4], [1, 3, 5], [1, 4], [2, 3, 5], [2, 4]], 
     {[2, 1, 4], [2, 2, 5], [2, 3, 9], [2, 6, 15], [2, 7, 16], [2, 8, 17], [2, 18, 20], [2, 19, 21], [3, 1, 4], [3, 2, 5], [3, 8, 11], [3, 9, 10], [3, 12, 15], [3, 13, 16], [3, 14, 18], [3, 17, 21], [4, 2, 3], [4, 4, 6], [4, 7, 8], [4, 9, 10], [4, 12, 15], [4, 13, 16], [4, 18, 19], [4, 20, 21], [5, 1, 2], [5, 4, 5], [5, 7, 8], [5, 10, 11], [5, 12, 14], [5, 16, 17], [5, 18, 19], [5, 20, 21]}, 
     [[1, 4, 2, 3, 4, 8, 5, 6, 3, 4, 6, 7], [1, 4, 2, 3, 4, 8, 5, 6, 6, 7, 3, 4], [1, 4, 2, 3, 5, 6, 4, 8, 6, 7, 3, 4], [1, 4, 4, 8, 2, 3, 5, 6, 3, 4, 6, 7], [1, 4, 4, 8, 2, 3, 5, 6, 6, 7, 3, 4], [1, 4, 4, 8, 5, 6, 2, 3, 3, 4, 6, 7], [1, 4, 4, 8, 5, 6, 2, 3, 6, 7, 3, 4], [1, 4, 4, 8, 5, 6, 6, 7, 2, 3, 3, 4], [1, 4, 5, 6, 2, 3, 4, 8, 6, 7, 3, 4], [1, 4, 5, 6, 4, 8, 2, 3, 6, 7, 3, 4], [1, 4, 5, 6, 4, 8, 6, 7, 2, 3, 3, 4], [5, 6, 1, 4, 2, 3, 4, 8, 3, 4, 6, 7], [5, 6, 1, 4, 2, 3, 4, 8, 6, 7, 3, 4], [5, 6, 1, 4, 2, 3, 6, 7, 4, 8, 3, 4], [5, 6, 1, 4, 4, 8, 2, 3, 3, 4, 6, 7], [5, 6, 1, 4, 4, 8, 2, 3, 6, 7, 3, 4], [5, 6, 1, 4, 4, 8, 6, 7, 2, 3, 3, 4], [5, 6, 1, 4, 6, 7, 2, 3, 4, 8, 3, 4], [5, 6, 1, 4, 6, 7, 4, 8, 2, 3, 3, 4], [5, 6, 6, 7, 1, 4, 2, 3, 4, 8, 3, 4], [5, 6, 6, 7, 1, 4, 4, 8, 2, 3, 3, 4]], 
     table([(0)=[{12}, {}, {}],(1)=[{14, 15}, {[3, 12, 15], [4, 12, 15], [5, 12, 14]}, {}],(2)=[{6, 18}, {[2, 6, 15], [3, 14, 18]}, {}],(3)=[{4, 19, 20}, {[2, 18, 20], [4, 4, 6], [4, 18, 19], [5, 18, 19]}, {}],(4)=[{1, 5, 21}, {[2, 1, 4], [2, 19, 21], [3, 1, 4], [4, 20, 21], [5, 4, 5], [5, 20, 21]}, {}],(5)=[{2, 17}, {[2, 2, 5], [3, 2, 5], [3, 17, 21], [5, 1, 2]}, {}],(6)=[{3, 8, 16}, {[2, 8, 17], [4, 2, 3], [5, 16, 17]}, {}],(7)=[{7, 9, 11, 13}, {[2, 3, 9], [2, 7, 16], [3, 8, 11], [3, 13, 16], [4, 7, 8], [4, 13, 16], [5, 7, 8]}, {}],(8)=[{10}, {[3, 9, 10], [4, 9, 10], [5, 10, 11]}, {}]]) ], 

  [ [[2, 4, 5], [3, 5], [3, 4], [2, 3, 5], [2, 4], [1, 4, 5], [1, 3, 5], [1, 3, 4], [1, 3, 5], [1, 4], [1, 2, 4, 5], [1, 2, 5], [1, 2, 4], [1, 3, 5], [1, 3], [1, 3, 4], [2, 5], [2, 4], [2, 3, 5], [2, 3], [2, 4]], 
     {[2, 1, 6], [2, 4, 7], [2, 5, 8], [2, 9, 17], [2, 10, 18], [2, 14, 19], [2, 15, 20], [2, 16, 21], [3, 1, 2], [3, 3, 5], [3, 7, 11], [3, 8, 18], [3, 9, 17], [3, 12, 14], [3, 13, 15], [3, 16, 21], [4, 1, 2], [4, 4, 5], [4, 6, 9], [4, 7, 10], [4, 11, 14], [4, 13, 15], [4, 18, 19], [4, 20, 21], [5, 2, 3], [5, 4, 5], [5, 7, 8], [5, 9, 10], [5, 12, 13], [5, 14, 16], [5, 17, 18], [5, 19, 21]}, 
     [[1, 4, 4, 5, 3, 4, 5, 6, 4, 5, 2, 4], [1, 4, 4, 5, 5, 6, 3, 4, 4, 5, 2, 4], [1, 4, 4, 5, 5, 6, 3, 5, 2, 3, 3, 4], [1, 4, 4, 6, 3, 4, 2, 3, 4, 5, 3, 4], [1, 4, 4, 6, 3, 4, 4, 5, 2, 3, 3, 4], [3, 4, 1, 3, 3, 5, 5, 6, 4, 5, 2, 4], [3, 4, 1, 3, 3, 6, 2, 3, 4, 5, 3, 4], [3, 4, 1, 3, 3, 6, 4, 5, 2, 3, 3, 4], [3, 4, 1, 3, 4, 5, 3, 4, 4, 6, 2, 4], [3, 4, 1, 3, 4, 5, 3, 6, 2, 3, 3, 4], [3, 4, 2, 3, 1, 2, 2, 6, 4, 5, 3, 4], [3, 4, 2, 3, 1, 2, 4, 5, 2, 6, 3, 4], [3, 4, 2, 3, 1, 2, 4, 5, 3, 4, 2, 6], [3, 4, 2, 3, 4, 5, 1, 2, 2, 6, 3, 4], [3, 4, 2, 3, 4, 5, 1, 2, 3, 4, 2, 6], [3, 4, 2, 3, 4, 5, 3, 4, 1, 2, 2, 6], [3, 4, 4, 5, 1, 3, 3, 4, 4, 6, 2, 4], [3, 4, 4, 5, 1, 3, 3, 6, 2, 3, 3, 4], [3, 4, 4, 5, 2, 3, 1, 2, 2, 6, 3, 4], [3, 4, 4, 5, 2, 3, 1, 2, 3, 4, 2, 6], [3, 4, 4, 5, 2, 3, 3, 4, 1, 2, 2, 6]], 
     table([(0)=[{13}, {}, {}],(1)=[{12, 15}, {[3, 13, 15], [4, 13, 15], [5, 12, 13]}, {}],(2)=[{14, 20}, {[2, 15, 20], [3, 12, 14]}, {}],(3)=[{11, 16, 19, 21}, {[2, 14, 19], [4, 11, 14], [4, 20, 21], [5, 14, 16]}, {[2, 16, 21], [3, 16, 21], [5, 19, 21]}],(4)=[{7, 18}, {[3, 7, 11], [4, 18, 19]}, {}],(5)=[{4, 8, 10, 17}, {[2, 4, 7], [2, 10, 18], [3, 8, 18], [4, 7, 10], [5, 7, 8], [5, 17, 18]}, {}],(6)=[{5, 9}, {[2, 5, 8], [2, 9, 17], [3, 9, 17], [4, 4, 5], [5, 4, 5], [5, 9, 10]}, {}],(7)=[{3, 6}, {[3, 3, 5], [4, 6, 9]}, {}],(8)=[{1, 2}, {[2, 1, 6], [5, 2, 3]}, {[3, 1, 2], [4, 1, 2]}]]) ], 

  [ [[1, 4, 5], [1, 3, 4], [1, 3, 5], [1, 2, 5], [1, 2, 4, 5], [1, 2, 4], [1, 3, 5], [1, 4], [1, 3, 5], [1, 3], [1, 3, 4], [2, 4], [2, 5], [2, 3, 5], [2, 3], [2, 4], [2, 4, 5], [2, 3, 5], [2, 4], [3, 5], [3, 4]], 
     {[2, 1, 17], [2, 2, 12], [2, 3, 13], [2, 7, 18], [2, 8, 19], [2, 9, 14], [2, 10, 15], [2, 11, 16], [3, 2, 12], [3, 3, 13], [3, 4, 7], [3, 5, 9], [3, 6, 10], [3, 11, 16], [3, 17, 20], [3, 19, 21], [4, 1, 3], [4, 5, 9], [4, 6, 10], [4, 7, 8], [4, 12, 14], [4, 15, 16], [4, 17, 20], [4, 18, 19], [5, 2, 3], [5, 4, 6], [5, 7, 8], [5, 9, 11], [5, 12, 13], [5, 14, 16], [5, 18, 19], [5, 20, 21]}, 
     [[2, 6, 1, 2, 3, 4, 6, 7, 2, 6, 4, 5], [2, 6, 1, 2, 6, 7, 2, 6, 3, 4, 4, 5], [2, 6, 1, 2, 6, 7, 3, 4, 2, 6, 4, 5], [2, 6, 3, 4, 1, 2, 4, 5, 6, 7, 2, 6], [2, 6, 3, 4, 1, 2, 6, 7, 2, 6, 4, 5], [2, 6, 3, 4, 1, 2, 6, 7, 4, 5, 2, 6], [2, 6, 3, 4, 4, 5, 1, 2, 6, 7, 2, 6], [2, 6, 3, 4, 4, 5, 6, 7, 1, 2, 2, 6], [2, 6, 3, 4, 6, 7, 1, 2, 2, 6, 4, 5], [2, 6, 3, 4, 6, 7, 1, 2, 4, 5, 2, 6], [2, 6, 3, 4, 6, 7, 4, 5, 1, 2, 2, 6], [2, 6, 6, 7, 1, 2, 2, 6, 3, 4, 4, 5], [2, 6, 6, 7, 1, 2, 3, 4, 2, 6, 4, 5], [2, 6, 6, 7, 3, 4, 1, 2, 2, 6, 4, 5], [2, 6, 6, 7, 3, 4, 1, 2, 4, 5, 2, 6], [2, 6, 6, 7, 3, 4, 4, 5, 1, 2, 2, 6], [3, 4, 2, 6, 1, 2, 6, 7, 2, 6, 4, 5], [3, 4, 2, 6, 4, 5, 1, 2, 6, 7, 2, 6], [3, 4, 2, 6, 4, 5, 6, 7, 1, 2, 2, 6], [3, 4, 2, 6, 6, 7, 1, 2, 2, 6, 4, 5], [3, 4, 2, 6, 6, 7, 4, 5, 1, 2, 2, 6]], 
     table([(0)=[{6}, {}, {}],(1)=[{4, 10}, {[3, 6, 10], [4, 6, 10], [5, 4, 6]}, {}],(2)=[{7, 15}, {[2, 10, 15], [3, 4, 7]}, {}],(3)=[{8, 16, 18}, {[2, 7, 18], [4, 7, 8], [4, 15, 16], [5, 7, 8]}, {}],(4)=[{11, 14, 19}, {[2, 8, 19], [2, 11, 16], [3, 11, 16], [4, 18, 19], [5, 14, 16], [5, 18, 19]}, {}],(5)=[{9, 12, 21}, {[2, 9, 14], [3, 19, 21], [4, 12, 14], [5, 9, 11]}, {}],(6)=[{2, 5, 13, 20}, {[2, 2, 12], [3, 2, 12], [3, 5, 9], [4, 5, 9], [5, 12, 13], [5, 20, 21]}, {}],(7)=[{3, 17}, {[2, 3, 13], [3, 3, 13], [3, 17, 20], [4, 17, 20], [5, 2, 3]}, {}],(8)=[{1}, {[2, 1, 17], [4, 1, 3]}, {}]]) ], 

 NULL]:
