Isomorphism_Classes[6,26]:=[

#################################################################
### The symmetric function = s[4, 1, 1] + s[3, 2, 1]   has 13 graph isomorphism types.

  [ [[4, 5], [3, 4], [3, 5], [2, 4, 5], [3, 5], [3, 4], [2, 4], [2, 5], [2, 3, 5], [2, 3], [2, 4], [1, 4, 5], [1, 3, 5], [1, 3, 4], [2, 5], [2, 4], [2, 3], [1, 4], [1, 5], [1, 3, 5], [1, 3], [1, 4], [1, 2, 5], [1, 2], [1, 2, 4], [1, 3]], 
     {[2, 4, 12], [2, 7, 18], [2, 8, 19], [2, 9, 20], [2, 10, 21], [2, 11, 22], [2, 13, 15], [2, 14, 16], [2, 17, 26], [3, 2, 7], [3, 3, 8], [3, 4, 5], [3, 6, 11], [3, 13, 15], [3, 14, 16], [3, 20, 23], [3, 21, 24], [3, 25, 26], [4, 1, 3], [4, 4, 5], [4, 7, 9], [4, 10, 11], [4, 12, 13], [4, 16, 17], [4, 18, 20], [4, 21, 22], [4, 25, 26], [5, 2, 3], [5, 5, 6], [5, 7, 8], [5, 9, 11], [5, 13, 14], [5, 15, 16], [5, 18, 19], [5, 20, 22], [5, 23, 25]}, 
     [[1, 2, 2, 3, 4, 5, 7, 8, 3, 7, 5, 6], [1, 2, 2, 3, 7, 8, 3, 7, 4, 5, 5, 6], [1, 2, 2, 3, 7, 8, 4, 5, 3, 7, 5, 6], [1, 2, 4, 5, 2, 3, 7, 8, 3, 7, 5, 6], [1, 2, 4, 5, 7, 8, 2, 3, 3, 7, 5, 6], [1, 2, 4, 5, 7, 8, 5, 6, 2, 3, 3, 7], [1, 2, 7, 8, 2, 3, 3, 7, 4, 5, 5, 6], [1, 2, 7, 8, 2, 3, 4, 5, 3, 7, 5, 6], [1, 2, 7, 8, 4, 5, 2, 3, 3, 7, 5, 6], [1, 2, 7, 8, 4, 5, 2, 3, 5, 6, 3, 7], [1, 2, 7, 8, 4, 5, 5, 6, 2, 3, 3, 7], [4, 5, 1, 2, 2, 3, 7, 8, 3, 7, 5, 6], [4, 5, 1, 2, 7, 8, 2, 3, 3, 7, 5, 6], [4, 5, 1, 2, 7, 8, 5, 6, 2, 3, 3, 7], [4, 5, 7, 8, 1, 2, 2, 3, 3, 7, 5, 6], [4, 5, 7, 8, 1, 2, 5, 6, 2, 3, 3, 7], [4, 5, 7, 8, 5, 6, 1, 2, 2, 3, 3, 7], [7, 8, 1, 2, 2, 3, 3, 7, 4, 5, 5, 6], [7, 8, 1, 2, 2, 3, 4, 5, 3, 7, 5, 6], [7, 8, 1, 2, 4, 5, 2, 3, 3, 7, 5, 6], [7, 8, 1, 2, 4, 5, 2, 3, 5, 6, 3, 7], [7, 8, 1, 2, 4, 5, 5, 6, 2, 3, 3, 7], [7, 8, 4, 5, 1, 2, 2, 3, 3, 7, 5, 6], [7, 8, 4, 5, 1, 2, 2, 3, 5, 6, 3, 7], [7, 8, 4, 5, 1, 2, 5, 6, 2, 3, 3, 7], [7, 8, 4, 5, 5, 6, 1, 2, 2, 3, 3, 7]], 
     table([(0)=[{24}, {}, {}],(1)=[{21}, {[3, 21, 24]}, {}],(2)=[{10, 22}, {[2, 10, 21], [4, 21, 22]}, {}],(3)=[{11, 20}, {[2, 11, 22], [4, 10, 11], [5, 20, 22]}, {}],(4)=[{6, 9, 18, 23}, {[2, 9, 20], [3, 6, 11], [3, 20, 23], [4, 18, 20], [5, 9, 11]}, {}],(5)=[{5, 7, 19, 25}, {[2, 7, 18], [4, 7, 9], [5, 5, 6], [5, 18, 19], [5, 23, 25]}, {}],(6)=[{2, 4, 8, 26}, {[2, 8, 19], [3, 2, 7], [3, 4, 5], [3, 25, 26], [4, 4, 5], [4, 25, 26], [5, 7, 8]}, {}],(7)=[{3, 12, 17}, {[2, 4, 12], [2, 17, 26], [3, 3, 8], [5, 2, 3]}, {}],(9)=[{14, 15}, {[2, 13, 15], [2, 14, 16], [3, 13, 15], [3, 14, 16], [5, 13, 14], [5, 15, 16]}, {}],(8)=[{1, 13, 16}, {[4, 1, 3], [4, 12, 13], [4, 16, 17]}, {}]]) ], 

  [ [[3, 4], [3, 5], [4, 5], [2, 4], [2, 4, 5], [2, 5], [2, 3, 5], [2, 3], [2, 4], [3, 5], [3, 4], [1, 4], [1, 4, 5], [1, 5], [1, 3, 5], [1, 3], [1, 4], [1, 3, 5], [1, 3, 4], [1, 2, 5], [1, 2], [1, 2, 4], [1, 3], [2, 5], [2, 4], [2, 3]], 
     {[2, 4, 12], [2, 5, 13], [2, 6, 14], [2, 7, 15], [2, 8, 16], [2, 9, 17], [2, 18, 24], [2, 19, 25], [2, 23, 26], [3, 1, 4], [3, 2, 5], [3, 6, 10], [3, 9, 11], [3, 15, 20], [3, 16, 21], [3, 18, 24], [3, 19, 25], [3, 22, 23], [4, 2, 3], [4, 4, 7], [4, 5, 10], [4, 8, 9], [4, 12, 15], [4, 13, 18], [4, 16, 17], [4, 22, 23], [4, 25, 26], [5, 1, 2], [5, 4, 6], [5, 7, 9], [5, 10, 11], [5, 12, 14], [5, 15, 17], [5, 18, 19], [5, 20, 22], [5, 24, 25]}, 
     [[1, 2, 2, 4, 4, 8, 5, 6, 3, 4, 6, 7], [1, 2, 2, 4, 4, 8, 5, 6, 6, 7, 3, 4], [1, 2, 2, 4, 5, 6, 4, 8, 6, 7, 3, 4], [1, 2, 5, 6, 2, 4, 4, 8, 3, 4, 6, 7], [1, 2, 5, 6, 2, 4, 4, 8, 6, 7, 3, 4], [1, 2, 5, 6, 2, 4, 6, 7, 4, 8, 3, 4], [1, 2, 5, 6, 3, 4, 2, 3, 3, 8, 6, 7], [1, 2, 5, 6, 3, 4, 2, 3, 6, 7, 3, 8], [1, 2, 5, 6, 3, 4, 6, 7, 2, 3, 3, 8], [1, 2, 5, 6, 6, 7, 2, 4, 4, 8, 3, 4], [1, 2, 5, 6, 6, 7, 3, 4, 2, 3, 3, 8], [5, 6, 1, 2, 2, 4, 4, 8, 3, 4, 6, 7], [5, 6, 1, 2, 2, 4, 4, 8, 6, 7, 3, 4], [5, 6, 1, 2, 2, 4, 6, 7, 4, 8, 3, 4], [5, 6, 1, 2, 3, 4, 2, 3, 3, 8, 6, 7], [5, 6, 1, 2, 3, 4, 2, 3, 6, 7, 3, 8], [5, 6, 1, 2, 3, 4, 6, 7, 2, 3, 3, 8], [5, 6, 1, 2, 6, 7, 2, 4, 4, 8, 3, 4], [5, 6, 1, 2, 6, 7, 3, 4, 2, 3, 3, 8], [5, 6, 3, 4, 1, 2, 2, 3, 3, 8, 6, 7], [5, 6, 3, 4, 1, 2, 2, 3, 6, 7, 3, 8], [5, 6, 3, 4, 1, 2, 6, 7, 2, 3, 3, 8], [5, 6, 3, 4, 6, 7, 1, 2, 2, 3, 3, 8], [5, 6, 6, 7, 1, 2, 2, 4, 4, 8, 3, 4], [5, 6, 6, 7, 1, 2, 3, 4, 2, 3, 3, 8], [5, 6, 6, 7, 3, 4, 1, 2, 2, 3, 3, 8]], 
     table([(0)=[{21}, {}, {}],(1)=[{16}, {[3, 16, 21]}, {}],(2)=[{8, 17}, {[2, 8, 16], [4, 16, 17]}, {}],(3)=[{9, 15}, {[2, 9, 17], [4, 8, 9], [5, 15, 17]}, {}],(4)=[{7, 11, 12, 20}, {[2, 7, 15], [3, 9, 11], [3, 15, 20], [4, 12, 15], [5, 7, 9]}, {}],(5)=[{4, 10, 14, 22}, {[2, 4, 12], [4, 4, 7], [5, 10, 11], [5, 12, 14], [5, 20, 22]}, {}],(6)=[{1, 5, 6, 23}, {[2, 6, 14], [3, 1, 4], [3, 6, 10], [3, 22, 23], [4, 5, 10], [4, 22, 23], [5, 4, 6]}, {}],(7)=[{2, 13, 26}, {[2, 5, 13], [2, 23, 26], [3, 2, 5], [5, 1, 2]}, {}],(9)=[{19, 24}, {[2, 18, 24], [2, 19, 25], [3, 18, 24], [3, 19, 25], [5, 18, 19], [5, 24, 25]}, {}],(8)=[{3, 18, 25}, {[4, 2, 3], [4, 13, 18], [4, 25, 26]}, {}]]) ], 

  [ [[3, 4], [3, 5], [4, 5], [2, 3, 5], [2, 3], [2, 4], [2, 4, 5], [2, 4], [2, 5], [3, 4], [3, 5], [1, 3, 5], [1, 3], [1, 4], [1, 4, 5], [1, 4], [1, 5], [1, 3, 4], [1, 3, 5], [1, 2, 5], [1, 2], [1, 2, 4], [1, 3], [2, 4], [2, 5], [2, 3]], 
     {[2, 4, 12], [2, 5, 13], [2, 6, 14], [2, 7, 15], [2, 8, 16], [2, 9, 17], [2, 18, 24], [2, 19, 25], [2, 23, 26], [3, 1, 6], [3, 2, 7], [3, 8, 10], [3, 9, 11], [3, 12, 20], [3, 13, 21], [3, 18, 24], [3, 19, 25], [3, 22, 23], [4, 2, 3], [4, 4, 6], [4, 5, 8], [4, 7, 11], [4, 12, 14], [4, 13, 16], [4, 15, 19], [4, 22, 23], [4, 24, 26], [5, 1, 2], [5, 4, 6], [5, 8, 9], [5, 10, 11], [5, 12, 14], [5, 16, 17], [5, 18, 19], [5, 20, 22], [5, 24, 25]}, 
     [[1, 2, 2, 5, 5, 9, 6, 7, 3, 4, 7, 8], [1, 2, 2, 5, 5, 9, 6, 7, 7, 8, 3, 4], [1, 2, 2, 5, 6, 7, 5, 9, 7, 8, 3, 4], [1, 2, 6, 7, 2, 5, 3, 4, 5, 9, 7, 8], [1, 2, 6, 7, 2, 5, 3, 4, 7, 8, 5, 9], [1, 2, 6, 7, 2, 5, 5, 9, 3, 4, 7, 8], [1, 2, 6, 7, 2, 5, 5, 9, 7, 8, 3, 4], [1, 2, 6, 7, 2, 5, 7, 8, 3, 4, 5, 9], [1, 2, 6, 7, 2, 5, 7, 8, 5, 9, 3, 4], [1, 2, 6, 7, 7, 8, 2, 5, 3, 4, 5, 9], [1, 2, 6, 7, 7, 8, 2, 5, 5, 9, 3, 4], [6, 7, 1, 2, 2, 5, 3, 4, 5, 9, 7, 8], [6, 7, 1, 2, 2, 5, 3, 4, 7, 8, 5, 9], [6, 7, 1, 2, 2, 5, 5, 9, 3, 4, 7, 8], [6, 7, 1, 2, 2, 5, 5, 9, 7, 8, 3, 4], [6, 7, 1, 2, 2, 5, 7, 8, 3, 4, 5, 9], [6, 7, 1, 2, 2, 5, 7, 8, 5, 9, 3, 4], [6, 7, 1, 2, 7, 8, 2, 5, 3, 4, 5, 9], [6, 7, 1, 2, 7, 8, 2, 5, 5, 9, 3, 4], [6, 7, 3, 4, 1, 2, 2, 5, 5, 9, 7, 8], [6, 7, 3, 4, 1, 2, 2, 5, 7, 8, 5, 9], [6, 7, 3, 4, 1, 2, 7, 8, 2, 5, 5, 9], [6, 7, 3, 4, 7, 8, 1, 2, 2, 5, 5, 9], [6, 7, 7, 8, 1, 2, 2, 5, 3, 4, 5, 9], [6, 7, 7, 8, 1, 2, 2, 5, 5, 9, 3, 4], [6, 7, 7, 8, 3, 4, 1, 2, 2, 5, 5, 9]], 
     table([(0)=[{21}, {}, {}],(1)=[{13}, {[3, 13, 21]}, {}],(2)=[{5, 16}, {[2, 5, 13], [4, 13, 16]}, {}],(3)=[{8, 17}, {[2, 8, 16], [4, 5, 8], [5, 16, 17]}, {}],(4)=[{9, 10}, {[2, 9, 17], [3, 8, 10], [5, 8, 9]}, {}],(5)=[{11}, {[3, 9, 11], [5, 10, 11]}, {}],(6)=[{7}, {[4, 7, 11]}, {}],(7)=[{2, 15}, {[2, 7, 15], [3, 2, 7]}, {}],(9)=[{6, 18, 25}, {[2, 19, 25], [3, 1, 6], [3, 19, 25], [5, 18, 19]}, {}],(8)=[{1, 3, 19}, {[4, 2, 3], [4, 15, 19], [5, 1, 2]}, {}],(11)=[{12, 26}, {[2, 4, 12], [4, 12, 14], [4, 24, 26], [5, 12, 14]}, {}],(10)=[{4, 14, 24}, {[2, 6, 14], [2, 18, 24], [3, 18, 24], [4, 4, 6], [5, 4, 6], [5, 24, 25]}, {}],(13)=[{22}, {[3, 22, 23], [4, 22, 23], [5, 20, 22]}, {}],(12)=[{20, 23}, {[2, 23, 26], [3, 12, 20]}, {}]]) ], 

  [ [[2, 4, 5], [3, 5], [3, 4], [4, 5], [3, 4], [3, 5], [2, 3], [2, 3, 5], [2, 4], [2, 4], [2, 5], [1, 4, 5], [1, 3, 4], [1, 3, 5], [2, 4], [2, 5], [2, 3], [1, 3], [1, 3, 5], [1, 4], [1, 4], [1, 5], [1, 2, 4], [1, 2, 5], [1, 2], [1, 3]], 
     {[2, 1, 12], [2, 7, 18], [2, 8, 19], [2, 9, 20], [2, 10, 21], [2, 11, 22], [2, 13, 15], [2, 14, 16], [2, 17, 26], [3, 1, 2], [3, 3, 9], [3, 5, 10], [3, 6, 11], [3, 13, 15], [3, 14, 16], [3, 18, 23], [3, 19, 24], [3, 25, 26], [4, 1, 2], [4, 4, 6], [4, 7, 10], [4, 8, 9], [4, 12, 14], [4, 15, 17], [4, 18, 21], [4, 19, 20], [4, 23, 26], [5, 2, 3], [5, 5, 6], [5, 8, 9], [5, 10, 11], [5, 13, 14], [5, 15, 16], [5, 19, 20], [5, 21, 22], [5, 23, 24]}, 
     [[1, 2, 2, 6, 3, 4, 6, 9, 7, 8, 4, 5], [1, 2, 2, 6, 6, 9, 3, 4, 7, 8, 4, 5], [1, 2, 2, 6, 6, 9, 7, 8, 3, 4, 4, 5], [1, 2, 3, 4, 2, 6, 6, 9, 7, 8, 4, 5], [1, 2, 3, 4, 7, 8, 2, 6, 4, 5, 6, 9], [1, 2, 3, 4, 7, 8, 2, 6, 6, 9, 4, 5], [1, 2, 7, 8, 2, 6, 3, 4, 4, 5, 6, 9], [1, 2, 7, 8, 2, 6, 3, 4, 6, 9, 4, 5], [1, 2, 7, 8, 2, 6, 6, 9, 3, 4, 4, 5], [1, 2, 7, 8, 3, 4, 2, 6, 4, 5, 6, 9], [1, 2, 7, 8, 3, 4, 2, 6, 6, 9, 4, 5], [3, 4, 1, 2, 2, 6, 6, 9, 7, 8, 4, 5], [3, 4, 1, 2, 7, 8, 2, 6, 4, 5, 6, 9], [3, 4, 1, 2, 7, 8, 2, 6, 6, 9, 4, 5], [3, 4, 7, 8, 1, 2, 2, 6, 4, 5, 6, 9], [3, 4, 7, 8, 1, 2, 2, 6, 6, 9, 4, 5], [3, 4, 7, 8, 4, 5, 1, 2, 2, 6, 6, 9], [7, 8, 1, 2, 2, 6, 3, 4, 4, 5, 6, 9], [7, 8, 1, 2, 2, 6, 3, 4, 6, 9, 4, 5], [7, 8, 1, 2, 2, 6, 6, 9, 3, 4, 4, 5], [7, 8, 1, 2, 3, 4, 2, 6, 4, 5, 6, 9], [7, 8, 1, 2, 3, 4, 2, 6, 6, 9, 4, 5], [7, 8, 3, 4, 1, 2, 2, 6, 4, 5, 6, 9], [7, 8, 3, 4, 1, 2, 2, 6, 6, 9, 4, 5], [7, 8, 3, 4, 1, 2, 4, 5, 2, 6, 6, 9], [7, 8, 3, 4, 4, 5, 1, 2, 2, 6, 6, 9]], 
     table([(0)=[{25}, {}, {}],(1)=[{26}, {[3, 25, 26]}, {}],(2)=[{17, 23}, {[2, 17, 26], [4, 23, 26]}, {}],(3)=[{15, 18, 24}, {[3, 18, 23], [4, 15, 17], [5, 23, 24]}, {}],(4)=[{7, 13, 16, 19, 21}, {[2, 7, 18], [2, 13, 15], [3, 13, 15], [3, 19, 24], [4, 18, 21], [5, 15, 16]}, {}],(5)=[{8, 10, 14, 20, 22}, {[2, 8, 19], [2, 10, 21], [2, 14, 16], [3, 14, 16], [4, 7, 10], [4, 19, 20], [5, 13, 14], [5, 19, 20], [5, 21, 22]}, {}],(6)=[{5, 9, 11, 12}, {[2, 9, 20], [2, 11, 22], [3, 5, 10], [4, 8, 9], [4, 12, 14], [5, 8, 9], [5, 10, 11]}, {}],(7)=[{1, 3, 6}, {[2, 1, 12], [3, 3, 9], [3, 6, 11], [5, 5, 6]}, {}],(8)=[{2, 4}, {[3, 1, 2], [4, 1, 2], [4, 4, 6], [5, 2, 3]}, {}]]) ], 

  [ [[2, 4, 5], [3, 5], [3, 4], [4, 5], [3, 5], [3, 4], [2, 5], [2, 4], [2, 3, 5], [2, 3], [2, 4], [1, 4, 5], [1, 3, 5], [1, 3, 4], [2, 5], [2, 4], [2, 3], [1, 5], [1, 4], [1, 3, 5], [1, 3], [1, 4], [1, 2, 5], [1, 2], [1, 2, 4], [1, 3]], 
     {[2, 1, 12], [2, 7, 18], [2, 8, 19], [2, 9, 20], [2, 10, 21], [2, 11, 22], [2, 13, 15], [2, 14, 16], [2, 17, 26], [3, 1, 2], [3, 3, 8], [3, 5, 7], [3, 6, 11], [3, 13, 15], [3, 14, 16], [3, 20, 23], [3, 21, 24], [3, 25, 26], [4, 1, 2], [4, 4, 5], [4, 8, 9], [4, 10, 11], [4, 12, 13], [4, 16, 17], [4, 19, 20], [4, 21, 22], [4, 25, 26], [5, 2, 3], [5, 5, 6], [5, 7, 8], [5, 9, 11], [5, 13, 14], [5, 15, 16], [5, 18, 19], [5, 20, 22], [5, 23, 25]}, 
     [[1, 2, 2, 6, 4, 5, 6, 7, 5, 6, 3, 5], [1, 2, 2, 6, 6, 7, 4, 5, 5, 6, 3, 5], [1, 2, 2, 6, 6, 7, 4, 6, 3, 4, 4, 5], [1, 2, 4, 5, 2, 6, 6, 7, 5, 6, 3, 5], [1, 2, 4, 5, 5, 6, 2, 5, 5, 7, 3, 5], [1, 2, 4, 5, 5, 6, 3, 5, 2, 3, 3, 7], [1, 2, 4, 6, 2, 4, 4, 5, 5, 7, 3, 5], [1, 2, 4, 6, 2, 4, 4, 7, 3, 4, 4, 5], [1, 2, 4, 6, 3, 4, 2, 3, 3, 7, 4, 5], [1, 2, 4, 6, 3, 4, 2, 3, 4, 5, 3, 7], [1, 2, 4, 6, 3, 4, 4, 5, 2, 3, 3, 7], [4, 5, 1, 2, 2, 6, 6, 7, 5, 6, 3, 5], [4, 5, 1, 2, 5, 6, 2, 5, 5, 7, 3, 5], [4, 5, 1, 2, 5, 6, 3, 5, 2, 3, 3, 7], [4, 5, 5, 6, 1, 2, 2, 5, 5, 7, 3, 5], [4, 5, 5, 6, 1, 2, 3, 5, 2, 3, 3, 7], [4, 5, 5, 6, 3, 5, 1, 2, 2, 3, 3, 7], [4, 6, 1, 2, 2, 4, 4, 5, 5, 7, 3, 5], [4, 6, 1, 2, 2, 4, 4, 7, 3, 4, 4, 5], [4, 6, 1, 2, 3, 4, 2, 3, 3, 7, 4, 5], [4, 6, 1, 2, 3, 4, 2, 3, 4, 5, 3, 7], [4, 6, 1, 2, 3, 4, 4, 5, 2, 3, 3, 7], [4, 6, 3, 4, 1, 2, 2, 3, 3, 7, 4, 5], [4, 6, 3, 4, 1, 2, 2, 3, 4, 5, 3, 7], [4, 6, 3, 4, 1, 2, 4, 5, 2, 3, 3, 7], [4, 6, 3, 4, 4, 5, 1, 2, 2, 3, 3, 7]], 
     table([(0)=[{24}, {}, {}],(1)=[{21}, {[3, 21, 24]}, {}],(2)=[{10, 22}, {[2, 10, 21], [4, 21, 22]}, {}],(3)=[{11, 20}, {[2, 11, 22], [4, 10, 11], [5, 20, 22]}, {}],(4)=[{6, 9, 19, 23}, {[2, 9, 20], [3, 6, 11], [3, 20, 23], [4, 19, 20], [5, 9, 11]}, {}],(5)=[{5, 8, 18, 25}, {[2, 8, 19], [4, 8, 9], [5, 5, 6], [5, 18, 19], [5, 23, 25]}, {}],(6)=[{3, 4, 7, 26}, {[2, 7, 18], [3, 3, 8], [3, 5, 7], [3, 25, 26], [4, 4, 5], [4, 25, 26], [5, 7, 8]}, {}],(7)=[{2, 17}, {[2, 17, 26], [5, 2, 3]}, {}],(9)=[{12, 14, 15}, {[2, 1, 12], [2, 14, 16], [3, 14, 16], [5, 15, 16]}, {}],(8)=[{1, 16}, {[3, 1, 2], [4, 1, 2], [4, 16, 17]}, {}],(10)=[{13}, {[2, 13, 15], [3, 13, 15], [4, 12, 13], [5, 13, 14]}, {}]]) ], 

  [ [[4, 5], [3, 4], [3, 5], [2, 3], [2, 4], [2, 5], [1, 4, 5], [1, 3, 4], [1, 3, 5], [2, 4, 5], [3, 5], [3, 4], [2, 4], [2, 5], [2, 3, 5], [2, 3], [2, 4], [1, 3], [1, 4], [1, 5], [1, 2, 4], [1, 2, 5], [1, 2], [1, 3, 5], [1, 3], [1, 4]], 
     {[2, 4, 18], [2, 5, 19], [2, 6, 20], [2, 7, 10], [2, 8, 13], [2, 9, 14], [2, 15, 24], [2, 16, 25], [2, 17, 26], [3, 2, 5], [3, 3, 6], [3, 8, 13], [3, 9, 14], [3, 10, 11], [3, 12, 17], [3, 18, 21], [3, 22, 24], [3, 23, 25], [4, 1, 3], [4, 4, 5], [4, 7, 9], [4, 10, 11], [4, 13, 15], [4, 16, 17], [4, 18, 19], [4, 21, 24], [4, 25, 26], [5, 2, 3], [5, 5, 6], [5, 8, 9], [5, 11, 12], [5, 13, 14], [5, 15, 17], [5, 19, 20], [5, 21, 22], [5, 24, 26]}, 
     [[1, 2, 3, 4, 4, 5, 7, 8, 2, 7, 5, 6], [1, 2, 3, 4, 7, 8, 2, 7, 4, 5, 5, 6], [1, 2, 3, 4, 7, 8, 4, 5, 2, 7, 5, 6], [1, 2, 7, 8, 2, 7, 3, 4, 4, 5, 5, 6], [1, 2, 7, 8, 3, 4, 2, 7, 4, 5, 5, 6], [1, 2, 7, 8, 3, 4, 4, 5, 2, 7, 5, 6], [3, 4, 1, 2, 4, 5, 7, 8, 2, 7, 5, 6], [3, 4, 1, 2, 7, 8, 2, 7, 4, 5, 5, 6], [3, 4, 1, 2, 7, 8, 4, 5, 2, 7, 5, 6], [3, 4, 4, 5, 1, 2, 7, 8, 2, 7, 5, 6], [3, 4, 4, 5, 7, 8, 1, 2, 2, 7, 5, 6], [3, 4, 4, 5, 7, 8, 5, 6, 1, 2, 2, 7], [3, 4, 7, 8, 1, 2, 2, 7, 4, 5, 5, 6], [3, 4, 7, 8, 1, 2, 4, 5, 2, 7, 5, 6], [3, 4, 7, 8, 4, 5, 1, 2, 2, 7, 5, 6], [3, 4, 7, 8, 4, 5, 1, 2, 5, 6, 2, 7], [3, 4, 7, 8, 4, 5, 5, 6, 1, 2, 2, 7], [7, 8, 1, 2, 2, 7, 3, 4, 4, 5, 5, 6], [7, 8, 1, 2, 3, 4, 2, 7, 4, 5, 5, 6], [7, 8, 1, 2, 3, 4, 4, 5, 2, 7, 5, 6], [7, 8, 3, 4, 1, 2, 2, 7, 4, 5, 5, 6], [7, 8, 3, 4, 1, 2, 4, 5, 2, 7, 5, 6], [7, 8, 3, 4, 1, 2, 4, 5, 5, 6, 2, 7], [7, 8, 3, 4, 4, 5, 1, 2, 2, 7, 5, 6], [7, 8, 3, 4, 4, 5, 1, 2, 5, 6, 2, 7], [7, 8, 3, 4, 4, 5, 5, 6, 1, 2, 2, 7]], 
     table([(0)=[{23}, {}, {}],(1)=[{25}, {[3, 23, 25]}, {}],(2)=[{16, 26}, {[2, 16, 25], [4, 25, 26]}, {}],(3)=[{17, 24}, {[2, 17, 26], [4, 16, 17], [5, 24, 26]}, {}],(4)=[{12, 15, 21, 22}, {[2, 15, 24], [3, 12, 17], [3, 22, 24], [4, 21, 24], [5, 15, 17]}, {[5, 21, 22]}],(5)=[{11, 13, 18}, {[3, 18, 21], [4, 13, 15], [5, 11, 12]}, {}],(6)=[{4, 8, 10, 14, 19}, {[2, 4, 18], [2, 8, 13], [3, 8, 13], [3, 10, 11], [4, 10, 11], [4, 18, 19], [5, 13, 14]}, {}],(7)=[{5, 7, 9, 20}, {[2, 5, 19], [2, 7, 10], [2, 9, 14], [3, 9, 14], [4, 4, 5], [5, 8, 9], [5, 19, 20]}, {[4, 7, 9]}],(9)=[{3}, {[3, 3, 6], [5, 2, 3]}, {}],(8)=[{2, 6}, {[2, 6, 20], [3, 2, 5], [5, 5, 6]}, {}],(10)=[{1}, {[4, 1, 3]}, {}]]) ], 

  [ [[2, 3], [2, 3, 5], [2, 4], [2, 5], [2, 4], [2, 4, 5], [3, 4], [3, 5], [3, 4], [3, 5], [4, 5], [1, 3], [1, 3, 5], [1, 3, 4], [1, 3, 5], [1, 4], [1, 4, 5], [1, 4], [1, 5], [1, 2, 4], [1, 2, 5], [1, 2], [1, 3], [2, 4], [2, 5], [2, 3]], 
     {[2, 1, 12], [2, 2, 13], [2, 3, 14], [2, 4, 15], [2, 5, 16], [2, 6, 17], [2, 18, 24], [2, 19, 25], [2, 23, 26], [3, 3, 9], [3, 4, 10], [3, 5, 7], [3, 6, 8], [3, 12, 20], [3, 13, 21], [3, 14, 24], [3, 15, 25], [3, 22, 23], [4, 1, 3], [4, 2, 5], [4, 6, 8], [4, 10, 11], [4, 12, 18], [4, 13, 16], [4, 15, 17], [4, 20, 23], [4, 24, 26], [5, 2, 5], [5, 3, 4], [5, 7, 8], [5, 9, 10], [5, 13, 16], [5, 14, 15], [5, 18, 19], [5, 20, 21], [5, 24, 25]}, 
     [[1, 3, 3, 7, 4, 5, 2, 3, 5, 6, 7, 8], [1, 3, 3, 7, 4, 5, 2, 3, 7, 8, 5, 6], [1, 3, 3, 7, 4, 5, 5, 6, 2, 3, 7, 8], [1, 3, 3, 7, 4, 5, 5, 6, 7, 8, 2, 3], [1, 3, 3, 7, 4, 5, 7, 8, 2, 3, 5, 6], [1, 3, 3, 7, 4, 5, 7, 8, 5, 6, 2, 3], [1, 3, 3, 7, 7, 8, 4, 5, 2, 3, 5, 6], [1, 3, 3, 7, 7, 8, 4, 5, 5, 6, 2, 3], [1, 3, 4, 5, 3, 7, 5, 6, 2, 3, 7, 8], [1, 3, 4, 5, 3, 7, 5, 6, 7, 8, 2, 3], [1, 3, 4, 5, 3, 7, 7, 8, 5, 6, 2, 3], [4, 5, 1, 3, 3, 7, 2, 3, 5, 6, 7, 8], [4, 5, 1, 3, 3, 7, 2, 3, 7, 8, 5, 6], [4, 5, 1, 3, 3, 7, 5, 6, 2, 3, 7, 8], [4, 5, 1, 3, 3, 7, 5, 6, 7, 8, 2, 3], [4, 5, 1, 3, 3, 7, 7, 8, 2, 3, 5, 6], [4, 5, 1, 3, 3, 7, 7, 8, 5, 6, 2, 3], [4, 5, 1, 3, 5, 6, 3, 7, 2, 3, 7, 8], [4, 5, 1, 3, 5, 6, 3, 7, 7, 8, 2, 3], [4, 5, 2, 3, 1, 2, 2, 7, 5, 6, 7, 8], [4, 5, 2, 3, 1, 2, 2, 7, 7, 8, 5, 6], [4, 5, 2, 3, 1, 2, 5, 6, 2, 7, 7, 8], [4, 5, 2, 3, 5, 6, 1, 2, 2, 7, 7, 8], [4, 5, 5, 6, 1, 3, 3, 7, 2, 3, 7, 8], [4, 5, 5, 6, 1, 3, 3, 7, 7, 8, 2, 3], [4, 5, 5, 6, 2, 3, 1, 2, 2, 7, 7, 8]], 
     table([(0)=[{22}, {}, {}],(1)=[{23}, {[3, 22, 23]}, {}],(2)=[{20, 26}, {[2, 23, 26], [4, 20, 23]}, {}],(3)=[{12, 21, 24}, {[3, 12, 20], [4, 24, 26], [5, 20, 21]}, {}],(4)=[{1, 13, 14, 18, 25}, {[2, 1, 12], [2, 18, 24], [3, 13, 21], [3, 14, 24], [4, 12, 18], [5, 24, 25]}, {}],(5)=[{2, 3, 15, 16, 19}, {[2, 2, 13], [2, 3, 14], [2, 19, 25], [3, 15, 25], [4, 1, 3], [4, 13, 16], [5, 13, 16], [5, 14, 15], [5, 18, 19]}, {}],(6)=[{4, 5, 9, 17}, {[2, 4, 15], [2, 5, 16], [3, 3, 9], [4, 2, 5], [4, 15, 17], [5, 2, 5], [5, 3, 4]}, {}],(7)=[{6, 7, 10}, {[2, 6, 17], [3, 4, 10], [3, 5, 7], [5, 9, 10]}, {}],(8)=[{8, 11}, {[3, 6, 8], [4, 6, 8], [4, 10, 11], [5, 7, 8]}, {}]]) ], 

  [ [[2, 3], [2, 4], [2, 5], [3, 4], [3, 5], [4, 5], [1, 3], [1, 3, 4], [1, 3, 5], [1, 4], [1, 4, 5], [1, 5], [1, 2, 4], [1, 2, 5], [1, 2], [1, 3, 5], [1, 3], [1, 4], [2, 4], [2, 4, 5], [2, 5], [2, 3, 5], [2, 3], [2, 4], [3, 5], [3, 4]], 
     {[2, 1, 7], [2, 2, 8], [2, 3, 9], [2, 10, 19], [2, 11, 20], [2, 12, 21], [2, 16, 22], [2, 17, 23], [2, 18, 24], [3, 2, 4], [3, 3, 5], [3, 7, 13], [3, 8, 19], [3, 9, 20], [3, 14, 16], [3, 15, 17], [3, 21, 25], [3, 24, 26], [4, 1, 2], [4, 5, 6], [4, 7, 10], [4, 9, 11], [4, 13, 16], [4, 17, 18], [4, 19, 22], [4, 20, 25], [4, 23, 24], [5, 2, 3], [5, 4, 5], [5, 8, 9], [5, 10, 12], [5, 13, 14], [5, 16, 18], [5, 19, 21], [5, 22, 24], [5, 25, 26]}, 
     [[1, 3, 3, 8, 4, 5, 2, 3, 5, 6, 6, 7], [1, 3, 3, 8, 4, 5, 5, 6, 2, 3, 6, 7], [1, 3, 3, 8, 4, 5, 5, 6, 6, 7, 2, 3], [1, 3, 4, 5, 3, 8, 5, 6, 2, 3, 6, 7], [1, 3, 4, 5, 3, 8, 5, 6, 6, 7, 2, 3], [1, 3, 4, 5, 5, 6, 3, 8, 6, 7, 2, 3], [4, 5, 1, 3, 3, 8, 2, 3, 5, 6, 6, 7], [4, 5, 1, 3, 3, 8, 5, 6, 2, 3, 6, 7], [4, 5, 1, 3, 3, 8, 5, 6, 6, 7, 2, 3], [4, 5, 1, 3, 5, 6, 3, 8, 2, 3, 6, 7], [4, 5, 1, 3, 5, 6, 3, 8, 6, 7, 2, 3], [4, 5, 1, 3, 5, 6, 6, 7, 3, 8, 2, 3], [4, 5, 2, 3, 1, 2, 2, 8, 5, 6, 6, 7], [4, 5, 2, 3, 1, 2, 5, 6, 2, 8, 6, 7], [4, 5, 2, 3, 1, 2, 5, 6, 6, 7, 2, 8], [4, 5, 2, 3, 5, 6, 1, 2, 2, 8, 6, 7], [4, 5, 2, 3, 5, 6, 1, 2, 6, 7, 2, 8], [4, 5, 2, 3, 5, 6, 6, 7, 1, 2, 2, 8], [4, 5, 5, 6, 1, 3, 3, 8, 2, 3, 6, 7], [4, 5, 5, 6, 1, 3, 3, 8, 6, 7, 2, 3], [4, 5, 5, 6, 1, 3, 6, 7, 3, 8, 2, 3], [4, 5, 5, 6, 2, 3, 1, 2, 2, 8, 6, 7], [4, 5, 5, 6, 2, 3, 1, 2, 6, 7, 2, 8], [4, 5, 5, 6, 2, 3, 6, 7, 1, 2, 2, 8], [4, 5, 5, 6, 6, 7, 1, 3, 3, 8, 2, 3], [4, 5, 5, 6, 6, 7, 2, 3, 1, 2, 2, 8]], 
     table([(0)=[{15}, {}, {}],(1)=[{17}, {[3, 15, 17]}, {}],(2)=[{18, 23}, {[2, 17, 23], [4, 17, 18]}, {}],(3)=[{16, 24}, {[2, 18, 24], [4, 23, 24], [5, 16, 18]}, {}],(4)=[{13, 14, 22, 26}, {[2, 16, 22], [3, 14, 16], [3, 24, 26], [4, 13, 16], [5, 22, 24]}, {[5, 13, 14]}],(5)=[{7, 19, 25}, {[3, 7, 13], [4, 19, 22], [5, 25, 26]}, {}],(6)=[{1, 8, 10, 20, 21}, {[2, 1, 7], [2, 10, 19], [3, 8, 19], [3, 21, 25], [4, 7, 10], [4, 20, 25], [5, 19, 21]}, {}],(7)=[{2, 9, 11, 12}, {[2, 2, 8], [2, 11, 20], [2, 12, 21], [3, 9, 20], [4, 1, 2], [5, 8, 9], [5, 10, 12]}, {[4, 9, 11]}],(9)=[{5}, {[3, 3, 5], [5, 4, 5]}, {}],(8)=[{3, 4}, {[2, 3, 9], [3, 2, 4], [5, 2, 3]}, {}],(10)=[{6}, {[4, 5, 6]}, {}]]) ], 

  [ [[2, 3], [2, 3, 5], [2, 4], [2, 5], [2, 4], [2, 4, 5], [3, 4], [3, 5], [3, 4], [3, 5], [4, 5], [1, 2, 4], [1, 2, 5], [1, 2], [1, 3], [1, 3, 5], [1, 3, 4], [1, 3, 5], [1, 4], [1, 4, 5], [1, 3], [1, 4], [1, 5], [2, 3], [2, 4], [2, 5]], 
     {[2, 1, 15], [2, 2, 16], [2, 3, 17], [2, 4, 18], [2, 5, 19], [2, 6, 20], [2, 21, 24], [2, 22, 25], [2, 23, 26], [3, 3, 9], [3, 4, 10], [3, 5, 7], [3, 6, 8], [3, 12, 15], [3, 13, 16], [3, 14, 21], [3, 17, 25], [3, 18, 26], [4, 1, 3], [4, 2, 5], [4, 6, 8], [4, 10, 11], [4, 12, 15], [4, 16, 19], [4, 18, 20], [4, 21, 22], [4, 24, 25], [5, 2, 5], [5, 3, 4], [5, 7, 8], [5, 9, 10], [5, 12, 13], [5, 16, 19], [5, 17, 18], [5, 22, 23], [5, 25, 26]}, 
     [[1, 4, 4, 8, 5, 6, 2, 3, 6, 7, 8, 9], [1, 4, 4, 8, 5, 6, 2, 3, 8, 9, 6, 7], [1, 4, 4, 8, 5, 6, 6, 7, 2, 3, 8, 9], [1, 4, 4, 8, 5, 6, 6, 7, 8, 9, 2, 3], [1, 4, 4, 8, 5, 6, 8, 9, 2, 3, 6, 7], [1, 4, 4, 8, 5, 6, 8, 9, 6, 7, 2, 3], [1, 4, 4, 8, 8, 9, 5, 6, 2, 3, 6, 7], [1, 4, 4, 8, 8, 9, 5, 6, 6, 7, 2, 3], [1, 4, 5, 6, 4, 8, 6, 7, 2, 3, 8, 9], [1, 4, 5, 6, 4, 8, 6, 7, 8, 9, 2, 3], [1, 4, 5, 6, 4, 8, 8, 9, 6, 7, 2, 3], [5, 6, 1, 4, 2, 3, 4, 8, 6, 7, 8, 9], [5, 6, 1, 4, 2, 3, 4, 8, 8, 9, 6, 7], [5, 6, 1, 4, 2, 3, 6, 7, 4, 8, 8, 9], [5, 6, 1, 4, 4, 8, 2, 3, 6, 7, 8, 9], [5, 6, 1, 4, 4, 8, 2, 3, 8, 9, 6, 7], [5, 6, 1, 4, 4, 8, 6, 7, 2, 3, 8, 9], [5, 6, 1, 4, 4, 8, 6, 7, 8, 9, 2, 3], [5, 6, 1, 4, 4, 8, 8, 9, 2, 3, 6, 7], [5, 6, 1, 4, 4, 8, 8, 9, 6, 7, 2, 3], [5, 6, 1, 4, 6, 7, 2, 3, 4, 8, 8, 9], [5, 6, 1, 4, 6, 7, 4, 8, 2, 3, 8, 9], [5, 6, 1, 4, 6, 7, 4, 8, 8, 9, 2, 3], [5, 6, 6, 7, 1, 4, 2, 3, 4, 8, 8, 9], [5, 6, 6, 7, 1, 4, 4, 8, 2, 3, 8, 9], [5, 6, 6, 7, 1, 4, 4, 8, 8, 9, 2, 3]], 
     table([(0)=[{14}, {}, {}],(1)=[{21}, {[3, 14, 21]}, {}],(2)=[{22, 24}, {[2, 21, 24], [4, 21, 22]}, {}],(3)=[{23, 25}, {[2, 22, 25], [4, 24, 25], [5, 22, 23]}, {}],(4)=[{17, 26}, {[2, 23, 26], [3, 17, 25], [5, 25, 26]}, {}],(5)=[{3, 18}, {[2, 3, 17], [3, 18, 26], [5, 17, 18]}, {}],(6)=[{1, 4, 9, 20}, {[2, 4, 18], [3, 3, 9], [4, 1, 3], [4, 18, 20], [5, 3, 4]}, {}],(7)=[{6, 10, 15}, {[2, 1, 15], [2, 6, 20], [3, 4, 10], [5, 9, 10]}, {}],(9)=[{7, 13}, {[5, 7, 8], [5, 12, 13]}, {}],(8)=[{8, 11, 12}, {[3, 6, 8], [3, 12, 15], [4, 6, 8], [4, 10, 11], [4, 12, 15]}, {}],(11)=[{2, 19}, {[2, 2, 16], [2, 5, 19], [4, 2, 5], [4, 16, 19], [5, 2, 5], [5, 16, 19]}, {}],(10)=[{5, 16}, {[3, 5, 7], [3, 13, 16]}, {}]]) ], 

  [ [[2, 3], [2, 4], [2, 5], [3, 4], [3, 5], [4, 5], [1, 2, 4], [1, 2, 5], [1, 2], [1, 3], [1, 3, 4], [1, 3, 5], [1, 3, 5], [1, 3], [1, 4], [1, 4, 5], [1, 4], [1, 5], [2, 3, 5], [2, 3], [2, 4], [2, 4, 5], [2, 4], [2, 5], [3, 4], [3, 5]], 
     {[2, 1, 10], [2, 2, 11], [2, 3, 12], [2, 13, 19], [2, 14, 20], [2, 15, 21], [2, 16, 22], [2, 17, 23], [2, 18, 24], [3, 2, 4], [3, 3, 5], [3, 7, 10], [3, 8, 13], [3, 9, 14], [3, 11, 21], [3, 12, 22], [3, 23, 25], [3, 24, 26], [4, 1, 2], [4, 5, 6], [4, 7, 10], [4, 12, 16], [4, 13, 15], [4, 14, 17], [4, 19, 21], [4, 20, 23], [4, 22, 26], [5, 2, 3], [5, 4, 5], [5, 7, 8], [5, 11, 12], [5, 13, 15], [5, 17, 18], [5, 19, 21], [5, 23, 24], [5, 25, 26]}, 
     [[1, 4, 4, 9, 5, 6, 2, 3, 6, 7, 7, 8], [1, 4, 4, 9, 5, 6, 6, 7, 2, 3, 7, 8], [1, 4, 4, 9, 5, 6, 6, 7, 7, 8, 2, 3], [1, 4, 5, 6, 4, 9, 6, 7, 2, 3, 7, 8], [1, 4, 5, 6, 4, 9, 6, 7, 7, 8, 2, 3], [1, 4, 5, 6, 6, 7, 4, 9, 7, 8, 2, 3], [5, 6, 1, 4, 2, 3, 4, 9, 6, 7, 7, 8], [5, 6, 1, 4, 2, 3, 6, 7, 4, 9, 7, 8], [5, 6, 1, 4, 2, 3, 6, 7, 7, 8, 4, 9], [5, 6, 1, 4, 4, 9, 2, 3, 6, 7, 7, 8], [5, 6, 1, 4, 4, 9, 6, 7, 2, 3, 7, 8], [5, 6, 1, 4, 4, 9, 6, 7, 7, 8, 2, 3], [5, 6, 1, 4, 6, 7, 2, 3, 4, 9, 7, 8], [5, 6, 1, 4, 6, 7, 2, 3, 7, 8, 4, 9], [5, 6, 1, 4, 6, 7, 4, 9, 2, 3, 7, 8], [5, 6, 1, 4, 6, 7, 4, 9, 7, 8, 2, 3], [5, 6, 1, 4, 6, 7, 7, 8, 2, 3, 4, 9], [5, 6, 1, 4, 6, 7, 7, 8, 4, 9, 2, 3], [5, 6, 6, 7, 1, 4, 2, 3, 4, 9, 7, 8], [5, 6, 6, 7, 1, 4, 2, 3, 7, 8, 4, 9], [5, 6, 6, 7, 1, 4, 4, 9, 2, 3, 7, 8], [5, 6, 6, 7, 1, 4, 4, 9, 7, 8, 2, 3], [5, 6, 6, 7, 1, 4, 7, 8, 2, 3, 4, 9], [5, 6, 6, 7, 1, 4, 7, 8, 4, 9, 2, 3], [5, 6, 6, 7, 7, 8, 1, 4, 2, 3, 4, 9], [5, 6, 6, 7, 7, 8, 1, 4, 4, 9, 2, 3]], 
     table([(0)=[{9}, {}, {}],(1)=[{14}, {[3, 9, 14]}, {}],(2)=[{17, 20}, {[2, 14, 20], [4, 14, 17]}, {}],(3)=[{18, 23}, {[2, 17, 23], [4, 20, 23], [5, 17, 18]}, {}],(4)=[{24, 25}, {[2, 18, 24], [3, 23, 25], [5, 23, 24]}, {}],(5)=[{26}, {[3, 24, 26], [5, 25, 26]}, {}],(6)=[{22}, {[4, 22, 26]}, {}],(7)=[{12, 16}, {[2, 16, 22], [3, 12, 22]}, {[4, 12, 16]}],(9)=[{2, 5, 21}, {[2, 2, 11], [3, 3, 5], [3, 11, 21], [5, 2, 3]}, {}],(8)=[{3, 11}, {[2, 3, 12], [5, 11, 12]}, {}],(11)=[{10, 13}, {[2, 1, 10], [2, 13, 19], [4, 13, 15], [5, 13, 15]}, {}],(10)=[{1, 4, 6, 15, 19}, {[2, 15, 21], [3, 2, 4], [4, 1, 2], [4, 5, 6], [4, 19, 21], [5, 4, 5], [5, 19, 21]}, {}],(12)=[{7, 8}, {[3, 7, 10], [3, 8, 13], [4, 7, 10]}, {[5, 7, 8]}]]) ], 

  [ [[1, 3, 4], [1, 3, 5], [1, 4, 5], [2, 4], [2, 5], [2, 4, 5], [2, 3], [2, 3, 5], [2, 4], [3, 5], [3, 4], [3, 4], [3, 5], [4, 5], [2, 4], [2, 5], [2, 3], [1, 4], [1, 5], [1, 3], [1, 3, 5], [1, 4], [1, 2, 4], [1, 2, 5], [1, 2], [1, 3]], 
     {[2, 1, 4], [2, 2, 5], [2, 3, 6], [2, 7, 20], [2, 8, 21], [2, 9, 22], [2, 15, 18], [2, 16, 19], [2, 17, 26], [3, 1, 4], [3, 2, 5], [3, 6, 10], [3, 9, 11], [3, 12, 15], [3, 13, 16], [3, 20, 23], [3, 21, 24], [3, 25, 26], [4, 2, 3], [4, 4, 7], [4, 6, 10], [4, 8, 9], [4, 13, 14], [4, 15, 17], [4, 18, 20], [4, 21, 22], [4, 23, 26], [5, 1, 2], [5, 4, 5], [5, 8, 9], [5, 10, 11], [5, 12, 13], [5, 15, 16], [5, 18, 19], [5, 21, 22], [5, 23, 24]}, 
     [[1, 5, 3, 4, 5, 6, 4, 5, 2, 4, 6, 7], [1, 5, 3, 4, 5, 6, 4, 5, 6, 7, 2, 4], [1, 5, 3, 4, 5, 6, 6, 7, 4, 5, 2, 4], [1, 5, 5, 6, 3, 4, 4, 5, 2, 4, 6, 7], [1, 5, 5, 6, 3, 4, 4, 5, 6, 7, 2, 4], [1, 5, 5, 6, 3, 4, 6, 7, 4, 5, 2, 4], [1, 5, 5, 6, 3, 5, 2, 3, 3, 4, 6, 7], [1, 5, 5, 6, 3, 5, 2, 3, 6, 7, 3, 4], [1, 5, 5, 6, 3, 5, 6, 7, 2, 3, 3, 4], [1, 5, 5, 6, 6, 7, 3, 4, 4, 5, 2, 4], [1, 5, 5, 6, 6, 7, 3, 5, 2, 3, 3, 4], [3, 4, 1, 5, 5, 6, 4, 5, 2, 4, 6, 7], [3, 4, 1, 5, 5, 6, 4, 5, 6, 7, 2, 4], [3, 4, 1, 5, 5, 6, 6, 7, 4, 5, 2, 4], [3, 4, 4, 5, 1, 4, 4, 6, 2, 4, 6, 7], [3, 4, 4, 5, 1, 4, 4, 6, 6, 7, 2, 4], [3, 4, 4, 5, 2, 4, 1, 2, 2, 6, 6, 7], [3, 5, 1, 3, 3, 4, 4, 6, 2, 4, 6, 7], [3, 5, 1, 3, 3, 4, 4, 6, 6, 7, 2, 4], [3, 5, 1, 3, 3, 6, 2, 3, 3, 4, 6, 7], [3, 5, 1, 3, 3, 6, 2, 3, 6, 7, 3, 4], [3, 5, 1, 3, 3, 6, 6, 7, 2, 3, 3, 4], [3, 5, 2, 3, 1, 2, 2, 6, 3, 4, 6, 7], [3, 5, 2, 3, 1, 2, 2, 6, 6, 7, 3, 4], [3, 5, 2, 3, 1, 2, 3, 4, 2, 6, 6, 7], [3, 5, 2, 3, 3, 4, 1, 2, 2, 6, 6, 7]], 
     table([(0)=[{25}, {}, {}],(1)=[{26}, {[3, 25, 26]}, {}],(2)=[{17, 23}, {[2, 17, 26], [4, 23, 26]}, {}],(3)=[{15, 20, 24}, {[3, 20, 23], [4, 15, 17], [5, 23, 24]}, {}],(4)=[{7, 12, 16, 18, 21}, {[2, 7, 20], [2, 15, 18], [3, 12, 15], [3, 21, 24], [4, 18, 20], [5, 15, 16]}, {}],(5)=[{4, 8, 13, 19, 22}, {[2, 8, 21], [2, 16, 19], [3, 13, 16], [4, 4, 7], [4, 21, 22], [5, 12, 13], [5, 18, 19], [5, 21, 22]}, {}],(6)=[{1, 5, 9, 14}, {[2, 1, 4], [2, 9, 22], [3, 1, 4], [4, 8, 9], [4, 13, 14], [5, 4, 5], [5, 8, 9]}, {}],(7)=[{2, 11}, {[2, 2, 5], [3, 2, 5], [3, 9, 11], [5, 1, 2]}, {}],(9)=[{6}, {[2, 3, 6], [3, 6, 10], [4, 6, 10]}, {}],(8)=[{3, 10}, {[4, 2, 3], [5, 10, 11]}, {}]]) ], 

  [ [[1, 4, 5], [1, 3, 5], [1, 3, 4], [2, 5], [2, 4], [2, 3], [2, 4, 5], [3, 5], [3, 4], [4, 5], [3, 5], [3, 4], [2, 5], [2, 4], [2, 3, 5], [2, 3], [2, 4], [1, 5], [1, 4], [1, 3], [1, 2, 4], [1, 2, 5], [1, 2], [1, 3, 5], [1, 3], [1, 4]], 
     {[2, 1, 7], [2, 2, 4], [2, 3, 5], [2, 6, 20], [2, 13, 18], [2, 14, 19], [2, 15, 24], [2, 16, 25], [2, 17, 26], [3, 2, 4], [3, 3, 5], [3, 7, 8], [3, 9, 14], [3, 11, 13], [3, 12, 17], [3, 20, 21], [3, 22, 24], [3, 23, 25], [4, 1, 2], [4, 5, 6], [4, 7, 8], [4, 10, 11], [4, 14, 15], [4, 16, 17], [4, 19, 20], [4, 21, 24], [4, 25, 26], [5, 2, 3], [5, 4, 5], [5, 8, 9], [5, 11, 12], [5, 13, 14], [5, 15, 17], [5, 18, 19], [5, 21, 22], [5, 24, 26]}, 
     [[1, 6, 3, 4, 4, 5, 6, 7, 5, 6, 2, 5], [1, 6, 3, 4, 6, 7, 4, 5, 5, 6, 2, 5], [1, 6, 3, 4, 6, 7, 4, 6, 2, 4, 4, 5], [1, 6, 6, 7, 3, 4, 4, 5, 5, 6, 2, 5], [1, 6, 6, 7, 3, 4, 4, 6, 2, 4, 4, 5], [1, 6, 6, 7, 3, 6, 2, 3, 3, 4, 4, 5], [3, 4, 1, 6, 4, 5, 6, 7, 5, 6, 2, 5], [3, 4, 1, 6, 6, 7, 4, 5, 5, 6, 2, 5], [3, 4, 1, 6, 6, 7, 4, 6, 2, 4, 4, 5], [3, 4, 4, 5, 1, 6, 6, 7, 5, 6, 2, 5], [3, 4, 4, 5, 5, 6, 1, 5, 5, 7, 2, 5], [3, 4, 4, 5, 5, 6, 2, 5, 1, 2, 2, 7], [3, 4, 4, 6, 1, 4, 4, 5, 5, 7, 2, 5], [3, 4, 4, 6, 1, 4, 4, 7, 2, 4, 4, 5], [3, 4, 4, 6, 2, 4, 1, 2, 2, 7, 4, 5], [3, 4, 4, 6, 2, 4, 1, 2, 4, 5, 2, 7], [3, 4, 4, 6, 2, 4, 4, 5, 1, 2, 2, 7], [3, 6, 1, 3, 3, 4, 4, 5, 5, 7, 2, 5], [3, 6, 1, 3, 3, 4, 4, 7, 2, 4, 4, 5], [3, 6, 1, 3, 3, 7, 2, 3, 3, 4, 4, 5], [3, 6, 2, 3, 1, 2, 2, 7, 3, 4, 4, 5], [3, 6, 2, 3, 1, 2, 3, 4, 2, 7, 4, 5], [3, 6, 2, 3, 1, 2, 3, 4, 4, 5, 2, 7], [3, 6, 2, 3, 3, 4, 1, 2, 2, 7, 4, 5], [3, 6, 2, 3, 3, 4, 1, 2, 4, 5, 2, 7], [3, 6, 2, 3, 3, 4, 4, 5, 1, 2, 2, 7]], 
     table([(0)=[{23}, {}, {}],(1)=[{25}, {[3, 23, 25]}, {}],(2)=[{16, 26}, {[2, 16, 25], [4, 25, 26]}, {}],(3)=[{17, 24}, {[2, 17, 26], [4, 16, 17], [5, 24, 26]}, {}],(4)=[{12, 15, 21, 22}, {[2, 15, 24], [3, 12, 17], [3, 22, 24], [4, 21, 24], [5, 15, 17]}, {[5, 21, 22]}],(5)=[{11, 14, 20}, {[3, 20, 21], [4, 14, 15], [5, 11, 12]}, {}],(6)=[{6, 9, 10, 13, 19}, {[2, 6, 20], [2, 14, 19], [3, 9, 14], [3, 11, 13], [4, 10, 11], [4, 19, 20], [5, 13, 14]}, {}],(7)=[{5, 8, 18}, {[2, 13, 18], [4, 5, 6], [5, 8, 9], [5, 18, 19]}, {}],(9)=[{1, 2}, {[2, 1, 7], [2, 2, 4], [3, 2, 4], [5, 2, 3]}, {[4, 1, 2]}],(8)=[{3, 4, 7}, {[2, 3, 5], [3, 3, 5], [3, 7, 8], [4, 7, 8], [5, 4, 5]}, {}]]) ], 

  [ [[1, 5], [1, 4], [1, 3], [1, 2, 4], [1, 2, 5], [1, 2], [1, 3, 5], [1, 3], [1, 4], [2, 5], [2, 4], [2, 3], [3, 5], [3, 4], [4, 5], [2, 4], [2, 5], [2, 3, 5], [2, 3], [2, 4], [1, 3, 4], [1, 3, 5], [1, 4, 5], [3, 5], [3, 4], [2, 4, 5]], 
     {[2, 1, 10], [2, 2, 11], [2, 3, 12], [2, 7, 18], [2, 8, 19], [2, 9, 20], [2, 16, 21], [2, 17, 22], [2, 23, 26], [3, 3, 4], [3, 5, 7], [3, 6, 8], [3, 10, 13], [3, 11, 14], [3, 16, 21], [3, 17, 22], [3, 20, 25], [3, 24, 26], [4, 2, 3], [4, 4, 7], [4, 8, 9], [4, 11, 12], [4, 13, 15], [4, 16, 18], [4, 19, 20], [4, 22, 23], [4, 24, 26], [5, 1, 2], [5, 4, 5], [5, 7, 9], [5, 10, 11], [5, 13, 14], [5, 16, 17], [5, 18, 20], [5, 21, 22], [5, 24, 25]}, 
     [[1, 8, 2, 4, 4, 5, 5, 6, 6, 7, 3, 6], [1, 8, 2, 4, 4, 5, 5, 7, 3, 5, 5, 6], [1, 8, 2, 4, 4, 7, 3, 4, 4, 5, 5, 6], [1, 8, 3, 4, 2, 3, 3, 7, 4, 5, 5, 6], [1, 8, 3, 4, 2, 3, 4, 5, 3, 7, 5, 6], [1, 8, 3, 4, 2, 3, 4, 5, 5, 6, 3, 7], [1, 8, 3, 4, 4, 5, 2, 3, 3, 7, 5, 6], [1, 8, 3, 4, 4, 5, 2, 3, 5, 6, 3, 7], [1, 8, 3, 4, 4, 5, 5, 6, 2, 3, 3, 7], [2, 4, 1, 8, 4, 5, 5, 6, 6, 7, 3, 6], [2, 4, 1, 8, 4, 5, 5, 7, 3, 5, 5, 6], [2, 4, 1, 8, 4, 7, 3, 4, 4, 5, 5, 6], [2, 4, 4, 5, 1, 8, 5, 6, 6, 7, 3, 6], [2, 4, 4, 5, 1, 8, 5, 7, 3, 5, 5, 6], [2, 4, 4, 5, 5, 6, 1, 8, 6, 7, 3, 6], [3, 4, 1, 8, 2, 3, 3, 7, 4, 5, 5, 6], [3, 4, 1, 8, 2, 3, 4, 5, 3, 7, 5, 6], [3, 4, 1, 8, 4, 5, 2, 3, 3, 7, 5, 6], [3, 4, 1, 8, 4, 5, 2, 3, 5, 6, 3, 7], [3, 4, 1, 8, 4, 5, 5, 6, 2, 3, 3, 7], [3, 4, 2, 3, 1, 8, 3, 7, 4, 5, 5, 6], [3, 4, 2, 3, 1, 8, 4, 5, 3, 7, 5, 6], [3, 4, 2, 3, 4, 5, 1, 8, 3, 7, 5, 6], [3, 4, 4, 5, 1, 8, 2, 3, 3, 7, 5, 6], [3, 4, 4, 5, 1, 8, 5, 6, 2, 3, 3, 7], [3, 4, 4, 5, 2, 3, 1, 8, 3, 7, 5, 6]], 
     table([(0)=[{6}, {}, {}],(1)=[{8}, {[3, 6, 8]}, {}],(2)=[{9, 19}, {[2, 8, 19], [4, 8, 9]}, {}],(3)=[{7, 20}, {[2, 9, 20], [4, 19, 20], [5, 7, 9]}, {}],(4)=[{4, 5, 18, 25}, {[2, 7, 18], [3, 5, 7], [3, 20, 25], [4, 4, 7], [5, 18, 20]}, {[5, 4, 5]}],(5)=[{3, 16, 24}, {[3, 3, 4], [4, 16, 18], [5, 24, 25]}, {}],(6)=[{2, 12, 17, 21, 26}, {[2, 3, 12], [2, 16, 21], [3, 16, 21], [3, 24, 26], [4, 2, 3], [4, 24, 26], [5, 16, 17]}, {}],(7)=[{1, 11, 22, 23}, {[2, 2, 11], [2, 17, 22], [2, 23, 26], [3, 17, 22], [4, 11, 12], [5, 1, 2], [5, 21, 22]}, {[4, 22, 23]}],(9)=[{13}, {[3, 10, 13], [5, 13, 14]}, {}],(8)=[{10, 14}, {[2, 1, 10], [3, 11, 14], [5, 10, 11]}, {}],(10)=[{15}, {[4, 13, 15]}, {}]]) ], 

#################################################################
### The symmetric function = s[3, 2, 1] + s[3, 1, 1, 1]   has 13 graph isomorphism types.

  [ [[3, 4, 5], [2, 4, 5], [2, 3, 5], [2, 3, 4], [2, 4, 5], [3, 5], [3, 4], [2, 3, 5], [2, 4], [1, 4, 5], [1, 3, 5], [1, 3, 4], [1, 2, 5], [1, 2, 4], [1, 2, 3], [1, 4, 5], [1, 3, 5], [1, 3, 4], [1, 3, 5], [1, 4], [2, 5], [2, 4], [2, 3], [1, 2, 5], [1, 2, 4], [1, 3]], 
     {[2, 2, 10], [2, 3, 11], [2, 4, 12], [2, 5, 16], [2, 8, 19], [2, 9, 20], [2, 17, 21], [2, 18, 22], [2, 23, 26], [3, 1, 5], [3, 2, 6], [3, 7, 9], [3, 11, 13], [3, 12, 14], [3, 17, 21], [3, 18, 22], [3, 19, 24], [3, 25, 26], [4, 2, 3], [4, 5, 8], [4, 6, 9], [4, 10, 11], [4, 14, 15], [4, 16, 19], [4, 17, 20], [4, 22, 23], [4, 25, 26], [5, 3, 4], [5, 6, 7], [5, 8, 9], [5, 11, 12], [5, 13, 14], [5, 17, 18], [5, 19, 20], [5, 21, 22], [5, 24, 25]}, 
     [[1, 2, 3, 4, 4, 8, 6, 7, 5, 6, 2, 4], [1, 2, 3, 8, 2, 3, 6, 7, 5, 6, 3, 4], [1, 2, 3, 8, 6, 7, 2, 3, 5, 6, 3, 4], [1, 2, 3, 8, 6, 7, 5, 6, 2, 3, 3, 4], [1, 2, 6, 7, 3, 4, 4, 8, 5, 6, 2, 4], [1, 2, 6, 7, 3, 8, 2, 3, 5, 6, 3, 4], [1, 2, 6, 7, 3, 8, 5, 6, 2, 3, 3, 4], [1, 2, 6, 7, 5, 6, 3, 4, 4, 8, 2, 4], [1, 2, 6, 7, 5, 6, 3, 8, 2, 3, 3, 4], [3, 8, 1, 2, 2, 3, 6, 7, 5, 6, 3, 4], [3, 8, 1, 2, 6, 7, 2, 3, 5, 6, 3, 4], [3, 8, 1, 2, 6, 7, 5, 6, 2, 3, 3, 4], [3, 8, 6, 7, 1, 2, 2, 3, 5, 6, 3, 4], [3, 8, 6, 7, 1, 2, 5, 6, 2, 3, 3, 4], [3, 8, 6, 7, 5, 6, 1, 2, 2, 3, 3, 4], [6, 7, 1, 2, 3, 4, 4, 8, 5, 6, 2, 4], [6, 7, 1, 2, 3, 8, 2, 3, 5, 6, 3, 4], [6, 7, 1, 2, 3, 8, 5, 6, 2, 3, 3, 4], [6, 7, 1, 2, 5, 6, 3, 4, 4, 8, 2, 4], [6, 7, 1, 2, 5, 6, 3, 8, 2, 3, 3, 4], [6, 7, 3, 8, 1, 2, 2, 3, 5, 6, 3, 4], [6, 7, 3, 8, 1, 2, 5, 6, 2, 3, 3, 4], [6, 7, 3, 8, 5, 6, 1, 2, 2, 3, 3, 4], [6, 7, 5, 6, 1, 2, 3, 4, 4, 8, 2, 4], [6, 7, 5, 6, 1, 2, 3, 8, 2, 3, 3, 4], [6, 7, 5, 6, 3, 8, 1, 2, 2, 3, 3, 4]], 
     table([(0)=[{15}, {}, {}],(1)=[{14}, {[4, 14, 15]}, {}],(2)=[{12, 13}, {[3, 12, 14], [5, 13, 14]}, {}],(3)=[{4, 11}, {[2, 4, 12], [3, 11, 13], [5, 11, 12]}, {}],(4)=[{3, 10}, {[2, 3, 11], [4, 10, 11], [5, 3, 4]}, {}],(5)=[{2}, {[2, 2, 10], [4, 2, 3]}, {}],(6)=[{6}, {[3, 2, 6]}, {}],(7)=[{7, 9}, {[4, 6, 9], [5, 6, 7]}, {[3, 7, 9]}],(9)=[{5, 17, 19}, {[2, 8, 19], [4, 5, 8], [4, 17, 20], [5, 19, 20]}, {}],(8)=[{8, 20}, {[2, 9, 20], [5, 8, 9]}, {}],(11)=[{22, 25}, {[2, 18, 22], [3, 18, 22], [5, 21, 22], [5, 24, 25]}, {}],(10)=[{1, 16, 18, 21, 24}, {[2, 5, 16], [2, 17, 21], [3, 1, 5], [3, 17, 21], [3, 19, 24], [4, 16, 19], [5, 17, 18]}, {}],(12)=[{23, 26}, {[3, 25, 26], [4, 22, 23], [4, 25, 26]}, {[2, 23, 26]}]]) ], 

  [ [[3, 4, 5], [2, 4, 5], [3, 5], [3, 4], [2, 4, 5], [2, 3, 5], [2, 3, 4], [2, 3, 5], [2, 4], [1, 4, 5], [1, 3, 5], [1, 3, 4], [2, 5], [2, 4], [2, 3], [1, 4, 5], [1, 3, 5], [1, 3, 4], [1, 3, 5], [1, 4], [1, 2, 5], [1, 2, 4], [1, 2, 3], [1, 2, 5], [1, 2, 4], [1, 3]], 
     {[2, 2, 10], [2, 5, 16], [2, 6, 17], [2, 7, 18], [2, 8, 19], [2, 9, 20], [2, 11, 13], [2, 12, 14], [2, 15, 26], [3, 1, 5], [3, 2, 3], [3, 4, 9], [3, 11, 13], [3, 12, 14], [3, 17, 21], [3, 18, 22], [3, 19, 24], [3, 25, 26], [4, 2, 3], [4, 5, 8], [4, 6, 9], [4, 10, 11], [4, 14, 15], [4, 16, 19], [4, 17, 20], [4, 22, 23], [4, 25, 26], [5, 3, 4], [5, 6, 7], [5, 8, 9], [5, 11, 12], [5, 13, 14], [5, 17, 18], [5, 19, 20], [5, 21, 22], [5, 24, 25]}, 
     [[1, 2, 3, 4, 7, 8, 4, 7, 5, 6, 2, 4], [1, 2, 5, 6, 3, 4, 7, 8, 4, 7, 2, 4], [1, 2, 5, 6, 7, 8, 3, 4, 4, 7, 2, 4], [1, 2, 5, 6, 7, 8, 3, 7, 2, 3, 3, 4], [1, 2, 7, 8, 3, 4, 4, 7, 5, 6, 2, 4], [1, 2, 7, 8, 3, 7, 2, 3, 5, 6, 3, 4], [1, 2, 7, 8, 3, 7, 5, 6, 2, 3, 3, 4], [1, 2, 7, 8, 5, 6, 3, 4, 4, 7, 2, 4], [1, 2, 7, 8, 5, 6, 3, 7, 2, 3, 3, 4], [5, 6, 1, 2, 3, 4, 7, 8, 4, 7, 2, 4], [5, 6, 1, 2, 7, 8, 3, 4, 4, 7, 2, 4], [5, 6, 1, 2, 7, 8, 3, 7, 2, 3, 3, 4], [5, 6, 7, 8, 1, 2, 3, 4, 4, 7, 2, 4], [5, 6, 7, 8, 1, 2, 3, 7, 2, 3, 3, 4], [5, 6, 7, 8, 3, 7, 1, 2, 2, 3, 3, 4], [7, 8, 1, 2, 3, 4, 4, 7, 5, 6, 2, 4], [7, 8, 1, 2, 3, 7, 2, 3, 5, 6, 3, 4], [7, 8, 1, 2, 3, 7, 5, 6, 2, 3, 3, 4], [7, 8, 1, 2, 5, 6, 3, 4, 4, 7, 2, 4], [7, 8, 1, 2, 5, 6, 3, 7, 2, 3, 3, 4], [7, 8, 3, 7, 1, 2, 2, 3, 5, 6, 3, 4], [7, 8, 3, 7, 1, 2, 5, 6, 2, 3, 3, 4], [7, 8, 3, 7, 5, 6, 1, 2, 2, 3, 3, 4], [7, 8, 5, 6, 1, 2, 3, 4, 4, 7, 2, 4], [7, 8, 5, 6, 1, 2, 3, 7, 2, 3, 3, 4], [7, 8, 5, 6, 3, 7, 1, 2, 2, 3, 3, 4]], 
     table([(0)=[{23}, {}, {}],(1)=[{22}, {[4, 22, 23]}, {}],(2)=[{18, 21}, {[3, 18, 22], [5, 21, 22]}, {}],(3)=[{7, 17}, {[2, 7, 18], [3, 17, 21], [5, 17, 18]}, {}],(4)=[{6, 20}, {[2, 6, 17], [4, 17, 20], [5, 6, 7]}, {}],(5)=[{9, 19}, {[2, 9, 20], [4, 6, 9], [5, 19, 20]}, {}],(6)=[{4, 8, 16, 24}, {[2, 8, 19], [3, 4, 9], [3, 19, 24], [4, 16, 19], [5, 8, 9]}, {}],(7)=[{3, 5, 25}, {[2, 5, 16], [4, 5, 8], [5, 3, 4], [5, 24, 25]}, {}],(9)=[{10, 15}, {[2, 2, 10], [2, 15, 26]}, {}],(8)=[{1, 2, 26}, {[3, 1, 5], [3, 2, 3], [3, 25, 26], [4, 2, 3], [4, 25, 26]}, {}],(11)=[{12, 13}, {[2, 11, 13], [2, 12, 14], [3, 11, 13], [3, 12, 14], [5, 11, 12], [5, 13, 14]}, {}],(10)=[{11, 14}, {[4, 10, 11], [4, 14, 15]}, {}]]) ], 

  [ [[3, 4, 5], [2, 4, 5], [2, 3, 5], [2, 4], [2, 3, 5], [2, 3, 4], [2, 4, 5], [3, 5], [3, 4], [1, 4, 5], [1, 3, 5], [1, 4], [1, 3, 5], [1, 3, 4], [1, 2, 5], [1, 2, 4], [1, 3], [1, 2, 5], [1, 2, 4], [1, 2, 3], [1, 4, 5], [1, 3, 5], [1, 3, 4], [2, 5], [2, 4], [2, 3]], 
     {[2, 2, 10], [2, 3, 11], [2, 4, 12], [2, 5, 13], [2, 6, 14], [2, 7, 21], [2, 17, 26], [2, 22, 24], [2, 23, 25], [3, 1, 7], [3, 2, 8], [3, 4, 9], [3, 11, 15], [3, 13, 18], [3, 14, 19], [3, 16, 17], [3, 22, 24], [3, 23, 25], [4, 2, 5], [4, 3, 4], [4, 7, 8], [4, 10, 13], [4, 11, 12], [4, 16, 17], [4, 19, 20], [4, 21, 22], [4, 25, 26], [5, 3, 4], [5, 5, 6], [5, 8, 9], [5, 11, 12], [5, 13, 14], [5, 15, 16], [5, 18, 19], [5, 22, 23], [5, 24, 25]}, 
     [[1, 2, 4, 5, 5, 8, 6, 7, 2, 5, 3, 4], [1, 2, 4, 8, 2, 4, 6, 7, 4, 5, 3, 4], [1, 2, 4, 8, 3, 4, 2, 3, 6, 7, 3, 5], [1, 2, 4, 8, 3, 4, 6, 7, 2, 3, 3, 5], [1, 2, 4, 8, 6, 7, 2, 4, 4, 5, 3, 4], [1, 2, 4, 8, 6, 7, 3, 4, 2, 3, 3, 5], [1, 2, 6, 7, 4, 5, 5, 8, 2, 5, 3, 4], [1, 2, 6, 7, 4, 8, 2, 4, 4, 5, 3, 4], [1, 2, 6, 7, 4, 8, 3, 4, 2, 3, 3, 5], [4, 8, 1, 2, 2, 4, 6, 7, 4, 5, 3, 4], [4, 8, 1, 2, 3, 4, 2, 3, 6, 7, 3, 5], [4, 8, 1, 2, 3, 4, 6, 7, 2, 3, 3, 5], [4, 8, 1, 2, 6, 7, 2, 4, 4, 5, 3, 4], [4, 8, 1, 2, 6, 7, 3, 4, 2, 3, 3, 5], [4, 8, 3, 4, 1, 2, 2, 3, 6, 7, 3, 5], [4, 8, 3, 4, 1, 2, 6, 7, 2, 3, 3, 5], [4, 8, 3, 4, 6, 7, 1, 2, 2, 3, 3, 5], [4, 8, 6, 7, 1, 2, 2, 4, 4, 5, 3, 4], [4, 8, 6, 7, 1, 2, 3, 4, 2, 3, 3, 5], [4, 8, 6, 7, 3, 4, 1, 2, 2, 3, 3, 5], [6, 7, 1, 2, 4, 5, 5, 8, 2, 5, 3, 4], [6, 7, 1, 2, 4, 8, 2, 4, 4, 5, 3, 4], [6, 7, 1, 2, 4, 8, 3, 4, 2, 3, 3, 5], [6, 7, 4, 8, 1, 2, 2, 4, 4, 5, 3, 4], [6, 7, 4, 8, 1, 2, 3, 4, 2, 3, 3, 5], [6, 7, 4, 8, 3, 4, 1, 2, 2, 3, 3, 5]], 
     table([(0)=[{20}, {}, {}],(1)=[{19}, {[4, 19, 20]}, {}],(2)=[{14, 18}, {[3, 14, 19], [5, 18, 19]}, {}],(3)=[{6, 13}, {[2, 6, 14], [3, 13, 18], [5, 13, 14]}, {}],(4)=[{5, 10}, {[2, 5, 13], [4, 10, 13], [5, 5, 6]}, {}],(5)=[{2}, {[2, 2, 10], [4, 2, 5]}, {}],(6)=[{8}, {[3, 2, 8]}, {}],(7)=[{7, 9}, {[4, 7, 8], [5, 8, 9]}, {}],(9)=[{3, 12, 22}, {[2, 4, 12], [4, 3, 4], [4, 21, 22], [5, 3, 4]}, {}],(8)=[{1, 4, 21}, {[2, 7, 21], [3, 1, 7], [3, 4, 9]}, {}],(11)=[{15, 25}, {[2, 23, 25], [3, 11, 15], [3, 23, 25], [5, 24, 25]}, {}],(10)=[{11, 23, 24}, {[2, 3, 11], [2, 22, 24], [3, 22, 24], [4, 11, 12], [5, 11, 12], [5, 22, 23]}, {}],(13)=[{17}, {[2, 17, 26], [3, 16, 17], [4, 16, 17]}, {}],(12)=[{16, 26}, {[4, 25, 26], [5, 15, 16]}, {}]]) ], 

  [ [[1, 3, 4], [1, 3, 5], [1, 4, 5], [1, 2, 4], [1, 2, 5], [1, 2, 3], [1, 2, 4], [1, 2, 5], [1, 3], [1, 3, 5], [1, 4], [2, 3, 4], [2, 3, 5], [2, 4, 5], [3, 4, 5], [2, 4], [2, 5], [2, 4, 5], [2, 3], [2, 3, 5], [2, 4], [3, 5], [3, 4], [1, 3, 4], [1, 3, 5], [1, 4, 5]], 
     {[2, 1, 12], [2, 2, 13], [2, 3, 14], [2, 9, 19], [2, 10, 20], [2, 11, 21], [2, 16, 24], [2, 17, 25], [2, 18, 26], [3, 1, 7], [3, 2, 8], [3, 4, 9], [3, 5, 10], [3, 14, 15], [3, 16, 24], [3, 17, 25], [3, 18, 22], [3, 21, 23], [4, 2, 3], [4, 4, 6], [4, 7, 9], [4, 10, 11], [4, 13, 14], [4, 16, 19], [4, 18, 22], [4, 20, 21], [4, 25, 26], [5, 1, 2], [5, 4, 5], [5, 7, 8], [5, 10, 11], [5, 12, 13], [5, 16, 17], [5, 20, 21], [5, 22, 23], [5, 24, 25]}, 
     [[1, 7, 3, 5, 5, 6, 4, 5, 2, 4, 7, 8], [1, 7, 3, 5, 5, 6, 4, 5, 7, 8, 2, 4], [1, 7, 3, 5, 5, 6, 7, 8, 4, 5, 2, 4], [1, 7, 3, 6, 2, 3, 4, 5, 3, 4, 7, 8], [1, 7, 3, 6, 2, 3, 4, 5, 7, 8, 3, 4], [1, 7, 3, 6, 4, 5, 2, 3, 3, 4, 7, 8], [1, 7, 4, 5, 3, 4, 4, 6, 2, 4, 7, 8], [1, 7, 4, 5, 3, 4, 4, 6, 7, 8, 2, 4], [1, 7, 4, 5, 3, 6, 2, 3, 3, 4, 7, 8], [1, 7, 4, 5, 3, 6, 2, 3, 7, 8, 3, 4], [1, 7, 4, 5, 3, 6, 7, 8, 2, 3, 3, 4], [3, 5, 1, 7, 5, 6, 4, 5, 2, 4, 7, 8], [3, 5, 1, 7, 5, 6, 4, 5, 7, 8, 2, 4], [3, 5, 1, 7, 5, 6, 7, 8, 4, 5, 2, 4], [3, 5, 1, 7, 7, 8, 5, 6, 4, 5, 2, 4], [4, 5, 1, 7, 3, 4, 4, 6, 2, 4, 7, 8], [4, 5, 1, 7, 3, 4, 4, 6, 7, 8, 2, 4], [4, 5, 1, 7, 3, 4, 7, 8, 4, 6, 2, 4], [4, 5, 1, 7, 3, 6, 2, 3, 3, 4, 7, 8], [4, 5, 1, 7, 3, 6, 2, 3, 7, 8, 3, 4], [4, 5, 1, 7, 3, 6, 7, 8, 2, 3, 3, 4], [4, 5, 1, 7, 7, 8, 3, 4, 4, 6, 2, 4], [4, 5, 1, 7, 7, 8, 3, 6, 2, 3, 3, 4], [4, 5, 3, 4, 1, 7, 4, 6, 2, 4, 7, 8], [4, 5, 3, 4, 1, 7, 4, 6, 7, 8, 2, 4], [4, 5, 3, 4, 1, 7, 7, 8, 4, 6, 2, 4]], 
     table([(0)=[{6}, {}, {}],(1)=[{4}, {[4, 4, 6]}, {}],(2)=[{5, 9}, {[3, 4, 9], [5, 4, 5]}, {}],(3)=[{7, 10, 19}, {[2, 9, 19], [3, 5, 10], [4, 7, 9]}, {}],(4)=[{1, 8, 11, 16, 20}, {[2, 10, 20], [3, 1, 7], [4, 10, 11], [4, 16, 19], [5, 7, 8], [5, 10, 11]}, {}],(5)=[{2, 12, 17, 21, 24}, {[2, 1, 12], [2, 11, 21], [2, 16, 24], [3, 2, 8], [3, 16, 24], [4, 20, 21], [5, 1, 2], [5, 16, 17], [5, 20, 21]}, {}],(6)=[{3, 13, 23, 25}, {[2, 2, 13], [2, 17, 25], [3, 17, 25], [3, 21, 23], [4, 2, 3], [5, 12, 13], [5, 24, 25]}, {}],(7)=[{14, 22, 26}, {[2, 3, 14], [4, 13, 14], [4, 25, 26], [5, 22, 23]}, {}],(8)=[{15, 18}, {[2, 18, 26], [3, 14, 15], [3, 18, 22], [4, 18, 22]}, {}]]) ], 

  [ [[1, 4, 5], [1, 3, 5], [1, 3, 4], [1, 3, 5], [1, 4], [1, 2, 5], [1, 2, 4], [1, 2, 3], [1, 2, 5], [1, 2, 4], [1, 3], [2, 4, 5], [2, 3, 5], [2, 3, 4], [2, 3, 5], [2, 4], [3, 4, 5], [3, 5], [3, 4], [2, 4, 5], [2, 5], [2, 4], [2, 3], [1, 3, 5], [1, 3, 4], [1, 4, 5]], 
     {[2, 1, 12], [2, 2, 13], [2, 3, 14], [2, 4, 15], [2, 5, 16], [2, 11, 23], [2, 20, 26], [2, 21, 24], [2, 22, 25], [3, 2, 6], [3, 3, 10], [3, 4, 9], [3, 7, 11], [3, 12, 17], [3, 16, 19], [3, 18, 20], [3, 21, 24], [3, 22, 25], [4, 1, 4], [4, 2, 5], [4, 7, 8], [4, 10, 11], [4, 12, 15], [4, 13, 16], [4, 18, 20], [4, 22, 23], [4, 24, 26], [5, 2, 3], [5, 4, 5], [5, 6, 7], [5, 9, 10], [5, 13, 14], [5, 15, 16], [5, 18, 19], [5, 21, 22], [5, 24, 25]}, 
     [[1, 8, 3, 4, 4, 6, 6, 7, 5, 6, 2, 5], [1, 8, 3, 4, 4, 7, 2, 4, 5, 6, 4, 5], [1, 8, 3, 4, 4, 7, 5, 6, 2, 4, 4, 5], [1, 8, 3, 4, 5, 6, 4, 5, 5, 7, 2, 5], [1, 8, 3, 4, 5, 6, 4, 7, 2, 4, 4, 5], [1, 8, 3, 7, 2, 3, 3, 4, 5, 6, 4, 5], [1, 8, 3, 7, 2, 3, 5, 6, 3, 4, 4, 5], [1, 8, 3, 7, 5, 6, 2, 3, 3, 4, 4, 5], [1, 8, 5, 6, 3, 4, 4, 5, 5, 7, 2, 5], [1, 8, 5, 6, 3, 4, 4, 7, 2, 4, 4, 5], [1, 8, 5, 6, 3, 7, 2, 3, 3, 4, 4, 5], [3, 4, 1, 8, 4, 6, 6, 7, 5, 6, 2, 5], [3, 4, 1, 8, 4, 7, 2, 4, 5, 6, 4, 5], [3, 4, 1, 8, 4, 7, 5, 6, 2, 4, 4, 5], [3, 4, 1, 8, 5, 6, 4, 5, 5, 7, 2, 5], [3, 4, 1, 8, 5, 6, 4, 7, 2, 4, 4, 5], [3, 4, 4, 6, 1, 8, 6, 7, 5, 6, 2, 5], [3, 4, 5, 6, 1, 8, 4, 5, 5, 7, 2, 5], [3, 4, 5, 6, 1, 8, 4, 7, 2, 4, 4, 5], [3, 4, 5, 6, 4, 5, 1, 8, 5, 7, 2, 5], [5, 6, 1, 8, 3, 4, 4, 5, 5, 7, 2, 5], [5, 6, 1, 8, 3, 4, 4, 7, 2, 4, 4, 5], [5, 6, 1, 8, 3, 7, 2, 3, 3, 4, 4, 5], [5, 6, 3, 4, 1, 8, 4, 5, 5, 7, 2, 5], [5, 6, 3, 4, 1, 8, 4, 7, 2, 4, 4, 5], [5, 6, 3, 4, 4, 5, 1, 8, 5, 7, 2, 5]], 
     table([(0)=[{8}, {}, {}],(1)=[{7}, {[4, 7, 8]}, {}],(2)=[{6, 11}, {[3, 7, 11], [5, 6, 7]}, {}],(3)=[{2, 10, 23}, {[2, 11, 23], [3, 2, 6], [4, 10, 11]}, {}],(4)=[{3, 5, 9, 13, 22}, {[2, 2, 13], [3, 3, 10], [4, 2, 5], [4, 22, 23], [5, 2, 3], [5, 9, 10]}, {}],(5)=[{4, 14, 16, 21, 25}, {[2, 3, 14], [2, 5, 16], [2, 22, 25], [3, 4, 9], [3, 22, 25], [4, 13, 16], [5, 4, 5], [5, 13, 14], [5, 21, 22]}, {}],(6)=[{1, 15, 19, 24}, {[2, 4, 15], [2, 21, 24], [3, 16, 19], [3, 21, 24], [4, 1, 4], [5, 15, 16], [5, 24, 25]}, {}],(7)=[{12, 18, 26}, {[2, 1, 12], [4, 12, 15], [4, 24, 26], [5, 18, 19]}, {}],(8)=[{17, 20}, {[2, 20, 26], [3, 12, 17], [3, 18, 20], [4, 18, 20]}, {}]]) ], 

  [ [[1, 4, 5], [1, 3, 5], [1, 3, 4], [1, 2, 5], [1, 2, 4], [1, 2, 3], [1, 3, 5], [1, 4], [1, 2, 5], [1, 2, 4], [1, 3], [2, 4, 5], [2, 3, 5], [2, 3, 4], [3, 4, 5], [2, 3, 5], [2, 4], [2, 5], [2, 4], [2, 3], [3, 5], [3, 4], [2, 4, 5], [1, 3, 5], [1, 3, 4], [1, 4, 5]], 
     {[2, 1, 12], [2, 2, 13], [2, 3, 14], [2, 7, 16], [2, 8, 17], [2, 11, 20], [2, 18, 24], [2, 19, 25], [2, 23, 26], [3, 2, 4], [3, 3, 10], [3, 5, 11], [3, 7, 9], [3, 12, 15], [3, 17, 22], [3, 18, 24], [3, 19, 25], [3, 21, 23], [4, 1, 2], [4, 5, 6], [4, 7, 8], [4, 10, 11], [4, 12, 13], [4, 16, 17], [4, 19, 20], [4, 21, 23], [4, 24, 26], [5, 2, 3], [5, 4, 5], [5, 7, 8], [5, 9, 10], [5, 13, 14], [5, 16, 17], [5, 18, 19], [5, 21, 22], [5, 24, 25]}, 
     [[1, 8, 3, 5, 2, 6, 6, 7, 5, 6, 4, 5], [1, 8, 3, 5, 5, 6, 2, 5, 5, 7, 4, 5], [1, 8, 3, 5, 5, 6, 4, 5, 2, 4, 4, 7], [1, 8, 3, 6, 2, 3, 3, 5, 5, 7, 4, 5], [1, 8, 3, 6, 2, 3, 4, 5, 3, 4, 4, 7], [1, 8, 3, 6, 4, 5, 2, 3, 3, 4, 4, 7], [1, 8, 4, 5, 2, 6, 3, 4, 6, 7, 4, 6], [1, 8, 4, 5, 2, 6, 6, 7, 3, 4, 4, 6], [1, 8, 4, 5, 3, 4, 2, 6, 6, 7, 4, 6], [1, 8, 4, 5, 3, 4, 4, 6, 2, 4, 4, 7], [1, 8, 4, 5, 3, 6, 2, 3, 3, 4, 4, 7], [3, 5, 1, 8, 2, 6, 6, 7, 5, 6, 4, 5], [3, 5, 1, 8, 5, 6, 2, 5, 5, 7, 4, 5], [3, 5, 1, 8, 5, 6, 4, 5, 2, 4, 4, 7], [3, 5, 2, 6, 1, 8, 6, 7, 5, 6, 4, 5], [4, 5, 1, 8, 2, 6, 3, 4, 6, 7, 4, 6], [4, 5, 1, 8, 2, 6, 6, 7, 3, 4, 4, 6], [4, 5, 1, 8, 3, 4, 2, 6, 6, 7, 4, 6], [4, 5, 1, 8, 3, 4, 4, 6, 2, 4, 4, 7], [4, 5, 1, 8, 3, 6, 2, 3, 3, 4, 4, 7], [4, 5, 2, 6, 1, 8, 3, 4, 6, 7, 4, 6], [4, 5, 2, 6, 1, 8, 6, 7, 3, 4, 4, 6], [4, 5, 2, 6, 3, 4, 1, 8, 6, 7, 4, 6], [4, 5, 3, 4, 1, 8, 2, 6, 6, 7, 4, 6], [4, 5, 3, 4, 1, 8, 4, 6, 2, 4, 4, 7], [4, 5, 3, 4, 2, 6, 1, 8, 6, 7, 4, 6]], 
     table([(0)=[{6}, {}, {}],(1)=[{5}, {[4, 5, 6]}, {}],(2)=[{4, 11}, {[3, 5, 11], [5, 4, 5]}, {}],(3)=[{2, 10, 20}, {[2, 11, 20], [3, 2, 4], [4, 10, 11]}, {}],(4)=[{1, 3, 9, 13, 19}, {[2, 2, 13], [3, 3, 10], [4, 1, 2], [4, 19, 20], [5, 2, 3], [5, 9, 10]}, {}],(5)=[{7, 12, 14, 18, 25}, {[2, 1, 12], [2, 3, 14], [2, 19, 25], [3, 7, 9], [3, 19, 25], [4, 12, 13], [5, 13, 14], [5, 18, 19]}, {}],(6)=[{8, 15, 16, 24}, {[2, 7, 16], [2, 18, 24], [3, 12, 15], [3, 18, 24], [4, 7, 8], [5, 7, 8], [5, 24, 25]}, {}],(7)=[{17, 26}, {[2, 8, 17], [4, 16, 17], [4, 24, 26], [5, 16, 17]}, {}],(9)=[{21}, {[3, 21, 23], [4, 21, 23], [5, 21, 22]}, {}],(8)=[{22, 23}, {[2, 23, 26], [3, 17, 22]}, {}]]) ], 

  [ [[3, 4, 5], [2, 4, 5], [2, 3, 5], [2, 3, 4], [1, 4, 5], [1, 3, 5], [1, 3, 4], [1, 2, 5], [1, 2, 4], [1, 2, 3], [2, 4, 5], [2, 3, 5], [2, 4], [3, 5], [3, 4], [1, 4, 5], [1, 3, 5], [1, 3, 4], [2, 5], [2, 4], [2, 3], [1, 3, 5], [1, 4], [1, 2, 5], [1, 2, 4], [1, 3]], 
     {[2, 2, 5], [2, 3, 17], [2, 4, 18], [2, 6, 19], [2, 7, 20], [2, 11, 16], [2, 12, 22], [2, 13, 23], [2, 21, 26], [3, 1, 2], [3, 6, 8], [3, 7, 9], [3, 11, 14], [3, 13, 15], [3, 17, 19], [3, 18, 25], [3, 20, 26], [3, 22, 24], [4, 2, 3], [4, 5, 6], [4, 9, 10], [4, 11, 14], [4, 12, 13], [4, 16, 17], [4, 20, 21], [4, 22, 23], [4, 25, 26], [5, 3, 4], [5, 6, 7], [5, 8, 9], [5, 12, 13], [5, 14, 15], [5, 17, 18], [5, 19, 20], [5, 22, 23], [5, 24, 25]}, 
     [[2, 3, 1, 7, 7, 8, 3, 7, 5, 6, 4, 5], [2, 3, 3, 7, 1, 3, 3, 8, 5, 6, 4, 5], [2, 3, 3, 7, 5, 6, 1, 3, 3, 8, 4, 5], [2, 3, 3, 7, 5, 6, 4, 5, 1, 3, 3, 8], [2, 7, 1, 2, 2, 3, 3, 8, 5, 6, 4, 5], [2, 7, 1, 2, 5, 6, 2, 3, 3, 8, 4, 5], [2, 7, 1, 2, 5, 6, 4, 5, 2, 3, 3, 8], [2, 7, 5, 6, 1, 2, 2, 3, 3, 8, 4, 5], [2, 7, 5, 6, 1, 2, 4, 5, 2, 3, 3, 8], [2, 7, 5, 6, 4, 5, 1, 2, 2, 3, 3, 8], [5, 6, 1, 7, 2, 3, 7, 8, 3, 7, 4, 5], [5, 6, 1, 7, 4, 5, 2, 3, 7, 8, 3, 7], [5, 6, 1, 7, 4, 5, 7, 8, 2, 3, 3, 7], [5, 6, 1, 7, 7, 8, 2, 3, 3, 7, 4, 5], [5, 6, 1, 7, 7, 8, 4, 5, 2, 3, 3, 7], [5, 6, 2, 3, 1, 7, 7, 8, 3, 7, 4, 5], [5, 6, 2, 3, 3, 7, 1, 3, 3, 8, 4, 5], [5, 6, 2, 3, 3, 7, 4, 5, 1, 3, 3, 8], [5, 6, 2, 7, 1, 2, 2, 3, 3, 8, 4, 5], [5, 6, 2, 7, 1, 2, 4, 5, 2, 3, 3, 8], [5, 6, 2, 7, 4, 5, 1, 2, 2, 3, 3, 8], [5, 6, 4, 5, 1, 7, 2, 3, 7, 8, 3, 7], [5, 6, 4, 5, 1, 7, 7, 8, 2, 3, 3, 7], [5, 6, 4, 5, 2, 3, 1, 7, 7, 8, 3, 7], [5, 6, 4, 5, 2, 3, 3, 7, 1, 3, 3, 8], [5, 6, 4, 5, 2, 7, 1, 2, 2, 3, 3, 8]], 
     table([(0)=[{10}, {}, {}],(1)=[{9}, {[4, 9, 10]}, {}],(2)=[{7, 8}, {[3, 7, 9], [5, 8, 9]}, {}],(3)=[{6, 20}, {[2, 7, 20], [3, 6, 8], [5, 6, 7]}, {}],(4)=[{5, 19, 21, 26}, {[2, 6, 19], [3, 20, 26], [4, 5, 6], [4, 20, 21], [5, 19, 20]}, {[2, 21, 26]}],(5)=[{2, 17, 25}, {[2, 2, 5], [3, 17, 19], [4, 25, 26]}, {}],(6)=[{1, 3, 16, 18, 24}, {[2, 3, 17], [3, 1, 2], [3, 18, 25], [4, 2, 3], [4, 16, 17], [5, 17, 18], [5, 24, 25]}, {}],(7)=[{4, 11, 22}, {[2, 4, 18], [2, 11, 16], [3, 22, 24], [5, 3, 4]}, {}],(9)=[{13, 15}, {[2, 13, 23], [4, 12, 13], [5, 12, 13], [5, 14, 15]}, {[3, 13, 15]}],(8)=[{12, 14, 23}, {[2, 12, 22], [3, 11, 14], [4, 11, 14], [4, 22, 23], [5, 22, 23]}, {}]]) ], 

  [ [[3, 4, 5], [2, 4, 5], [2, 3, 5], [2, 3, 4], [2, 4, 5], [3, 5], [3, 4], [2, 3, 5], [2, 4], [1, 4, 5], [1, 3, 5], [1, 3, 4], [1, 2, 5], [1, 2, 4], [1, 2, 3], [1, 4, 5], [1, 3, 5], [1, 3, 4], [1, 3, 5], [1, 4], [2, 5], [2, 4], [2, 3], [1, 2, 5], [1, 2, 4], [1, 3]], 
     {[2, 2, 10], [2, 3, 17], [2, 4, 18], [2, 5, 16], [2, 8, 19], [2, 9, 20], [2, 11, 21], [2, 12, 22], [2, 23, 26], [3, 1, 5], [3, 2, 6], [3, 7, 9], [3, 11, 13], [3, 12, 14], [3, 17, 21], [3, 18, 25], [3, 19, 24], [3, 22, 26], [4, 2, 3], [4, 5, 8], [4, 6, 9], [4, 10, 11], [4, 14, 15], [4, 16, 19], [4, 17, 20], [4, 22, 23], [4, 25, 26], [5, 3, 4], [5, 6, 7], [5, 8, 9], [5, 11, 12], [5, 13, 14], [5, 17, 18], [5, 19, 20], [5, 21, 22], [5, 24, 25]}, 
     [[2, 3, 3, 4, 4, 8, 6, 7, 5, 6, 1, 4], [2, 3, 3, 8, 1, 3, 6, 7, 5, 6, 3, 4], [2, 3, 3, 8, 6, 7, 1, 3, 5, 6, 3, 4], [2, 3, 3, 8, 6, 7, 5, 6, 1, 3, 3, 4], [2, 3, 6, 7, 3, 4, 4, 8, 5, 6, 1, 4], [2, 3, 6, 7, 3, 8, 1, 3, 5, 6, 3, 4], [2, 3, 6, 7, 3, 8, 5, 6, 1, 3, 3, 4], [2, 3, 6, 7, 5, 6, 3, 4, 4, 8, 1, 4], [2, 3, 6, 7, 5, 6, 3, 8, 1, 3, 3, 4], [2, 8, 1, 2, 2, 3, 6, 7, 5, 6, 3, 4], [2, 8, 1, 2, 6, 7, 2, 3, 5, 6, 3, 4], [2, 8, 1, 2, 6, 7, 5, 6, 2, 3, 3, 4], [2, 8, 6, 7, 1, 2, 2, 3, 5, 6, 3, 4], [2, 8, 6, 7, 1, 2, 5, 6, 2, 3, 3, 4], [2, 8, 6, 7, 5, 6, 1, 2, 2, 3, 3, 4], [6, 7, 2, 3, 3, 4, 4, 8, 5, 6, 1, 4], [6, 7, 2, 3, 3, 8, 1, 3, 5, 6, 3, 4], [6, 7, 2, 3, 3, 8, 5, 6, 1, 3, 3, 4], [6, 7, 2, 3, 5, 6, 3, 4, 4, 8, 1, 4], [6, 7, 2, 3, 5, 6, 3, 8, 1, 3, 3, 4], [6, 7, 2, 8, 1, 2, 2, 3, 5, 6, 3, 4], [6, 7, 2, 8, 1, 2, 5, 6, 2, 3, 3, 4], [6, 7, 2, 8, 5, 6, 1, 2, 2, 3, 3, 4], [6, 7, 5, 6, 2, 3, 3, 4, 4, 8, 1, 4], [6, 7, 5, 6, 2, 3, 3, 8, 1, 3, 3, 4], [6, 7, 5, 6, 2, 8, 1, 2, 2, 3, 3, 4]], 
     table([(0)=[{15}, {}, {}],(1)=[{14}, {[4, 14, 15]}, {}],(2)=[{12, 13}, {[3, 12, 14], [5, 13, 14]}, {}],(3)=[{11, 22}, {[2, 12, 22], [3, 11, 13], [5, 11, 12]}, {}],(4)=[{10, 21, 23, 26}, {[2, 11, 21], [3, 22, 26], [4, 10, 11], [4, 22, 23], [5, 21, 22]}, {[2, 23, 26]}],(5)=[{2, 17, 25}, {[2, 2, 10], [3, 17, 21], [4, 25, 26]}, {}],(6)=[{3, 6, 18, 20, 24}, {[2, 3, 17], [3, 2, 6], [3, 18, 25], [4, 2, 3], [4, 17, 20], [5, 17, 18], [5, 24, 25]}, {}],(7)=[{4, 7, 9, 19}, {[2, 4, 18], [2, 9, 20], [3, 19, 24], [4, 6, 9], [5, 3, 4], [5, 6, 7], [5, 19, 20]}, {[3, 7, 9]}],(9)=[{5}, {[2, 5, 16], [4, 5, 8]}, {}],(8)=[{8, 16}, {[2, 8, 19], [4, 16, 19], [5, 8, 9]}, {}],(10)=[{1}, {[3, 1, 5]}, {}]]) ], 

  [ [[2, 3, 4], [2, 3, 5], [2, 4, 5], [3, 4, 5], [1, 3, 4], [1, 3, 5], [1, 4, 5], [1, 2, 4], [1, 2, 5], [1, 2, 3], [1, 3, 4], [1, 3, 5], [1, 4, 5], [2, 4], [2, 5], [2, 4, 5], [2, 3], [2, 3, 5], [2, 4], [3, 5], [3, 4], [1, 2, 4], [1, 2, 5], [1, 3], [1, 3, 5], [1, 4]], 
     {[2, 1, 11], [2, 2, 12], [2, 3, 13], [2, 5, 14], [2, 6, 15], [2, 7, 16], [2, 17, 24], [2, 18, 25], [2, 19, 26], [3, 3, 4], [3, 5, 8], [3, 6, 9], [3, 11, 22], [3, 12, 23], [3, 14, 24], [3, 15, 25], [3, 16, 20], [3, 19, 21], [4, 2, 3], [4, 6, 7], [4, 8, 10], [4, 12, 13], [4, 14, 17], [4, 16, 20], [4, 18, 19], [4, 22, 24], [4, 25, 26], [5, 1, 2], [5, 5, 6], [5, 8, 9], [5, 11, 12], [5, 14, 15], [5, 18, 19], [5, 20, 21], [5, 22, 23], [5, 25, 26]}, 
     [[2, 3, 3, 7, 5, 6, 4, 5, 1, 3, 7, 8], [2, 3, 3, 7, 5, 6, 4, 5, 7, 8, 1, 3], [2, 3, 3, 7, 5, 6, 7, 8, 4, 5, 1, 3], [2, 3, 3, 7, 7, 8, 5, 6, 4, 5, 1, 3], [2, 7, 1, 2, 5, 6, 4, 5, 2, 3, 7, 8], [2, 7, 1, 2, 5, 6, 4, 5, 7, 8, 2, 3], [2, 7, 1, 2, 5, 6, 7, 8, 4, 5, 2, 3], [2, 7, 5, 6, 1, 2, 4, 5, 2, 3, 7, 8], [2, 7, 5, 6, 1, 2, 4, 5, 7, 8, 2, 3], [2, 7, 5, 6, 4, 5, 1, 2, 2, 3, 7, 8], [5, 6, 2, 3, 3, 7, 4, 5, 1, 3, 7, 8], [5, 6, 2, 3, 3, 7, 4, 5, 7, 8, 1, 3], [5, 6, 2, 3, 3, 7, 7, 8, 4, 5, 1, 3], [5, 6, 2, 7, 1, 2, 4, 5, 2, 3, 7, 8], [5, 6, 2, 7, 1, 2, 4, 5, 7, 8, 2, 3], [5, 6, 2, 7, 1, 2, 7, 8, 4, 5, 2, 3], [5, 6, 2, 7, 4, 5, 1, 2, 2, 3, 7, 8], [5, 6, 2, 7, 4, 5, 1, 2, 7, 8, 2, 3], [5, 6, 2, 7, 4, 5, 7, 8, 1, 2, 2, 3], [5, 6, 2, 7, 7, 8, 1, 2, 4, 5, 2, 3], [5, 6, 2, 7, 7, 8, 4, 5, 1, 2, 2, 3], [5, 6, 4, 5, 2, 3, 3, 7, 1, 3, 7, 8], [5, 6, 4, 5, 2, 3, 3, 7, 7, 8, 1, 3], [5, 6, 4, 5, 2, 7, 1, 2, 2, 3, 7, 8], [5, 6, 4, 5, 2, 7, 1, 2, 7, 8, 2, 3], [5, 6, 4, 5, 2, 7, 7, 8, 1, 2, 2, 3]], 
     table([(0)=[{10}, {}, {}],(1)=[{8}, {[4, 8, 10]}, {}],(2)=[{5, 9}, {[3, 5, 8], [5, 8, 9]}, {}],(3)=[{6, 14}, {[2, 5, 14], [3, 6, 9], [5, 5, 6]}, {}],(4)=[{7, 15, 17, 24}, {[2, 6, 15], [3, 14, 24], [4, 6, 7], [4, 14, 17], [5, 14, 15]}, {[2, 17, 24]}],(5)=[{16, 22, 25}, {[2, 7, 16], [3, 15, 25], [4, 22, 24]}, {}],(6)=[{11, 18, 20, 23, 26}, {[2, 18, 25], [3, 11, 22], [3, 16, 20], [4, 16, 20], [4, 25, 26], [5, 22, 23], [5, 25, 26]}, {}],(7)=[{1, 12, 19, 21}, {[2, 1, 11], [2, 19, 26], [3, 12, 23], [4, 18, 19], [5, 11, 12], [5, 18, 19], [5, 20, 21]}, {[3, 19, 21]}],(9)=[{3}, {[2, 3, 13], [4, 2, 3]}, {}],(8)=[{2, 13}, {[2, 2, 12], [4, 12, 13], [5, 1, 2]}, {}],(10)=[{4}, {[3, 3, 4]}, {}]]) ], 

  [ [[3, 4, 5], [2, 3, 5], [2, 4], [2, 4, 5], [2, 3, 4], [2, 3, 5], [2, 4, 5], [3, 4], [3, 5], [1, 3, 5], [1, 4], [1, 4, 5], [1, 3, 4], [1, 3, 5], [1, 2, 5], [1, 2, 4], [1, 3], [1, 2, 4], [1, 2, 5], [1, 2, 3], [1, 4, 5], [1, 3, 4], [1, 3, 5], [2, 4], [2, 5], [2, 3]], 
     {[2, 2, 10], [2, 3, 11], [2, 4, 12], [2, 5, 22], [2, 6, 23], [2, 7, 21], [2, 13, 24], [2, 14, 25], [2, 17, 26], [3, 1, 7], [3, 3, 8], [3, 4, 9], [3, 10, 15], [3, 13, 18], [3, 14, 19], [3, 16, 17], [3, 22, 24], [3, 23, 25], [4, 2, 3], [4, 4, 6], [4, 7, 9], [4, 10, 11], [4, 12, 14], [4, 16, 17], [4, 18, 20], [4, 21, 23], [4, 24, 26], [5, 2, 3], [5, 5, 6], [5, 8, 9], [5, 10, 11], [5, 13, 14], [5, 15, 16], [5, 18, 19], [5, 22, 23], [5, 24, 25]}, 
     [[3, 4, 4, 5, 5, 8, 6, 7, 1, 5, 2, 3], [3, 4, 4, 8, 1, 4, 2, 3, 6, 7, 4, 5], [3, 4, 4, 8, 1, 4, 6, 7, 2, 3, 4, 5], [3, 4, 4, 8, 1, 4, 6, 7, 4, 5, 2, 3], [3, 4, 4, 8, 6, 7, 1, 4, 2, 3, 4, 5], [3, 4, 4, 8, 6, 7, 1, 4, 4, 5, 2, 3], [3, 4, 6, 7, 4, 5, 5, 8, 1, 5, 2, 3], [3, 4, 6, 7, 4, 8, 1, 4, 2, 3, 4, 5], [3, 4, 6, 7, 4, 8, 1, 4, 4, 5, 2, 3], [3, 8, 1, 3, 3, 4, 2, 3, 6, 7, 4, 5], [3, 8, 1, 3, 3, 4, 6, 7, 2, 3, 4, 5], [3, 8, 1, 3, 3, 4, 6, 7, 4, 5, 2, 3], [3, 8, 1, 3, 6, 7, 3, 4, 2, 3, 4, 5], [3, 8, 1, 3, 6, 7, 3, 4, 4, 5, 2, 3], [3, 8, 2, 3, 1, 2, 2, 4, 6, 7, 4, 5], [3, 8, 2, 3, 1, 2, 6, 7, 2, 4, 4, 5], [3, 8, 2, 3, 6, 7, 1, 2, 2, 4, 4, 5], [3, 8, 6, 7, 1, 3, 3, 4, 2, 3, 4, 5], [3, 8, 6, 7, 1, 3, 3, 4, 4, 5, 2, 3], [3, 8, 6, 7, 2, 3, 1, 2, 2, 4, 4, 5], [6, 7, 3, 4, 4, 5, 5, 8, 1, 5, 2, 3], [6, 7, 3, 4, 4, 8, 1, 4, 2, 3, 4, 5], [6, 7, 3, 4, 4, 8, 1, 4, 4, 5, 2, 3], [6, 7, 3, 8, 1, 3, 3, 4, 2, 3, 4, 5], [6, 7, 3, 8, 1, 3, 3, 4, 4, 5, 2, 3], [6, 7, 3, 8, 2, 3, 1, 2, 2, 4, 4, 5]], 
     table([(0)=[{20}, {}, {}],(1)=[{18}, {[4, 18, 20]}, {}],(2)=[{13, 19}, {[3, 13, 18], [5, 18, 19]}, {}],(3)=[{14, 24}, {[2, 13, 24], [3, 14, 19], [5, 13, 14]}, {}],(4)=[{12, 22, 25, 26}, {[2, 14, 25], [3, 22, 24], [4, 12, 14], [4, 24, 26], [5, 24, 25]}, {}],(5)=[{4, 5, 17, 23}, {[2, 4, 12], [2, 5, 22], [2, 17, 26], [3, 23, 25], [5, 22, 23]}, {}],(6)=[{6, 9, 16, 21}, {[2, 6, 23], [3, 4, 9], [3, 16, 17], [4, 4, 6], [4, 16, 17], [4, 21, 23], [5, 5, 6]}, {}],(7)=[{7, 8, 15}, {[2, 7, 21], [4, 7, 9], [5, 8, 9], [5, 15, 16]}, {}],(9)=[{2, 11}, {[2, 2, 10], [2, 3, 11], [4, 2, 3], [4, 10, 11], [5, 2, 3], [5, 10, 11]}, {}],(8)=[{1, 3, 10}, {[3, 1, 7], [3, 3, 8], [3, 10, 15]}, {}]]) ], 

  [ [[2, 3, 4], [2, 3, 5], [2, 4, 5], [3, 4, 5], [1, 3, 4], [1, 3, 5], [1, 4, 5], [1, 2, 4], [1, 2, 5], [1, 3], [1, 3, 5], [1, 4], [1, 2, 4], [1, 2, 5], [1, 2, 3], [1, 3, 4], [1, 3, 5], [1, 4, 5], [2, 4], [2, 5], [2, 4, 5], [2, 3], [2, 3, 5], [2, 4], [3, 5], [3, 4]], 
     {[2, 1, 16], [2, 2, 17], [2, 3, 18], [2, 5, 19], [2, 6, 20], [2, 7, 21], [2, 10, 22], [2, 11, 23], [2, 12, 24], [3, 3, 4], [3, 5, 13], [3, 6, 14], [3, 8, 10], [3, 9, 11], [3, 16, 19], [3, 17, 20], [3, 21, 25], [3, 24, 26], [4, 2, 3], [4, 6, 7], [4, 8, 10], [4, 11, 12], [4, 13, 15], [4, 17, 18], [4, 19, 22], [4, 21, 25], [4, 23, 24], [5, 1, 2], [5, 5, 6], [5, 8, 9], [5, 11, 12], [5, 13, 14], [5, 16, 17], [5, 19, 20], [5, 23, 24], [5, 25, 26]}, 
     [[3, 4, 4, 7, 5, 6, 1, 4, 2, 3, 7, 8], [3, 4, 4, 7, 5, 6, 1, 4, 7, 8, 2, 3], [3, 4, 4, 7, 5, 6, 7, 8, 1, 4, 2, 3], [3, 4, 4, 7, 7, 8, 5, 6, 1, 4, 2, 3], [3, 7, 1, 3, 5, 6, 3, 4, 2, 3, 7, 8], [3, 7, 1, 3, 5, 6, 3, 4, 7, 8, 2, 3], [3, 7, 1, 3, 5, 6, 7, 8, 3, 4, 2, 3], [3, 7, 2, 3, 1, 2, 5, 6, 2, 4, 7, 8], [3, 7, 2, 3, 1, 2, 5, 6, 7, 8, 2, 4], [3, 7, 2, 3, 5, 6, 1, 2, 2, 4, 7, 8], [3, 7, 2, 3, 5, 6, 1, 2, 7, 8, 2, 4], [3, 7, 2, 3, 5, 6, 7, 8, 1, 2, 2, 4], [3, 7, 5, 6, 1, 3, 3, 4, 2, 3, 7, 8], [3, 7, 5, 6, 1, 3, 3, 4, 7, 8, 2, 3], [3, 7, 5, 6, 2, 3, 1, 2, 2, 4, 7, 8], [5, 6, 3, 4, 4, 7, 1, 4, 2, 3, 7, 8], [5, 6, 3, 4, 4, 7, 1, 4, 7, 8, 2, 3], [5, 6, 3, 4, 4, 7, 7, 8, 1, 4, 2, 3], [5, 6, 3, 7, 1, 3, 3, 4, 2, 3, 7, 8], [5, 6, 3, 7, 1, 3, 3, 4, 7, 8, 2, 3], [5, 6, 3, 7, 1, 3, 7, 8, 3, 4, 2, 3], [5, 6, 3, 7, 2, 3, 1, 2, 2, 4, 7, 8], [5, 6, 3, 7, 2, 3, 1, 2, 7, 8, 2, 4], [5, 6, 3, 7, 2, 3, 7, 8, 1, 2, 2, 4], [5, 6, 3, 7, 7, 8, 1, 3, 3, 4, 2, 3], [5, 6, 3, 7, 7, 8, 2, 3, 1, 2, 2, 4]], 
     table([(0)=[{15}, {}, {}],(1)=[{13}, {[4, 13, 15]}, {}],(2)=[{5, 14}, {[3, 5, 13], [5, 13, 14]}, {}],(3)=[{6, 19}, {[2, 5, 19], [3, 6, 14], [5, 5, 6]}, {}],(4)=[{7, 16, 20, 22}, {[2, 6, 20], [3, 16, 19], [4, 6, 7], [4, 19, 22], [5, 19, 20]}, {}],(5)=[{1, 10, 17, 21}, {[2, 1, 16], [2, 7, 21], [2, 10, 22], [3, 17, 20], [5, 16, 17]}, {}],(6)=[{2, 8, 18, 25}, {[2, 2, 17], [3, 8, 10], [3, 21, 25], [4, 8, 10], [4, 17, 18], [4, 21, 25], [5, 1, 2]}, {}],(7)=[{3, 9, 26}, {[2, 3, 18], [4, 2, 3], [5, 8, 9], [5, 25, 26]}, {}],(9)=[{12, 23}, {[2, 11, 23], [2, 12, 24], [4, 11, 12], [4, 23, 24], [5, 11, 12], [5, 23, 24]}, {}],(8)=[{4, 11, 24}, {[3, 3, 4], [3, 9, 11], [3, 24, 26]}, {}]]) ], 

  [ [[2, 4, 5], [3, 4], [3, 4, 5], [3, 5], [2, 3, 5], [2, 4], [2, 4, 5], [2, 3, 4], [2, 3, 5], [1, 2, 5], [1, 2, 4], [1, 3, 5], [1, 4], [1, 4, 5], [1, 3], [1, 3, 4], [1, 3, 5], [1, 2, 3], [1, 2, 4], [1, 2, 5], [1, 4, 5], [1, 3, 4], [1, 3, 5], [2, 3], [2, 4], [2, 5]], 
     {[2, 1, 21], [2, 5, 12], [2, 6, 13], [2, 7, 14], [2, 8, 22], [2, 9, 23], [2, 15, 24], [2, 16, 25], [2, 17, 26], [3, 1, 4], [3, 2, 6], [3, 3, 7], [3, 10, 12], [3, 11, 15], [3, 16, 19], [3, 17, 20], [3, 22, 25], [3, 23, 26], [4, 1, 4], [4, 5, 6], [4, 7, 9], [4, 11, 15], [4, 12, 13], [4, 14, 17], [4, 18, 19], [4, 21, 23], [4, 24, 25], [5, 2, 4], [5, 5, 6], [5, 8, 9], [5, 10, 11], [5, 12, 13], [5, 16, 17], [5, 19, 20], [5, 22, 23], [5, 25, 26]}, 
     [[3, 4, 4, 7, 5, 6, 7, 8, 2, 7, 1, 2], [3, 4, 4, 7, 7, 8, 2, 7, 1, 2, 5, 6], [3, 4, 4, 7, 7, 8, 2, 7, 5, 6, 1, 2], [3, 4, 4, 7, 7, 8, 5, 6, 2, 7, 1, 2], [3, 4, 4, 8, 2, 4, 1, 2, 4, 7, 5, 6], [3, 4, 4, 8, 2, 4, 4, 7, 1, 2, 5, 6], [3, 4, 4, 8, 2, 4, 4, 7, 5, 6, 1, 2], [3, 4, 4, 8, 5, 6, 2, 4, 1, 2, 4, 7], [3, 4, 4, 8, 5, 6, 2, 4, 4, 7, 1, 2], [3, 8, 2, 3, 1, 2, 3, 4, 4, 7, 5, 6], [3, 8, 2, 3, 1, 2, 5, 6, 3, 4, 4, 7], [3, 8, 2, 3, 3, 4, 1, 2, 4, 7, 5, 6], [3, 8, 2, 3, 3, 4, 4, 7, 1, 2, 5, 6], [3, 8, 2, 3, 3, 4, 4, 7, 5, 6, 1, 2], [3, 8, 2, 3, 5, 6, 1, 2, 3, 4, 4, 7], [3, 8, 2, 3, 5, 6, 3, 4, 1, 2, 4, 7], [3, 8, 2, 3, 5, 6, 3, 4, 4, 7, 1, 2], [3, 8, 5, 6, 2, 3, 1, 2, 3, 4, 4, 7], [3, 8, 5, 6, 2, 3, 3, 4, 1, 2, 4, 7], [3, 8, 5, 6, 2, 3, 3, 4, 4, 7, 1, 2], [5, 6, 3, 4, 4, 7, 7, 8, 2, 7, 1, 2], [5, 6, 3, 4, 4, 8, 2, 4, 1, 2, 4, 7], [5, 6, 3, 4, 4, 8, 2, 4, 4, 7, 1, 2], [5, 6, 3, 8, 2, 3, 1, 2, 3, 4, 4, 7], [5, 6, 3, 8, 2, 3, 3, 4, 1, 2, 4, 7], [5, 6, 3, 8, 2, 3, 3, 4, 4, 7, 1, 2]], 
     table([(0)=[{18}, {}, {}],(1)=[{19}, {[4, 18, 19]}, {}],(2)=[{16, 20}, {[3, 16, 19], [5, 19, 20]}, {}],(3)=[{17, 25}, {[2, 16, 25], [3, 17, 20], [5, 16, 17]}, {}],(4)=[{14, 22, 24, 26}, {[2, 17, 26], [3, 22, 25], [4, 14, 17], [4, 24, 25], [5, 25, 26]}, {}],(5)=[{7, 8, 15, 23}, {[2, 7, 14], [2, 8, 22], [2, 15, 24], [3, 23, 26], [5, 22, 23]}, {}],(6)=[{3, 9, 11, 21}, {[2, 9, 23], [3, 3, 7], [3, 11, 15], [4, 7, 9], [4, 11, 15], [4, 21, 23], [5, 8, 9]}, {}],(7)=[{1, 10}, {[2, 1, 21], [5, 10, 11]}, {}],(9)=[{2, 5, 13}, {[2, 5, 12], [4, 12, 13], [5, 2, 4], [5, 12, 13]}, {}],(8)=[{4, 12}, {[3, 1, 4], [3, 10, 12], [4, 1, 4]}, {}],(10)=[{6}, {[2, 6, 13], [3, 2, 6], [4, 5, 6], [5, 5, 6]}, {}]]) ], 

  [ [[3, 4, 5], [2, 4, 5], [2, 3, 5], [2, 3, 4], [1, 4, 5], [1, 3, 5], [1, 3, 4], [1, 2, 5], [1, 2, 4], [1, 2, 3], [1, 4, 5], [1, 3, 5], [1, 3, 4], [3, 5], [3, 4], [2, 4, 5], [2, 5], [2, 4], [2, 4], [2, 3, 5], [2, 3], [1, 2, 5], [1, 2, 4], [1, 4], [1, 3, 5], [1, 3]], 
     {[2, 2, 11], [2, 3, 12], [2, 4, 13], [2, 5, 16], [2, 6, 17], [2, 7, 18], [2, 19, 24], [2, 20, 25], [2, 21, 26], [3, 1, 2], [3, 6, 8], [3, 7, 9], [3, 12, 22], [3, 13, 23], [3, 14, 16], [3, 15, 19], [3, 17, 25], [3, 18, 26], [4, 2, 3], [4, 5, 6], [4, 9, 10], [4, 11, 12], [4, 14, 16], [4, 18, 21], [4, 19, 20], [4, 23, 26], [4, 24, 25], [5, 3, 4], [5, 6, 7], [5, 8, 9], [5, 12, 13], [5, 14, 15], [5, 17, 18], [5, 19, 20], [5, 22, 23], [5, 24, 25]}, 
     [[3, 4, 4, 8, 1, 9, 6, 7, 5, 6, 2, 4], [3, 4, 4, 8, 6, 7, 1, 9, 5, 6, 2, 4], [3, 4, 4, 8, 6, 7, 5, 6, 1, 9, 2, 4], [3, 4, 4, 8, 6, 7, 5, 6, 2, 4, 1, 9], [3, 8, 2, 3, 6, 7, 1, 9, 5, 6, 3, 4], [3, 8, 2, 3, 6, 7, 5, 6, 1, 9, 3, 4], [3, 8, 2, 3, 6, 7, 5, 6, 3, 4, 1, 9], [3, 8, 6, 7, 2, 3, 5, 6, 1, 9, 3, 4], [3, 8, 6, 7, 2, 3, 5, 6, 3, 4, 1, 9], [3, 8, 6, 7, 5, 6, 2, 3, 3, 4, 1, 9], [6, 7, 3, 4, 4, 8, 1, 9, 5, 6, 2, 4], [6, 7, 3, 4, 4, 8, 5, 6, 1, 9, 2, 4], [6, 7, 3, 4, 4, 8, 5, 6, 2, 4, 1, 9], [6, 7, 3, 8, 1, 9, 2, 3, 5, 6, 3, 4], [6, 7, 3, 8, 1, 9, 5, 6, 2, 3, 3, 4], [6, 7, 3, 8, 2, 3, 1, 9, 5, 6, 3, 4], [6, 7, 3, 8, 2, 3, 5, 6, 1, 9, 3, 4], [6, 7, 3, 8, 2, 3, 5, 6, 3, 4, 1, 9], [6, 7, 3, 8, 5, 6, 1, 9, 2, 3, 3, 4], [6, 7, 3, 8, 5, 6, 2, 3, 1, 9, 3, 4], [6, 7, 3, 8, 5, 6, 2, 3, 3, 4, 1, 9], [6, 7, 5, 6, 3, 4, 4, 8, 1, 9, 2, 4], [6, 7, 5, 6, 3, 4, 4, 8, 2, 4, 1, 9], [6, 7, 5, 6, 3, 8, 1, 9, 2, 3, 3, 4], [6, 7, 5, 6, 3, 8, 2, 3, 1, 9, 3, 4], [6, 7, 5, 6, 3, 8, 2, 3, 3, 4, 1, 9]], 
     table([(0)=[{10}, {}, {}],(1)=[{9}, {[4, 9, 10]}, {}],(2)=[{7, 8}, {[3, 7, 9], [5, 8, 9]}, {}],(3)=[{6, 18}, {[2, 7, 18], [3, 6, 8], [5, 6, 7]}, {}],(4)=[{5, 17, 21, 26}, {[2, 6, 17], [3, 18, 26], [4, 5, 6], [4, 18, 21], [5, 17, 18]}, {[2, 21, 26]}],(5)=[{16, 23, 25}, {[2, 5, 16], [3, 17, 25], [4, 23, 26]}, {}],(6)=[{13, 14, 20, 22, 24}, {[2, 20, 25], [3, 13, 23], [3, 14, 16], [4, 14, 16], [4, 24, 25], [5, 22, 23], [5, 24, 25]}, {}],(7)=[{4, 12, 15, 19}, {[2, 4, 13], [2, 19, 24], [3, 12, 22], [4, 19, 20], [5, 12, 13], [5, 14, 15], [5, 19, 20]}, {[3, 15, 19]}],(9)=[{2}, {[2, 2, 11], [4, 2, 3]}, {}],(8)=[{3, 11}, {[2, 3, 12], [4, 11, 12], [5, 3, 4]}, {}],(10)=[{1}, {[3, 1, 2]}, {}]]) ], 

 NULL]:
