Isomorphism_Classes[6,35]:=[

#################################################################
### The symmetric function = s[4, 2] + s[4, 1, 1] + s[3, 2, 1]   has 8 graph isomorphism types.

  [ [[3, 5], [3, 4], [4, 5], [4], [3, 5], [2, 4, 5], [2, 5], [2, 4], [3, 5], [3], [3, 4], [2, 4], [2, 5], [2, 3, 5], [2, 3], [2, 4], [1, 4, 5], [1, 5], [1, 4], [1, 3, 5], [1, 3], [1, 3, 4], [2, 5], [2], [2, 4], [2, 3], [1, 4], [1, 5], [1, 3, 5], [1, 3], [1, 4], [1, 2, 5], [1, 2], [1, 2, 4], [1, 3]], 
     {[2, 6, 17], [2, 7, 18], [2, 8, 19], [2, 12, 27], [2, 13, 28], [2, 14, 29], [2, 15, 30], [2, 16, 31], [2, 20, 23], [2, 21, 24], [2, 22, 25], [2, 26, 35], [3, 1, 6], [3, 2, 12], [3, 5, 13], [3, 7, 9], [3, 8, 10], [3, 11, 16], [3, 20, 23], [3, 21, 24], [3, 22, 25], [3, 29, 32], [3, 30, 33], [3, 34, 35], [4, 1, 3], [4, 4, 5], [4, 6, 9], [4, 8, 10], [4, 12, 14], [4, 15, 16], [4, 17, 20], [4, 19, 21], [4, 25, 26], [4, 27, 29], [4, 30, 31], [4, 34, 35], [5, 1, 2], [5, 4, 5], [5, 7, 8], [5, 9, 11], [5, 12, 13], [5, 14, 16], [5, 18, 19], [5, 20, 22], [5, 23, 25], [5, 27, 28], [5, 29, 31], [5, 32, 34]}, 
     [[1, 2, 2, 3, 3, 8, 4, 5, 6, 7, 5, 6], [1, 2, 2, 3, 3, 8, 6, 7, 4, 5, 5, 6], [1, 2, 2, 3, 4, 5, 3, 8, 6, 7, 5, 6], [1, 2, 2, 3, 6, 7, 3, 8, 4, 5, 5, 6], [1, 2, 2, 3, 6, 7, 4, 5, 3, 8, 5, 6], [1, 2, 4, 5, 2, 3, 3, 8, 6, 7, 5, 6], [1, 2, 4, 5, 2, 3, 6, 7, 3, 8, 5, 6], [1, 2, 4, 5, 2, 3, 6, 7, 5, 6, 3, 8], [1, 2, 4, 5, 6, 7, 2, 3, 3, 8, 5, 6], [1, 2, 4, 5, 6, 7, 2, 3, 5, 6, 3, 8], [1, 2, 4, 5, 6, 7, 5, 6, 2, 3, 3, 8], [1, 2, 6, 7, 2, 3, 3, 8, 4, 5, 5, 6], [1, 2, 6, 7, 2, 3, 4, 5, 3, 8, 5, 6], [1, 2, 6, 7, 4, 5, 2, 3, 3, 8, 5, 6], [1, 2, 6, 7, 4, 5, 2, 3, 5, 6, 3, 8], [1, 2, 6, 7, 4, 5, 5, 6, 2, 3, 3, 8], [4, 5, 1, 2, 2, 3, 3, 8, 6, 7, 5, 6], [4, 5, 1, 2, 2, 3, 6, 7, 3, 8, 5, 6], [4, 5, 1, 2, 2, 3, 6, 7, 5, 6, 3, 8], [4, 5, 1, 2, 6, 7, 2, 3, 3, 8, 5, 6], [4, 5, 1, 2, 6, 7, 2, 3, 5, 6, 3, 8], [4, 5, 1, 2, 6, 7, 5, 6, 2, 3, 3, 8], [4, 5, 6, 7, 1, 2, 2, 3, 3, 8, 5, 6], [4, 5, 6, 7, 1, 2, 2, 3, 5, 6, 3, 8], [4, 5, 6, 7, 1, 2, 5, 6, 2, 3, 3, 8], [4, 5, 6, 7, 5, 6, 1, 2, 2, 3, 3, 8], [6, 7, 1, 2, 2, 3, 3, 8, 4, 5, 5, 6], [6, 7, 1, 2, 2, 3, 4, 5, 3, 8, 5, 6], [6, 7, 1, 2, 4, 5, 2, 3, 3, 8, 5, 6], [6, 7, 1, 2, 4, 5, 2, 3, 5, 6, 3, 8], [6, 7, 1, 2, 4, 5, 5, 6, 2, 3, 3, 8], [6, 7, 4, 5, 1, 2, 2, 3, 3, 8, 5, 6], [6, 7, 4, 5, 1, 2, 2, 3, 5, 6, 3, 8], [6, 7, 4, 5, 1, 2, 5, 6, 2, 3, 3, 8], [6, 7, 4, 5, 5, 6, 1, 2, 2, 3, 3, 8]], 
     table([(0)=[{33}, {}, {}],(1)=[{30}, {[3, 30, 33]}, {}],(2)=[{15, 31}, {[2, 15, 30], [4, 30, 31]}, {}],(3)=[{16, 29}, {[2, 16, 31], [4, 15, 16], [5, 29, 31]}, {}],(4)=[{11, 14, 27, 32}, {[2, 14, 29], [3, 11, 16], [3, 29, 32], [4, 27, 29], [5, 14, 16]}, {}],(5)=[{9, 12, 28, 34}, {[2, 12, 27], [4, 12, 14], [5, 9, 11], [5, 27, 28], [5, 32, 34]}, {}],(6)=[{2, 6, 7, 13, 35}, {[2, 13, 28], [3, 2, 12], [3, 7, 9], [3, 34, 35], [4, 6, 9], [4, 34, 35], [5, 12, 13]}, {}],(7)=[{1, 5, 8, 17, 18, 26}, {[2, 6, 17], [2, 7, 18], [2, 26, 35], [3, 1, 6], [3, 5, 13], [5, 1, 2], [5, 7, 8]}, {}],(9)=[{21, 22, 23}, {[2, 20, 23], [2, 22, 25], [3, 20, 23], [3, 22, 25], [4, 19, 21], [5, 20, 22], [5, 23, 25]}, {}],(8)=[{3, 4, 10, 19, 20, 25}, {[2, 8, 19], [3, 8, 10], [4, 1, 3], [4, 4, 5], [4, 8, 10], [4, 17, 20], [4, 25, 26], [5, 4, 5], [5, 18, 19]}, {}],(10)=[{24}, {[2, 21, 24], [3, 21, 24]}, {}]]) ], 

  [ [[4, 5], [3, 5], [3, 4], [3, 5], [4], [2, 4, 5], [2, 5], [2, 4], [3, 5], [3], [3, 4], [2, 5], [2, 4], [2, 3, 5], [2, 3], [2, 4], [1, 4, 5], [1, 5], [1, 4], [1, 3, 5], [1, 3], [1, 3, 4], [2, 5], [2], [2, 4], [2, 3], [1, 5], [1, 4], [1, 3, 5], [1, 3], [1, 4], [1, 2, 5], [1, 2], [1, 2, 4], [1, 3]], 
     {[2, 6, 17], [2, 7, 18], [2, 8, 19], [2, 12, 27], [2, 13, 28], [2, 14, 29], [2, 15, 30], [2, 16, 31], [2, 20, 23], [2, 21, 24], [2, 22, 25], [2, 26, 35], [3, 2, 6], [3, 3, 13], [3, 4, 12], [3, 7, 9], [3, 8, 10], [3, 11, 16], [3, 20, 23], [3, 21, 24], [3, 22, 25], [3, 29, 32], [3, 30, 33], [3, 34, 35], [4, 1, 4], [4, 2, 5], [4, 6, 9], [4, 8, 10], [4, 13, 14], [4, 15, 16], [4, 17, 20], [4, 19, 21], [4, 25, 26], [4, 28, 29], [4, 30, 31], [4, 34, 35], [5, 2, 3], [5, 4, 5], [5, 7, 8], [5, 9, 11], [5, 12, 13], [5, 14, 16], [5, 18, 19], [5, 20, 22], [5, 23, 25], [5, 27, 28], [5, 29, 31], [5, 32, 34]}, 
     [[1, 2, 2, 4, 4, 5, 5, 8, 6, 7, 3, 5], [1, 2, 2, 4, 4, 8, 3, 4, 6, 7, 4, 5], [1, 2, 2, 4, 4, 8, 6, 7, 3, 4, 4, 5], [1, 2, 2, 4, 6, 7, 4, 5, 5, 8, 3, 5], [1, 2, 2, 4, 6, 7, 4, 8, 3, 4, 4, 5], [1, 2, 3, 4, 2, 3, 3, 8, 6, 7, 4, 5], [1, 2, 3, 4, 2, 3, 6, 7, 3, 8, 4, 5], [1, 2, 3, 4, 2, 3, 6, 7, 4, 5, 3, 8], [1, 2, 3, 4, 6, 7, 2, 3, 3, 8, 4, 5], [1, 2, 3, 4, 6, 7, 2, 3, 4, 5, 3, 8], [1, 2, 3, 4, 6, 7, 4, 5, 2, 3, 3, 8], [1, 2, 6, 7, 2, 4, 4, 5, 5, 8, 3, 5], [1, 2, 6, 7, 2, 4, 4, 8, 3, 4, 4, 5], [1, 2, 6, 7, 3, 4, 2, 3, 3, 8, 4, 5], [1, 2, 6, 7, 3, 4, 2, 3, 4, 5, 3, 8], [1, 2, 6, 7, 3, 4, 4, 5, 2, 3, 3, 8], [3, 4, 1, 2, 2, 3, 3, 8, 6, 7, 4, 5], [3, 4, 1, 2, 2, 3, 6, 7, 3, 8, 4, 5], [3, 4, 1, 2, 2, 3, 6, 7, 4, 5, 3, 8], [3, 4, 1, 2, 6, 7, 2, 3, 3, 8, 4, 5], [3, 4, 1, 2, 6, 7, 2, 3, 4, 5, 3, 8], [3, 4, 1, 2, 6, 7, 4, 5, 2, 3, 3, 8], [3, 4, 6, 7, 1, 2, 2, 3, 3, 8, 4, 5], [3, 4, 6, 7, 1, 2, 2, 3, 4, 5, 3, 8], [3, 4, 6, 7, 1, 2, 4, 5, 2, 3, 3, 8], [3, 4, 6, 7, 4, 5, 1, 2, 2, 3, 3, 8], [6, 7, 1, 2, 2, 4, 4, 5, 5, 8, 3, 5], [6, 7, 1, 2, 2, 4, 4, 8, 3, 4, 4, 5], [6, 7, 1, 2, 3, 4, 2, 3, 3, 8, 4, 5], [6, 7, 1, 2, 3, 4, 2, 3, 4, 5, 3, 8], [6, 7, 1, 2, 3, 4, 4, 5, 2, 3, 3, 8], [6, 7, 3, 4, 1, 2, 2, 3, 3, 8, 4, 5], [6, 7, 3, 4, 1, 2, 2, 3, 4, 5, 3, 8], [6, 7, 3, 4, 1, 2, 4, 5, 2, 3, 3, 8], [6, 7, 3, 4, 4, 5, 1, 2, 2, 3, 3, 8]], 
     table([(0)=[{33}, {}, {}],(1)=[{30}, {[3, 30, 33]}, {}],(2)=[{15, 31}, {[2, 15, 30], [4, 30, 31]}, {}],(3)=[{16, 29}, {[2, 16, 31], [4, 15, 16], [5, 29, 31]}, {}],(4)=[{11, 14, 28, 32}, {[2, 14, 29], [3, 11, 16], [3, 29, 32], [4, 28, 29], [5, 14, 16]}, {}],(5)=[{9, 13, 27, 34}, {[2, 13, 28], [4, 13, 14], [5, 9, 11], [5, 27, 28], [5, 32, 34]}, {}],(6)=[{3, 6, 7, 12, 35}, {[2, 12, 27], [3, 3, 13], [3, 7, 9], [3, 34, 35], [4, 6, 9], [4, 34, 35], [5, 12, 13]}, {}],(7)=[{2, 4, 8, 17, 18, 26}, {[2, 6, 17], [2, 7, 18], [2, 26, 35], [3, 2, 6], [3, 4, 12], [5, 2, 3], [5, 7, 8]}, {}],(9)=[{21, 22, 23}, {[2, 20, 23], [2, 22, 25], [3, 20, 23], [3, 22, 25], [4, 19, 21], [5, 20, 22], [5, 23, 25]}, {}],(8)=[{1, 5, 10, 19, 20, 25}, {[2, 8, 19], [3, 8, 10], [4, 1, 4], [4, 2, 5], [4, 8, 10], [4, 17, 20], [4, 25, 26], [5, 4, 5], [5, 18, 19]}, {}],(10)=[{24}, {[2, 21, 24], [3, 21, 24]}, {}]]) ], 

  [ [[2, 4], [2, 5], [2, 4, 5], [2, 3], [2, 3, 5], [2, 4], [3, 5], [3, 4], [3, 4], [3, 5], [4, 5], [3], [3, 5], [4], [2, 4], [2, 5], [1, 3, 4], [1, 3, 5], [1, 4, 5], [1, 4], [1, 5], [1, 3], [2, 4], [2, 5], [2], [2, 3], [1, 3], [1, 3, 5], [1, 4], [1, 4], [1, 5], [1, 2, 4], [1, 2, 5], [1, 2], [1, 3]], 
     {[2, 1, 17], [2, 2, 18], [2, 3, 19], [2, 4, 27], [2, 5, 28], [2, 6, 29], [2, 15, 30], [2, 16, 31], [2, 20, 23], [2, 21, 24], [2, 22, 25], [2, 26, 35], [3, 1, 9], [3, 2, 10], [3, 3, 7], [3, 6, 8], [3, 12, 15], [3, 13, 16], [3, 17, 23], [3, 18, 24], [3, 22, 25], [3, 27, 32], [3, 28, 33], [3, 34, 35], [4, 1, 4], [4, 3, 7], [4, 5, 6], [4, 10, 11], [4, 12, 15], [4, 13, 14], [4, 18, 19], [4, 20, 22], [4, 23, 26], [4, 27, 30], [4, 28, 29], [4, 32, 35], [5, 1, 2], [5, 5, 6], [5, 7, 8], [5, 9, 10], [5, 13, 14], [5, 15, 16], [5, 17, 18], [5, 20, 21], [5, 23, 24], [5, 28, 29], [5, 30, 31], [5, 32, 33]}, 
     [[1, 2, 2, 7, 3, 4, 5, 6, 4, 5, 7, 8], [1, 2, 2, 7, 3, 4, 5, 6, 7, 8, 4, 5], [1, 2, 2, 7, 3, 4, 7, 8, 5, 6, 4, 5], [1, 2, 2, 7, 5, 6, 3, 4, 4, 5, 7, 8], [1, 2, 2, 7, 5, 6, 3, 4, 7, 8, 4, 5], [1, 2, 2, 7, 5, 6, 7, 8, 3, 4, 4, 5], [1, 2, 2, 7, 7, 8, 3, 4, 5, 6, 4, 5], [1, 2, 2, 7, 7, 8, 5, 6, 3, 4, 4, 5], [1, 2, 3, 4, 2, 7, 5, 6, 4, 5, 7, 8], [1, 2, 3, 4, 2, 7, 5, 6, 7, 8, 4, 5], [1, 2, 3, 4, 2, 7, 7, 8, 5, 6, 4, 5], [1, 2, 5, 6, 2, 7, 3, 4, 4, 5, 7, 8], [1, 2, 5, 6, 2, 7, 3, 4, 7, 8, 4, 5], [1, 2, 5, 6, 2, 7, 7, 8, 3, 4, 4, 5], [1, 2, 5, 6, 3, 4, 2, 7, 4, 5, 7, 8], [1, 2, 5, 6, 3, 4, 2, 7, 7, 8, 4, 5], [3, 4, 1, 2, 2, 7, 5, 6, 4, 5, 7, 8], [3, 4, 1, 2, 2, 7, 5, 6, 7, 8, 4, 5], [3, 4, 1, 2, 2, 7, 7, 8, 5, 6, 4, 5], [3, 4, 1, 2, 5, 6, 2, 7, 4, 5, 7, 8], [3, 4, 1, 2, 5, 6, 2, 7, 7, 8, 4, 5], [3, 4, 1, 2, 5, 6, 4, 5, 2, 7, 7, 8], [3, 4, 5, 6, 1, 2, 2, 7, 4, 5, 7, 8], [3, 4, 5, 6, 1, 2, 2, 7, 7, 8, 4, 5], [3, 4, 5, 6, 1, 2, 4, 5, 2, 7, 7, 8], [3, 4, 5, 6, 4, 5, 1, 2, 2, 7, 7, 8], [5, 6, 1, 2, 2, 7, 3, 4, 4, 5, 7, 8], [5, 6, 1, 2, 2, 7, 3, 4, 7, 8, 4, 5], [5, 6, 1, 2, 2, 7, 7, 8, 3, 4, 4, 5], [5, 6, 1, 2, 3, 4, 2, 7, 4, 5, 7, 8], [5, 6, 1, 2, 3, 4, 2, 7, 7, 8, 4, 5], [5, 6, 3, 4, 1, 2, 2, 7, 4, 5, 7, 8], [5, 6, 3, 4, 1, 2, 2, 7, 7, 8, 4, 5], [5, 6, 3, 4, 1, 2, 4, 5, 2, 7, 7, 8], [5, 6, 3, 4, 4, 5, 1, 2, 2, 7, 7, 8]], 
     table([(0)=[{34}, {}, {}],(1)=[{35}, {[3, 34, 35]}, {}],(2)=[{26, 32}, {[2, 26, 35], [4, 32, 35]}, {}],(3)=[{23, 27, 33}, {[3, 27, 32], [4, 23, 26], [5, 32, 33]}, {}],(4)=[{4, 17, 20, 24, 28, 30}, {[2, 4, 27], [2, 20, 23], [3, 17, 23], [3, 28, 33], [4, 27, 30], [5, 23, 24]}, {}],(5)=[{1, 5, 15, 18, 21, 22, 29, 31}, {[2, 1, 17], [2, 5, 28], [2, 15, 30], [2, 21, 24], [3, 18, 24], [4, 1, 4], [4, 20, 22], [4, 28, 29], [5, 17, 18], [5, 20, 21], [5, 28, 29], [5, 30, 31]}, {}],(6)=[{2, 6, 9, 12, 16, 19, 25}, {[2, 2, 18], [2, 6, 29], [2, 16, 31], [2, 22, 25], [3, 1, 9], [3, 12, 15], [3, 22, 25], [4, 5, 6], [4, 12, 15], [4, 18, 19], [5, 1, 2], [5, 5, 6], [5, 15, 16]}, {}],(7)=[{3, 8, 10, 13}, {[2, 3, 19], [3, 2, 10], [3, 6, 8], [3, 13, 16], [5, 9, 10]}, {}],(8)=[{7, 11, 14}, {[3, 3, 7], [4, 3, 7], [4, 10, 11], [4, 13, 14], [5, 7, 8], [5, 13, 14]}, {}]]) ], 

  [ [[3, 4], [3, 5], [4, 5], [2, 4], [2, 5], [2, 4, 5], [2, 3], [2, 3, 5], [2, 4], [3, 5], [3, 4], [2, 4], [2, 5], [3], [3, 5], [4], [1, 3, 4], [1, 3, 5], [1, 4, 5], [1, 4], [1, 5], [1, 3], [2, 4], [2, 5], [2], [2, 3], [1, 4], [1, 5], [1, 3], [1, 3, 5], [1, 4], [1, 2, 4], [1, 2, 5], [1, 2], [1, 3]], 
     {[2, 4, 17], [2, 5, 18], [2, 6, 19], [2, 7, 29], [2, 8, 30], [2, 9, 31], [2, 12, 27], [2, 13, 28], [2, 20, 23], [2, 21, 24], [2, 22, 25], [2, 26, 35], [3, 1, 12], [3, 2, 13], [3, 4, 14], [3, 5, 15], [3, 6, 10], [3, 9, 11], [3, 17, 23], [3, 18, 24], [3, 22, 25], [3, 29, 32], [3, 30, 33], [3, 34, 35], [4, 2, 3], [4, 4, 7], [4, 6, 10], [4, 8, 9], [4, 12, 14], [4, 15, 16], [4, 18, 19], [4, 20, 22], [4, 23, 26], [4, 27, 29], [4, 30, 31], [4, 32, 35], [5, 1, 2], [5, 4, 5], [5, 8, 9], [5, 10, 11], [5, 12, 13], [5, 15, 16], [5, 17, 18], [5, 20, 21], [5, 23, 24], [5, 27, 28], [5, 30, 31], [5, 32, 33]}, 
     [[1, 3, 3, 4, 4, 7, 5, 6, 2, 4, 7, 8], [1, 3, 3, 4, 4, 7, 5, 6, 7, 8, 2, 4], [1, 3, 3, 4, 4, 7, 7, 8, 5, 6, 2, 4], [1, 3, 3, 7, 2, 3, 5, 6, 3, 4, 7, 8], [1, 3, 3, 7, 2, 3, 5, 6, 7, 8, 3, 4], [1, 3, 3, 7, 2, 3, 7, 8, 5, 6, 3, 4], [1, 3, 3, 7, 5, 6, 2, 3, 3, 4, 7, 8], [1, 3, 3, 7, 5, 6, 2, 3, 7, 8, 3, 4], [1, 3, 3, 7, 5, 6, 7, 8, 2, 3, 3, 4], [1, 3, 3, 7, 7, 8, 2, 3, 5, 6, 3, 4], [1, 3, 3, 7, 7, 8, 5, 6, 2, 3, 3, 4], [1, 3, 5, 6, 3, 4, 4, 7, 2, 4, 7, 8], [1, 3, 5, 6, 3, 4, 4, 7, 7, 8, 2, 4], [1, 3, 5, 6, 3, 7, 2, 3, 3, 4, 7, 8], [1, 3, 5, 6, 3, 7, 2, 3, 7, 8, 3, 4], [1, 3, 5, 6, 3, 7, 7, 8, 2, 3, 3, 4], [2, 3, 1, 2, 2, 7, 5, 6, 3, 4, 7, 8], [2, 3, 1, 2, 2, 7, 5, 6, 7, 8, 3, 4], [2, 3, 1, 2, 2, 7, 7, 8, 5, 6, 3, 4], [2, 3, 1, 2, 5, 6, 2, 7, 3, 4, 7, 8], [2, 3, 1, 2, 5, 6, 2, 7, 7, 8, 3, 4], [2, 3, 1, 2, 5, 6, 3, 4, 2, 7, 7, 8], [2, 3, 5, 6, 1, 2, 2, 7, 3, 4, 7, 8], [2, 3, 5, 6, 1, 2, 2, 7, 7, 8, 3, 4], [2, 3, 5, 6, 1, 2, 3, 4, 2, 7, 7, 8], [2, 3, 5, 6, 3, 4, 1, 2, 2, 7, 7, 8], [5, 6, 1, 3, 3, 4, 4, 7, 2, 4, 7, 8], [5, 6, 1, 3, 3, 4, 4, 7, 7, 8, 2, 4], [5, 6, 1, 3, 3, 7, 2, 3, 3, 4, 7, 8], [5, 6, 1, 3, 3, 7, 2, 3, 7, 8, 3, 4], [5, 6, 1, 3, 3, 7, 7, 8, 2, 3, 3, 4], [5, 6, 2, 3, 1, 2, 2, 7, 3, 4, 7, 8], [5, 6, 2, 3, 1, 2, 2, 7, 7, 8, 3, 4], [5, 6, 2, 3, 1, 2, 3, 4, 2, 7, 7, 8], [5, 6, 2, 3, 3, 4, 1, 2, 2, 7, 7, 8]], 
     table([(0)=[{34}, {}, {}],(1)=[{35}, {[3, 34, 35]}, {}],(2)=[{26, 32}, {[2, 26, 35], [4, 32, 35]}, {}],(3)=[{23, 29, 33}, {[3, 29, 32], [4, 23, 26], [5, 32, 33]}, {}],(4)=[{7, 17, 20, 24, 27, 30}, {[2, 7, 29], [2, 20, 23], [3, 17, 23], [3, 30, 33], [4, 27, 29], [5, 23, 24]}, {}],(5)=[{4, 8, 12, 18, 21, 22, 28, 31}, {[2, 4, 17], [2, 8, 30], [2, 12, 27], [2, 21, 24], [3, 18, 24], [4, 4, 7], [4, 20, 22], [4, 30, 31], [5, 17, 18], [5, 20, 21], [5, 27, 28], [5, 30, 31]}, {}],(6)=[{1, 5, 9, 13, 14, 19, 25}, {[2, 5, 18], [2, 9, 31], [2, 13, 28], [2, 22, 25], [3, 1, 12], [3, 4, 14], [3, 22, 25], [4, 8, 9], [4, 12, 14], [4, 18, 19], [5, 4, 5], [5, 8, 9], [5, 12, 13]}, {}],(7)=[{2, 6, 11, 15}, {[2, 6, 19], [3, 2, 13], [3, 5, 15], [3, 9, 11], [5, 1, 2]}, {}],(8)=[{3, 10, 16}, {[3, 6, 10], [4, 2, 3], [4, 6, 10], [4, 15, 16], [5, 10, 11], [5, 15, 16]}, {}]]) ], 

  [ [[2, 3], [2, 4], [2, 5], [3, 4], [3, 5], [4, 5], [1, 3], [1, 4], [1, 5], [1, 2], [1, 2, 4], [1, 2, 5], [1, 3], [1, 3, 5], [1, 4], [1, 3], [1, 3, 4], [1, 3, 5], [1, 4], [1, 4, 5], [1, 5], [2], [2, 4], [2, 5], [2, 3], [2, 3, 5], [2, 4], [2, 4], [2, 4, 5], [2, 5], [3], [3, 5], [3, 4], [3, 5], [4]], 
     {[2, 1, 16], [2, 2, 17], [2, 3, 18], [2, 7, 22], [2, 8, 23], [2, 9, 24], [2, 13, 25], [2, 14, 26], [2, 15, 27], [2, 19, 28], [2, 20, 29], [2, 21, 30], [3, 2, 4], [3, 3, 5], [3, 7, 10], [3, 11, 13], [3, 12, 14], [3, 16, 22], [3, 17, 28], [3, 18, 29], [3, 23, 31], [3, 24, 32], [3, 27, 33], [3, 30, 34], [4, 1, 2], [4, 5, 6], [4, 7, 8], [4, 11, 13], [4, 14, 15], [4, 16, 19], [4, 18, 20], [4, 23, 25], [4, 26, 27], [4, 28, 31], [4, 29, 34], [4, 32, 35], [5, 2, 3], [5, 4, 5], [5, 8, 9], [5, 11, 12], [5, 14, 15], [5, 17, 18], [5, 19, 21], [5, 23, 24], [5, 26, 27], [5, 28, 30], [5, 32, 33], [5, 34, 35]}, 
     [[2, 3, 3, 8, 4, 5, 1, 3, 5, 6, 6, 7], [2, 3, 3, 8, 4, 5, 5, 6, 1, 3, 6, 7], [2, 3, 3, 8, 4, 5, 5, 6, 6, 7, 1, 3], [2, 3, 4, 5, 3, 8, 5, 6, 1, 3, 6, 7], [2, 3, 4, 5, 3, 8, 5, 6, 6, 7, 1, 3], [2, 3, 4, 5, 5, 6, 3, 8, 6, 7, 1, 3], [2, 8, 1, 2, 4, 5, 2, 3, 5, 6, 6, 7], [2, 8, 1, 2, 4, 5, 5, 6, 2, 3, 6, 7], [2, 8, 1, 2, 4, 5, 5, 6, 6, 7, 2, 3], [2, 8, 4, 5, 1, 2, 2, 3, 5, 6, 6, 7], [2, 8, 4, 5, 1, 2, 5, 6, 2, 3, 6, 7], [2, 8, 4, 5, 1, 2, 5, 6, 6, 7, 2, 3], [2, 8, 4, 5, 5, 6, 1, 2, 2, 3, 6, 7], [2, 8, 4, 5, 5, 6, 1, 2, 6, 7, 2, 3], [2, 8, 4, 5, 5, 6, 6, 7, 1, 2, 2, 3], [4, 5, 2, 3, 3, 8, 1, 3, 5, 6, 6, 7], [4, 5, 2, 3, 3, 8, 5, 6, 1, 3, 6, 7], [4, 5, 2, 3, 3, 8, 5, 6, 6, 7, 1, 3], [4, 5, 2, 3, 5, 6, 3, 8, 1, 3, 6, 7], [4, 5, 2, 3, 5, 6, 3, 8, 6, 7, 1, 3], [4, 5, 2, 3, 5, 6, 6, 7, 3, 8, 1, 3], [4, 5, 2, 8, 1, 2, 2, 3, 5, 6, 6, 7], [4, 5, 2, 8, 1, 2, 5, 6, 2, 3, 6, 7], [4, 5, 2, 8, 1, 2, 5, 6, 6, 7, 2, 3], [4, 5, 2, 8, 5, 6, 1, 2, 2, 3, 6, 7], [4, 5, 2, 8, 5, 6, 1, 2, 6, 7, 2, 3], [4, 5, 2, 8, 5, 6, 6, 7, 1, 2, 2, 3], [4, 5, 5, 6, 2, 3, 3, 8, 1, 3, 6, 7], [4, 5, 5, 6, 2, 3, 3, 8, 6, 7, 1, 3], [4, 5, 5, 6, 2, 3, 6, 7, 3, 8, 1, 3], [4, 5, 5, 6, 2, 8, 1, 2, 2, 3, 6, 7], [4, 5, 5, 6, 2, 8, 1, 2, 6, 7, 2, 3], [4, 5, 5, 6, 2, 8, 6, 7, 1, 2, 2, 3], [4, 5, 5, 6, 6, 7, 2, 3, 3, 8, 1, 3], [4, 5, 5, 6, 6, 7, 2, 8, 1, 2, 2, 3]], 
     table([(0)=[{10}, {}, {}],(1)=[{7}, {[3, 7, 10]}, {}],(2)=[{8, 22}, {[2, 7, 22], [4, 7, 8]}, {}],(3)=[{9, 16, 23}, {[2, 8, 23], [3, 16, 22], [5, 8, 9]}, {}],(4)=[{1, 19, 24, 25, 31}, {[2, 1, 16], [2, 9, 24], [3, 23, 31], [4, 16, 19], [4, 23, 25], [5, 23, 24]}, {}],(5)=[{2, 13, 21, 28, 32}, {[2, 13, 25], [2, 19, 28], [3, 24, 32], [4, 1, 2], [4, 28, 31], [5, 19, 21]}, {}],(6)=[{3, 4, 11, 17, 30, 33, 35}, {[2, 2, 17], [2, 21, 30], [3, 2, 4], [3, 11, 13], [3, 17, 28], [4, 11, 13], [4, 32, 35], [5, 2, 3], [5, 28, 30], [5, 32, 33]}, {}],(7)=[{5, 12, 18, 27, 34}, {[2, 3, 18], [3, 3, 5], [3, 27, 33], [3, 30, 34], [5, 4, 5], [5, 11, 12], [5, 17, 18], [5, 34, 35]}, {}],(8)=[{6, 14, 15, 20, 26, 29}, {[2, 15, 27], [3, 12, 14], [3, 18, 29], [4, 5, 6], [4, 18, 20], [4, 26, 27], [4, 29, 34], [5, 26, 27]}, {[2, 14, 26], [2, 20, 29], [4, 14, 15], [5, 14, 15]}]]) ], 

  [ [[2, 4, 5], [3, 5], [3, 4], [1, 4, 5], [1, 3, 5], [1, 3, 4], [2, 3, 5], [2, 4], [2, 5], [2, 4], [2, 3], [1, 3, 5], [1, 4], [1, 5], [1, 4], [1, 3], [1, 2, 5], [1, 2, 4], [1, 3], [1, 2], [4, 5], [3, 5], [3, 4], [2, 5], [2, 4], [2, 3], [3, 5], [4], [2, 5], [2, 4], [3], [1, 5], [1, 4], [1, 3], [2]], 
     {[2, 1, 4], [2, 5, 9], [2, 6, 10], [2, 7, 12], [2, 8, 13], [2, 11, 34], [2, 14, 24], [2, 15, 25], [2, 16, 35], [2, 19, 26], [2, 29, 32], [2, 30, 33], [3, 1, 2], [3, 3, 8], [3, 5, 9], [3, 6, 10], [3, 12, 17], [3, 16, 20], [3, 18, 19], [3, 22, 24], [3, 23, 30], [3, 25, 31], [3, 27, 29], [3, 34, 35], [4, 1, 2], [4, 4, 5], [4, 7, 8], [4, 10, 11], [4, 12, 13], [4, 15, 16], [4, 18, 19], [4, 21, 22], [4, 25, 26], [4, 27, 28], [4, 30, 31], [4, 33, 34], [5, 2, 3], [5, 5, 6], [5, 7, 8], [5, 9, 10], [5, 12, 13], [5, 14, 15], [5, 17, 18], [5, 22, 23], [5, 24, 25], [5, 27, 28], [5, 29, 30], [5, 32, 33]}, 
     [[2, 5, 1, 6, 3, 4, 6, 7, 5, 6, 4, 5], [2, 5, 1, 6, 6, 7, 3, 4, 5, 6, 4, 5], [2, 5, 1, 6, 6, 7, 5, 6, 3, 4, 4, 5], [2, 5, 3, 4, 1, 6, 6, 7, 5, 6, 4, 5], [2, 5, 3, 4, 5, 6, 1, 5, 5, 7, 4, 5], [2, 5, 3, 4, 5, 6, 4, 5, 1, 4, 4, 7], [2, 5, 5, 6, 1, 5, 3, 4, 5, 7, 4, 5], [2, 5, 5, 6, 1, 5, 5, 7, 3, 4, 4, 5], [2, 5, 5, 6, 3, 4, 1, 5, 5, 7, 4, 5], [2, 5, 5, 6, 3, 4, 4, 5, 1, 4, 4, 7], [2, 5, 5, 6, 3, 5, 1, 3, 3, 4, 4, 7], [2, 6, 1, 2, 2, 5, 3, 4, 5, 7, 4, 5], [2, 6, 1, 2, 2, 5, 5, 7, 3, 4, 4, 5], [2, 6, 1, 2, 3, 4, 2, 5, 5, 7, 4, 5], [2, 6, 1, 2, 3, 4, 4, 5, 2, 4, 4, 7], [2, 6, 1, 2, 3, 5, 2, 3, 3, 4, 4, 7], [2, 6, 3, 4, 1, 2, 2, 5, 5, 7, 4, 5], [2, 6, 3, 4, 1, 2, 4, 5, 2, 4, 4, 7], [2, 6, 3, 4, 4, 5, 1, 2, 2, 4, 4, 7], [2, 6, 3, 5, 1, 2, 2, 3, 3, 4, 4, 7], [3, 4, 2, 5, 1, 6, 6, 7, 5, 6, 4, 5], [3, 4, 2, 5, 5, 6, 1, 5, 5, 7, 4, 5], [3, 4, 2, 5, 5, 6, 4, 5, 1, 4, 4, 7], [3, 4, 2, 6, 1, 2, 2, 5, 5, 7, 4, 5], [3, 4, 2, 6, 1, 2, 4, 5, 2, 4, 4, 7], [3, 4, 2, 6, 4, 5, 1, 2, 2, 4, 4, 7], [3, 4, 4, 5, 1, 6, 2, 4, 6, 7, 4, 6], [3, 4, 4, 5, 1, 6, 6, 7, 2, 4, 4, 6], [3, 4, 4, 5, 2, 4, 1, 6, 6, 7, 4, 6], [3, 4, 4, 5, 2, 4, 4, 6, 1, 4, 4, 7], [3, 4, 4, 5, 2, 6, 1, 2, 2, 4, 4, 7], [3, 5, 2, 3, 3, 4, 1, 6, 6, 7, 4, 6], [3, 5, 2, 3, 3, 4, 4, 6, 1, 4, 4, 7], [3, 5, 2, 3, 3, 6, 1, 3, 3, 4, 4, 7], [3, 5, 2, 6, 1, 2, 2, 3, 3, 4, 4, 7]], 
     table([(0)=[{20}, {}, {}],(1)=[{16}, {[3, 16, 20]}, {}],(2)=[{15, 35}, {[2, 16, 35], [4, 15, 16]}, {}],(3)=[{14, 25, 34}, {[2, 15, 25], [3, 34, 35], [5, 14, 15]}, {}],(4)=[{11, 24, 26, 31, 33}, {[2, 11, 34], [2, 14, 24], [3, 25, 31], [4, 25, 26], [4, 33, 34], [5, 24, 25]}, {}],(5)=[{10, 19, 22, 30, 32}, {[2, 19, 26], [2, 30, 33], [3, 22, 24], [4, 10, 11], [4, 30, 31], [5, 32, 33]}, {}],(6)=[{6, 9, 18, 21, 23, 29}, {[2, 6, 10], [2, 29, 32], [3, 6, 10], [3, 18, 19], [3, 23, 30], [4, 18, 19], [4, 21, 22], [5, 9, 10], [5, 22, 23], [5, 29, 30]}, {}],(7)=[{5, 17, 27}, {[2, 5, 9], [3, 5, 9], [3, 27, 29], [5, 5, 6], [5, 17, 18]}, {}],(9)=[{1, 7, 13}, {[2, 1, 4], [2, 7, 12], [4, 12, 13], [5, 12, 13]}, {}],(8)=[{4, 12, 28}, {[3, 12, 17], [4, 4, 5], [4, 27, 28], [5, 27, 28]}, {}],(11)=[{3}, {[3, 3, 8], [5, 2, 3]}, {}],(10)=[{2, 8}, {[2, 8, 13], [3, 1, 2], [4, 1, 2], [4, 7, 8], [5, 7, 8]}, {}]]) ], 

  [ [[1, 4, 5], [1, 3, 5], [1, 3, 4], [2, 5], [2, 4], [2, 3], [1, 5], [1, 4], [1, 3], [1, 2, 5], [1, 2, 4], [1, 3, 5], [1, 4], [1, 3], [1, 2], [2, 4, 5], [3, 5], [3, 4], [2, 5], [2, 4], [2, 3, 5], [2, 4], [2, 3], [4, 5], [3, 5], [3, 4], [3, 5], [4], [2, 5], [2, 4], [3], [1, 5], [1, 4], [1, 3], [2]], 
     {[2, 1, 16], [2, 2, 4], [2, 3, 5], [2, 6, 34], [2, 7, 19], [2, 8, 20], [2, 9, 35], [2, 12, 21], [2, 13, 22], [2, 14, 23], [2, 29, 32], [2, 30, 33], [3, 2, 4], [3, 3, 5], [3, 9, 15], [3, 10, 12], [3, 11, 14], [3, 16, 17], [3, 18, 30], [3, 19, 25], [3, 20, 31], [3, 22, 26], [3, 27, 29], [3, 34, 35], [4, 1, 2], [4, 5, 6], [4, 8, 9], [4, 11, 14], [4, 12, 13], [4, 16, 17], [4, 20, 23], [4, 21, 22], [4, 24, 27], [4, 25, 28], [4, 30, 31], [4, 33, 34], [5, 2, 3], [5, 4, 5], [5, 7, 8], [5, 10, 11], [5, 12, 13], [5, 17, 18], [5, 19, 20], [5, 21, 22], [5, 25, 26], [5, 27, 28], [5, 29, 30], [5, 32, 33]}, 
     [[2, 6, 3, 4, 4, 5, 6, 7, 5, 6, 1, 5], [2, 6, 3, 4, 6, 7, 4, 5, 5, 6, 1, 5], [2, 6, 3, 4, 6, 7, 4, 6, 1, 4, 4, 5], [2, 6, 6, 7, 3, 4, 4, 5, 5, 6, 1, 5], [2, 6, 6, 7, 3, 4, 4, 6, 1, 4, 4, 5], [2, 6, 6, 7, 3, 6, 1, 3, 3, 4, 4, 5], [2, 7, 1, 2, 3, 4, 4, 5, 5, 6, 2, 5], [2, 7, 1, 2, 3, 4, 4, 6, 2, 4, 4, 5], [2, 7, 1, 2, 3, 6, 2, 3, 3, 4, 4, 5], [2, 7, 3, 4, 1, 2, 4, 5, 5, 6, 2, 5], [2, 7, 3, 4, 1, 2, 4, 6, 2, 4, 4, 5], [2, 7, 3, 4, 4, 5, 1, 2, 5, 6, 2, 5], [2, 7, 3, 4, 4, 5, 5, 6, 1, 2, 2, 5], [2, 7, 3, 4, 4, 6, 1, 2, 2, 4, 4, 5], [2, 7, 3, 6, 1, 2, 2, 3, 3, 4, 4, 5], [3, 4, 2, 6, 4, 5, 6, 7, 5, 6, 1, 5], [3, 4, 2, 6, 6, 7, 4, 5, 5, 6, 1, 5], [3, 4, 2, 6, 6, 7, 4, 6, 1, 4, 4, 5], [3, 4, 2, 7, 1, 2, 4, 5, 5, 6, 2, 5], [3, 4, 2, 7, 1, 2, 4, 6, 2, 4, 4, 5], [3, 4, 2, 7, 4, 5, 1, 2, 5, 6, 2, 5], [3, 4, 2, 7, 4, 5, 5, 6, 1, 2, 2, 5], [3, 4, 2, 7, 4, 6, 1, 2, 2, 4, 4, 5], [3, 4, 4, 5, 2, 6, 6, 7, 5, 6, 1, 5], [3, 4, 4, 5, 2, 7, 1, 2, 5, 6, 2, 5], [3, 4, 4, 5, 2, 7, 5, 6, 1, 2, 2, 5], [3, 4, 4, 5, 5, 6, 2, 5, 5, 7, 1, 5], [3, 4, 4, 5, 5, 6, 2, 7, 1, 2, 2, 5], [3, 4, 4, 6, 2, 4, 4, 5, 5, 7, 1, 5], [3, 4, 4, 6, 2, 4, 4, 7, 1, 4, 4, 5], [3, 4, 4, 6, 2, 7, 1, 2, 2, 4, 4, 5], [3, 6, 2, 3, 3, 4, 4, 5, 5, 7, 1, 5], [3, 6, 2, 3, 3, 4, 4, 7, 1, 4, 4, 5], [3, 6, 2, 3, 3, 7, 1, 3, 3, 4, 4, 5], [3, 6, 2, 7, 1, 2, 2, 3, 3, 4, 4, 5]], 
     table([(0)=[{15}, {}, {}],(1)=[{9}, {[3, 9, 15]}, {}],(2)=[{8, 35}, {[2, 9, 35], [4, 8, 9]}, {}],(3)=[{7, 20, 34}, {[2, 8, 20], [3, 34, 35], [5, 7, 8]}, {}],(4)=[{6, 19, 23, 31, 33}, {[2, 6, 34], [2, 7, 19], [3, 20, 31], [4, 20, 23], [4, 33, 34], [5, 19, 20]}, {}],(5)=[{5, 14, 25, 30, 32}, {[2, 14, 23], [2, 30, 33], [3, 19, 25], [4, 5, 6], [4, 30, 31], [5, 32, 33]}, {}],(6)=[{3, 4, 11, 18, 26, 28, 29}, {[2, 3, 5], [2, 29, 32], [3, 3, 5], [3, 11, 14], [3, 18, 30], [4, 11, 14], [4, 25, 28], [5, 4, 5], [5, 25, 26], [5, 29, 30]}, {}],(7)=[{2, 10, 17, 22, 27}, {[2, 2, 4], [3, 2, 4], [3, 22, 26], [3, 27, 29], [5, 2, 3], [5, 10, 11], [5, 17, 18], [5, 27, 28]}, {}],(8)=[{1, 12, 13, 16, 21, 24}, {[2, 13, 22], [3, 10, 12], [3, 16, 17], [4, 1, 2], [4, 16, 17], [4, 21, 22], [4, 24, 27], [5, 21, 22]}, {[2, 1, 16], [2, 12, 21], [4, 12, 13], [5, 12, 13]}]]) ], 

  [ [[1, 5], [1, 4], [1, 3], [1, 2, 5], [1, 2, 4], [1, 3, 5], [1, 4], [1, 3], [1, 2], [2, 5], [2, 4], [2, 3, 5], [2, 4], [2, 3], [3, 5], [3, 4], [4], [4, 5], [3, 5], [3], [3, 4], [3, 5], [2, 4], [2, 4, 5], [2, 5], [2], [2, 3], [2, 4], [2, 5], [1, 3], [1, 3, 4], [1, 3, 5], [1, 4], [1, 4, 5], [1, 5]], 
     {[2, 1, 10], [2, 2, 11], [2, 3, 26], [2, 6, 12], [2, 7, 13], [2, 8, 14], [2, 23, 33], [2, 24, 34], [2, 25, 35], [2, 27, 30], [2, 28, 31], [2, 29, 32], [3, 3, 9], [3, 4, 6], [3, 5, 8], [3, 10, 15], [3, 11, 20], [3, 13, 16], [3, 19, 25], [3, 21, 23], [3, 22, 24], [3, 26, 30], [3, 28, 31], [3, 29, 32], [4, 2, 3], [4, 5, 8], [4, 6, 7], [4, 11, 14], [4, 12, 13], [4, 15, 17], [4, 18, 19], [4, 20, 23], [4, 22, 24], [4, 27, 28], [4, 30, 33], [4, 32, 34], [5, 1, 2], [5, 4, 5], [5, 6, 7], [5, 10, 11], [5, 12, 13], [5, 15, 16], [5, 17, 19], [5, 21, 22], [5, 23, 25], [5, 28, 29], [5, 31, 32], [5, 33, 35]}, 
     [[2, 8, 1, 2, 3, 4, 4, 5, 6, 7, 5, 6], [2, 8, 1, 2, 3, 4, 6, 7, 4, 5, 5, 6], [2, 8, 1, 2, 6, 7, 3, 4, 4, 5, 5, 6], [2, 8, 3, 4, 1, 2, 4, 5, 6, 7, 5, 6], [2, 8, 3, 4, 1, 2, 6, 7, 4, 5, 5, 6], [2, 8, 3, 4, 4, 5, 1, 2, 6, 7, 5, 6], [2, 8, 3, 4, 4, 5, 6, 7, 1, 2, 5, 6], [2, 8, 3, 4, 6, 7, 1, 2, 4, 5, 5, 6], [2, 8, 6, 7, 1, 2, 3, 4, 4, 5, 5, 6], [3, 4, 2, 8, 1, 2, 4, 5, 6, 7, 5, 6], [3, 4, 2, 8, 1, 2, 6, 7, 4, 5, 5, 6], [3, 4, 2, 8, 4, 5, 1, 2, 6, 7, 5, 6], [3, 4, 2, 8, 4, 5, 6, 7, 1, 2, 5, 6], [3, 4, 2, 8, 6, 7, 1, 2, 4, 5, 5, 6], [3, 4, 4, 5, 2, 8, 1, 2, 6, 7, 5, 6], [3, 4, 4, 5, 2, 8, 6, 7, 1, 2, 5, 6], [3, 4, 4, 5, 6, 7, 2, 8, 1, 2, 5, 6], [3, 4, 4, 5, 6, 7, 2, 8, 5, 6, 1, 2], [3, 4, 4, 5, 6, 7, 5, 6, 2, 8, 1, 2], [3, 4, 6, 7, 2, 8, 1, 2, 4, 5, 5, 6], [3, 4, 6, 7, 2, 8, 4, 5, 1, 2, 5, 6], [3, 4, 6, 7, 2, 8, 4, 5, 5, 6, 1, 2], [3, 4, 6, 7, 4, 5, 2, 8, 1, 2, 5, 6], [3, 4, 6, 7, 4, 5, 2, 8, 5, 6, 1, 2], [3, 4, 6, 7, 4, 5, 5, 6, 2, 8, 1, 2], [6, 7, 2, 8, 1, 2, 3, 4, 4, 5, 5, 6], [6, 7, 2, 8, 3, 4, 1, 2, 4, 5, 5, 6], [6, 7, 2, 8, 3, 4, 4, 5, 1, 2, 5, 6], [6, 7, 2, 8, 3, 4, 4, 5, 5, 6, 1, 2], [6, 7, 3, 4, 2, 8, 1, 2, 4, 5, 5, 6], [6, 7, 3, 4, 2, 8, 4, 5, 1, 2, 5, 6], [6, 7, 3, 4, 2, 8, 4, 5, 5, 6, 1, 2], [6, 7, 3, 4, 4, 5, 2, 8, 1, 2, 5, 6], [6, 7, 3, 4, 4, 5, 2, 8, 5, 6, 1, 2], [6, 7, 3, 4, 4, 5, 5, 6, 2, 8, 1, 2]], 
     table([(0)=[{9}, {}, {}],(1)=[{3}, {[3, 3, 9]}, {}],(2)=[{2, 26}, {[2, 3, 26], [4, 2, 3]}, {}],(3)=[{1, 11, 30}, {[2, 2, 11], [3, 26, 30], [5, 1, 2]}, {}],(4)=[{10, 14, 20, 27, 33}, {[2, 1, 10], [2, 27, 30], [3, 11, 20], [4, 11, 14], [4, 30, 33], [5, 10, 11]}, {}],(5)=[{8, 15, 23, 28, 35}, {[2, 8, 14], [2, 23, 33], [3, 10, 15], [4, 20, 23], [4, 27, 28], [5, 33, 35]}, {}],(6)=[{5, 16, 17, 21, 25, 29, 31}, {[2, 25, 35], [2, 28, 31], [3, 5, 8], [3, 21, 23], [3, 28, 31], [4, 5, 8], [4, 15, 17], [5, 15, 16], [5, 23, 25], [5, 28, 29]}, {}],(7)=[{4, 13, 19, 22, 32}, {[2, 29, 32], [3, 13, 16], [3, 19, 25], [3, 29, 32], [5, 4, 5], [5, 17, 19], [5, 21, 22], [5, 31, 32]}, {}],(8)=[{6, 7, 12, 18, 24, 34}, {[2, 7, 13], [3, 4, 6], [3, 22, 24], [4, 12, 13], [4, 18, 19], [4, 22, 24], [4, 32, 34], [5, 12, 13]}, {[2, 6, 12], [2, 24, 34], [4, 6, 7], [5, 6, 7]}]]) ], 

#################################################################
### The symmetric function = s[3, 2, 1] + s[3, 1, 1, 1] + s[2, 2, 1, 1]   has 8 graph isomorphism types.

  [ [[2, 4, 5], [2, 3, 5], [2, 3, 4], [3, 4, 5], [3, 5], [3, 4], [2, 4, 5], [2, 4], [2, 3, 5], [1, 3, 4, 5], [1, 4, 5], [1, 3, 5], [1, 3, 4], [2, 4, 5], [2, 5], [2, 4], [2, 3, 5], [2, 3], [2, 3, 4], [1, 3, 5], [1, 3, 4], [1, 4, 5], [1, 4], [1, 3, 5], [1, 2, 4, 5], [1, 2, 5], [1, 2, 4], [1, 3, 5], [1, 3], [1, 3, 4], [1, 2, 4], [1, 2, 5], [1, 2, 3, 5], [1, 2, 3], [1, 2, 4]], 
     {[2, 1, 10], [2, 2, 20], [2, 3, 21], [2, 7, 22], [2, 8, 23], [2, 9, 24], [2, 11, 14], [2, 12, 15], [2, 13, 16], [2, 17, 28], [2, 18, 29], [2, 19, 30], [3, 1, 4], [3, 5, 7], [3, 6, 8], [3, 10, 14], [3, 12, 15], [3, 13, 16], [3, 20, 25], [3, 21, 31], [3, 24, 32], [3, 26, 28], [3, 27, 29], [3, 30, 35], [4, 1, 2], [4, 5, 7], [4, 8, 9], [4, 11, 12], [4, 14, 17], [4, 16, 18], [4, 20, 22], [4, 23, 24], [4, 25, 28], [4, 27, 29], [4, 31, 33], [4, 34, 35], [5, 2, 3], [5, 5, 6], [5, 8, 9], [5, 12, 13], [5, 15, 16], [5, 17, 19], [5, 20, 21], [5, 23, 24], [5, 26, 27], [5, 28, 30], [5, 31, 32], [5, 33, 35]}, 
     [[1, 2, 2, 8, 3, 4, 6, 7, 5, 6, 4, 5], [1, 2, 2, 8, 6, 7, 3, 4, 5, 6, 4, 5], [1, 2, 2, 8, 6, 7, 5, 6, 3, 4, 4, 5], [1, 2, 3, 4, 2, 8, 6, 7, 5, 6, 4, 5], [1, 2, 6, 7, 2, 8, 3, 4, 5, 6, 4, 5], [1, 2, 6, 7, 2, 8, 5, 6, 3, 4, 4, 5], [1, 2, 6, 7, 3, 4, 2, 8, 5, 6, 4, 5], [1, 2, 6, 7, 5, 6, 2, 8, 3, 4, 4, 5], [1, 2, 6, 7, 5, 6, 3, 4, 2, 8, 4, 5], [3, 4, 1, 2, 2, 8, 6, 7, 5, 6, 4, 5], [3, 4, 1, 2, 6, 7, 2, 8, 5, 6, 4, 5], [3, 4, 1, 2, 6, 7, 5, 6, 2, 8, 4, 5], [3, 4, 1, 2, 6, 7, 5, 6, 4, 5, 2, 8], [3, 4, 6, 7, 1, 2, 2, 8, 5, 6, 4, 5], [3, 4, 6, 7, 1, 2, 5, 6, 2, 8, 4, 5], [3, 4, 6, 7, 1, 2, 5, 6, 4, 5, 2, 8], [3, 4, 6, 7, 5, 6, 1, 2, 2, 8, 4, 5], [3, 4, 6, 7, 5, 6, 1, 2, 4, 5, 2, 8], [3, 4, 6, 7, 5, 6, 4, 5, 1, 2, 2, 8], [6, 7, 1, 2, 2, 8, 3, 4, 5, 6, 4, 5], [6, 7, 1, 2, 2, 8, 5, 6, 3, 4, 4, 5], [6, 7, 1, 2, 3, 4, 2, 8, 5, 6, 4, 5], [6, 7, 1, 2, 5, 6, 2, 8, 3, 4, 4, 5], [6, 7, 1, 2, 5, 6, 3, 4, 2, 8, 4, 5], [6, 7, 3, 4, 1, 2, 2, 8, 5, 6, 4, 5], [6, 7, 3, 4, 1, 2, 5, 6, 2, 8, 4, 5], [6, 7, 3, 4, 1, 2, 5, 6, 4, 5, 2, 8], [6, 7, 3, 4, 5, 6, 1, 2, 2, 8, 4, 5], [6, 7, 3, 4, 5, 6, 1, 2, 4, 5, 2, 8], [6, 7, 3, 4, 5, 6, 4, 5, 1, 2, 2, 8], [6, 7, 5, 6, 1, 2, 2, 8, 3, 4, 4, 5], [6, 7, 5, 6, 1, 2, 3, 4, 2, 8, 4, 5], [6, 7, 5, 6, 3, 4, 1, 2, 2, 8, 4, 5], [6, 7, 5, 6, 3, 4, 1, 2, 4, 5, 2, 8], [6, 7, 5, 6, 3, 4, 4, 5, 1, 2, 2, 8]], 
     table([(0)=[{34}, {}, {}],(1)=[{35}, {[4, 34, 35]}, {}],(2)=[{30, 33}, {[3, 30, 35], [5, 33, 35]}, {}],(3)=[{19, 28, 31}, {[2, 19, 30], [4, 31, 33], [5, 28, 30]}, {}],(4)=[{17, 21, 25, 26, 32}, {[2, 17, 28], [3, 21, 31], [3, 26, 28], [4, 25, 28], [5, 17, 19], [5, 31, 32]}, {}],(5)=[{3, 14, 20, 24, 27}, {[2, 3, 21], [3, 20, 25], [3, 24, 32], [4, 14, 17], [5, 20, 21], [5, 26, 27]}, {}],(6)=[{2, 9, 10, 11, 22, 23, 29}, {[2, 2, 20], [2, 9, 24], [2, 11, 14], [3, 10, 14], [3, 27, 29], [4, 20, 22], [4, 23, 24], [4, 27, 29], [5, 2, 3], [5, 23, 24]}, {}],(7)=[{1, 7, 8, 12, 18}, {[2, 1, 10], [2, 7, 22], [2, 8, 23], [2, 18, 29], [4, 1, 2], [4, 8, 9], [4, 11, 12], [5, 8, 9]}, {}],(8)=[{4, 5, 6, 13, 15, 16}, {[2, 12, 15], [3, 1, 4], [3, 5, 7], [3, 6, 8], [3, 12, 15], [4, 5, 7], [4, 16, 18], [5, 12, 13]}, {[2, 13, 16], [3, 13, 16], [5, 5, 6], [5, 15, 16]}]]) ], 

  [ [[2, 4, 5], [2, 3, 4], [2, 3, 5], [3, 4, 5], [3, 4], [3, 5], [2, 4], [2, 4, 5], [2, 3, 5], [1, 3, 4, 5], [1, 4, 5], [1, 3, 5], [1, 3, 4], [2, 4, 5], [2, 5], [2, 4], [2, 3, 5], [2, 3], [2, 3, 4], [1, 3, 4], [1, 3, 5], [1, 4], [1, 4, 5], [1, 3, 5], [1, 2, 4], [1, 2, 4, 5], [1, 2, 5], [1, 2, 5], [1, 2, 4], [1, 2, 3, 5], [1, 2, 3], [1, 2, 4], [1, 3, 5], [1, 3], [1, 3, 4]], 
     {[2, 1, 10], [2, 2, 20], [2, 3, 21], [2, 7, 22], [2, 8, 23], [2, 9, 24], [2, 11, 14], [2, 12, 15], [2, 13, 16], [2, 17, 33], [2, 18, 34], [2, 19, 35], [3, 1, 4], [3, 5, 7], [3, 6, 8], [3, 10, 14], [3, 12, 15], [3, 13, 16], [3, 20, 25], [3, 21, 26], [3, 24, 27], [3, 28, 33], [3, 29, 34], [3, 32, 35], [4, 1, 3], [4, 6, 8], [4, 7, 9], [4, 11, 12], [4, 14, 17], [4, 16, 18], [4, 21, 23], [4, 22, 24], [4, 25, 30], [4, 26, 33], [4, 29, 34], [4, 31, 32], [5, 2, 3], [5, 5, 6], [5, 7, 9], [5, 12, 13], [5, 15, 16], [5, 17, 19], [5, 20, 21], [5, 22, 24], [5, 25, 27], [5, 28, 29], [5, 30, 32], [5, 33, 35]}, 
     [[1, 2, 2, 8, 4, 5, 6, 7, 5, 6, 3, 4], [1, 2, 2, 8, 6, 7, 4, 5, 3, 4, 5, 6], [1, 2, 2, 8, 6, 7, 4, 5, 5, 6, 3, 4], [1, 2, 4, 5, 2, 8, 6, 7, 5, 6, 3, 4], [1, 2, 6, 7, 2, 8, 4, 5, 3, 4, 5, 6], [1, 2, 6, 7, 2, 8, 4, 5, 5, 6, 3, 4], [1, 2, 6, 7, 4, 5, 2, 8, 3, 4, 5, 6], [1, 2, 6, 7, 4, 5, 2, 8, 5, 6, 3, 4], [1, 2, 6, 7, 4, 5, 3, 4, 2, 8, 5, 6], [4, 5, 1, 2, 2, 8, 6, 7, 5, 6, 3, 4], [4, 5, 1, 2, 6, 7, 2, 8, 5, 6, 3, 4], [4, 5, 1, 2, 6, 7, 5, 6, 2, 8, 3, 4], [4, 5, 1, 2, 6, 7, 5, 6, 3, 4, 2, 8], [4, 5, 6, 7, 1, 2, 2, 8, 5, 6, 3, 4], [4, 5, 6, 7, 1, 2, 5, 6, 2, 8, 3, 4], [4, 5, 6, 7, 1, 2, 5, 6, 3, 4, 2, 8], [4, 5, 6, 7, 5, 6, 1, 2, 2, 8, 3, 4], [4, 5, 6, 7, 5, 6, 1, 2, 3, 4, 2, 8], [4, 5, 6, 7, 5, 6, 3, 4, 1, 2, 2, 8], [6, 7, 1, 2, 2, 8, 4, 5, 3, 4, 5, 6], [6, 7, 1, 2, 2, 8, 4, 5, 5, 6, 3, 4], [6, 7, 1, 2, 4, 5, 2, 8, 3, 4, 5, 6], [6, 7, 1, 2, 4, 5, 2, 8, 5, 6, 3, 4], [6, 7, 1, 2, 4, 5, 3, 4, 2, 8, 5, 6], [6, 7, 4, 5, 1, 2, 2, 8, 3, 4, 5, 6], [6, 7, 4, 5, 1, 2, 2, 8, 5, 6, 3, 4], [6, 7, 4, 5, 1, 2, 3, 4, 2, 8, 5, 6], [6, 7, 4, 5, 1, 2, 5, 6, 2, 8, 3, 4], [6, 7, 4, 5, 1, 2, 5, 6, 3, 4, 2, 8], [6, 7, 4, 5, 3, 4, 1, 2, 2, 8, 5, 6], [6, 7, 4, 5, 3, 4, 1, 2, 5, 6, 2, 8], [6, 7, 4, 5, 3, 4, 5, 6, 1, 2, 2, 8], [6, 7, 4, 5, 5, 6, 1, 2, 2, 8, 3, 4], [6, 7, 4, 5, 5, 6, 1, 2, 3, 4, 2, 8], [6, 7, 4, 5, 5, 6, 3, 4, 1, 2, 2, 8]], 
     table([(0)=[{31}, {}, {}],(1)=[{32}, {[4, 31, 32]}, {}],(2)=[{30, 35}, {[3, 32, 35], [5, 30, 32]}, {}],(3)=[{19, 25, 33}, {[2, 19, 35], [4, 25, 30], [5, 33, 35]}, {}],(4)=[{17, 20, 26, 27, 28}, {[2, 17, 33], [3, 20, 25], [3, 28, 33], [4, 26, 33], [5, 17, 19], [5, 25, 27]}, {}],(5)=[{2, 14, 21, 24, 29}, {[2, 2, 20], [3, 21, 26], [3, 24, 27], [4, 14, 17], [5, 20, 21], [5, 28, 29]}, {}],(6)=[{3, 9, 10, 11, 22, 23, 34}, {[2, 3, 21], [2, 9, 24], [2, 11, 14], [3, 10, 14], [3, 29, 34], [4, 21, 23], [4, 22, 24], [4, 29, 34], [5, 2, 3], [5, 22, 24]}, {}],(7)=[{1, 7, 8, 12, 18}, {[2, 1, 10], [2, 7, 22], [2, 8, 23], [2, 18, 34], [4, 1, 3], [4, 7, 9], [4, 11, 12], [5, 7, 9]}, {}],(8)=[{4, 5, 6, 13, 15, 16}, {[2, 12, 15], [3, 1, 4], [3, 5, 7], [3, 6, 8], [3, 12, 15], [4, 6, 8], [4, 16, 18], [5, 12, 13]}, {[2, 13, 16], [3, 13, 16], [5, 5, 6], [5, 15, 16]}]]) ], 

  [ [[3, 4, 5], [2, 4, 5], [2, 3, 5], [2, 3, 4], [2, 4, 5], [3, 5], [3, 4], [2, 3, 5], [2, 4], [1, 3, 4, 5], [1, 4, 5], [1, 3, 5], [1, 3, 4], [2, 4, 5], [2, 5], [2, 4], [2, 3, 5], [2, 3], [2, 3, 4], [1, 4, 5], [1, 3, 5], [1, 3, 4], [1, 3, 5], [1, 4], [1, 2, 4, 5], [1, 2, 5], [1, 2, 4], [1, 3, 5], [1, 3], [1, 3, 4], [1, 2, 5], [1, 2, 4], [1, 2, 3, 5], [1, 2, 3], [1, 2, 4]], 
     {[2, 2, 10], [2, 3, 21], [2, 4, 22], [2, 5, 20], [2, 8, 23], [2, 9, 24], [2, 11, 14], [2, 12, 15], [2, 13, 16], [2, 17, 28], [2, 18, 29], [2, 19, 30], [3, 1, 5], [3, 2, 6], [3, 7, 9], [3, 10, 14], [3, 12, 15], [3, 13, 16], [3, 21, 25], [3, 22, 32], [3, 23, 31], [3, 26, 28], [3, 27, 29], [3, 30, 35], [4, 2, 3], [4, 5, 8], [4, 6, 9], [4, 11, 12], [4, 14, 17], [4, 16, 18], [4, 20, 23], [4, 21, 24], [4, 25, 28], [4, 27, 29], [4, 32, 33], [4, 34, 35], [5, 3, 4], [5, 6, 7], [5, 8, 9], [5, 12, 13], [5, 15, 16], [5, 17, 19], [5, 21, 22], [5, 23, 24], [5, 26, 27], [5, 28, 30], [5, 31, 32], [5, 33, 35]}, 
     [[1, 3, 3, 4, 4, 8, 6, 7, 5, 6, 2, 4], [1, 3, 3, 8, 2, 3, 6, 7, 5, 6, 3, 4], [1, 3, 3, 8, 6, 7, 2, 3, 5, 6, 3, 4], [1, 3, 3, 8, 6, 7, 5, 6, 2, 3, 3, 4], [1, 3, 6, 7, 3, 4, 4, 8, 5, 6, 2, 4], [1, 3, 6, 7, 3, 8, 2, 3, 5, 6, 3, 4], [1, 3, 6, 7, 3, 8, 5, 6, 2, 3, 3, 4], [1, 3, 6, 7, 5, 6, 3, 4, 4, 8, 2, 4], [1, 3, 6, 7, 5, 6, 3, 8, 2, 3, 3, 4], [2, 3, 1, 2, 2, 8, 6, 7, 5, 6, 3, 4], [2, 3, 1, 2, 6, 7, 2, 8, 5, 6, 3, 4], [2, 3, 1, 2, 6, 7, 5, 6, 2, 8, 3, 4], [2, 3, 1, 2, 6, 7, 5, 6, 3, 4, 2, 8], [2, 3, 6, 7, 1, 2, 2, 8, 5, 6, 3, 4], [2, 3, 6, 7, 1, 2, 5, 6, 2, 8, 3, 4], [2, 3, 6, 7, 1, 2, 5, 6, 3, 4, 2, 8], [2, 3, 6, 7, 5, 6, 1, 2, 2, 8, 3, 4], [2, 3, 6, 7, 5, 6, 1, 2, 3, 4, 2, 8], [2, 3, 6, 7, 5, 6, 3, 4, 1, 2, 2, 8], [6, 7, 1, 3, 3, 4, 4, 8, 5, 6, 2, 4], [6, 7, 1, 3, 3, 8, 2, 3, 5, 6, 3, 4], [6, 7, 1, 3, 3, 8, 5, 6, 2, 3, 3, 4], [6, 7, 1, 3, 5, 6, 3, 4, 4, 8, 2, 4], [6, 7, 1, 3, 5, 6, 3, 8, 2, 3, 3, 4], [6, 7, 2, 3, 1, 2, 2, 8, 5, 6, 3, 4], [6, 7, 2, 3, 1, 2, 5, 6, 2, 8, 3, 4], [6, 7, 2, 3, 1, 2, 5, 6, 3, 4, 2, 8], [6, 7, 2, 3, 5, 6, 1, 2, 2, 8, 3, 4], [6, 7, 2, 3, 5, 6, 1, 2, 3, 4, 2, 8], [6, 7, 2, 3, 5, 6, 3, 4, 1, 2, 2, 8], [6, 7, 5, 6, 1, 3, 3, 4, 4, 8, 2, 4], [6, 7, 5, 6, 1, 3, 3, 8, 2, 3, 3, 4], [6, 7, 5, 6, 2, 3, 1, 2, 2, 8, 3, 4], [6, 7, 5, 6, 2, 3, 1, 2, 3, 4, 2, 8], [6, 7, 5, 6, 2, 3, 3, 4, 1, 2, 2, 8]], 
     table([(0)=[{34}, {}, {}],(1)=[{35}, {[4, 34, 35]}, {}],(2)=[{30, 33}, {[3, 30, 35], [5, 33, 35]}, {}],(3)=[{19, 28, 32}, {[2, 19, 30], [4, 32, 33], [5, 28, 30]}, {}],(4)=[{17, 22, 25, 26, 31}, {[2, 17, 28], [3, 22, 32], [3, 26, 28], [4, 25, 28], [5, 17, 19], [5, 31, 32]}, {}],(5)=[{4, 14, 21, 23, 27}, {[2, 4, 22], [3, 21, 25], [3, 23, 31], [4, 14, 17], [5, 21, 22], [5, 26, 27]}, {}],(6)=[{3, 8, 10, 11, 20, 24, 29}, {[2, 3, 21], [2, 8, 23], [2, 11, 14], [3, 10, 14], [3, 27, 29], [4, 20, 23], [4, 21, 24], [4, 27, 29], [5, 3, 4], [5, 23, 24]}, {}],(7)=[{2, 5, 9, 12, 18}, {[2, 2, 10], [2, 5, 20], [2, 9, 24], [2, 18, 29], [4, 2, 3], [4, 5, 8], [4, 11, 12], [5, 8, 9]}, {}],(8)=[{1, 6, 7, 13, 15, 16}, {[2, 12, 15], [3, 1, 5], [3, 2, 6], [3, 7, 9], [3, 12, 15], [4, 6, 9], [4, 16, 18], [5, 12, 13]}, {[2, 13, 16], [3, 13, 16], [5, 6, 7], [5, 15, 16]}]]) ], 

  [ [[1, 3, 4, 5], [2, 4, 5], [2, 3, 5], [2, 3, 4], [2, 4, 5], [3, 5], [3, 4, 5], [3, 4], [1, 4, 5], [1, 3, 5], [1, 3, 4], [2, 3, 5], [2, 4, 5], [2, 4], [2, 3, 5], [2, 3], [2, 3, 4], [2, 5], [2, 4], [1, 3, 5], [1, 4, 5], [1, 4], [1, 3, 5], [1, 3, 4], [1, 2, 4, 5], [1, 2, 5], [1, 2, 4], [1, 3, 5], [1, 3], [1, 3, 4], [1, 2, 5], [1, 2, 4], [1, 2, 3, 5], [1, 2, 3], [1, 2, 4]], 
     {[2, 1, 2], [2, 3, 23], [2, 4, 24], [2, 5, 9], [2, 10, 18], [2, 11, 19], [2, 12, 20], [2, 13, 21], [2, 14, 22], [2, 15, 28], [2, 16, 29], [2, 17, 30], [3, 1, 2], [3, 5, 6], [3, 7, 13], [3, 8, 14], [3, 10, 18], [3, 11, 19], [3, 20, 31], [3, 23, 25], [3, 24, 32], [3, 26, 28], [3, 27, 29], [3, 30, 35], [4, 2, 3], [4, 5, 6], [4, 9, 10], [4, 12, 14], [4, 13, 15], [4, 16, 19], [4, 20, 22], [4, 21, 23], [4, 25, 28], [4, 27, 29], [4, 32, 33], [4, 34, 35], [5, 3, 4], [5, 6, 8], [5, 10, 11], [5, 12, 14], [5, 15, 17], [5, 18, 19], [5, 20, 22], [5, 23, 24], [5, 26, 27], [5, 28, 30], [5, 31, 32], [5, 33, 35]}, 
     [[1, 6, 4, 5, 6, 7, 5, 6, 2, 5, 3, 4], [1, 6, 6, 7, 4, 5, 5, 6, 2, 5, 3, 4], [1, 6, 6, 7, 4, 6, 2, 4, 4, 5, 3, 4], [1, 6, 6, 7, 4, 6, 3, 4, 2, 3, 3, 5], [4, 5, 1, 6, 3, 4, 6, 7, 5, 6, 2, 5], [4, 5, 1, 6, 6, 7, 3, 4, 5, 6, 2, 5], [4, 5, 1, 6, 6, 7, 5, 6, 2, 5, 3, 4], [4, 5, 1, 6, 6, 7, 5, 6, 3, 4, 2, 5], [4, 5, 3, 4, 1, 6, 6, 7, 5, 6, 2, 5], [4, 5, 3, 4, 5, 6, 1, 5, 5, 7, 2, 5], [4, 5, 3, 4, 5, 6, 2, 5, 1, 2, 2, 7], [4, 5, 5, 6, 1, 5, 3, 4, 5, 7, 2, 5], [4, 5, 5, 6, 1, 5, 5, 7, 2, 5, 3, 4], [4, 5, 5, 6, 1, 5, 5, 7, 3, 4, 2, 5], [4, 5, 5, 6, 2, 5, 1, 2, 2, 7, 3, 4], [4, 5, 5, 6, 2, 5, 1, 2, 3, 4, 2, 7], [4, 5, 5, 6, 2, 5, 3, 4, 1, 2, 2, 7], [4, 5, 5, 6, 3, 4, 1, 5, 5, 7, 2, 5], [4, 5, 5, 6, 3, 4, 2, 5, 1, 2, 2, 7], [4, 6, 1, 4, 4, 5, 3, 4, 5, 7, 2, 5], [4, 6, 1, 4, 4, 5, 5, 7, 2, 5, 3, 4], [4, 6, 1, 4, 4, 5, 5, 7, 3, 4, 2, 5], [4, 6, 1, 4, 4, 7, 2, 4, 4, 5, 3, 4], [4, 6, 1, 4, 4, 7, 3, 4, 2, 3, 3, 5], [4, 6, 2, 4, 1, 2, 2, 7, 4, 5, 3, 4], [4, 6, 2, 4, 1, 2, 4, 5, 2, 7, 3, 4], [4, 6, 2, 4, 1, 2, 4, 5, 3, 4, 2, 7], [4, 6, 2, 4, 4, 5, 1, 2, 2, 7, 3, 4], [4, 6, 2, 4, 4, 5, 1, 2, 3, 4, 2, 7], [4, 6, 2, 4, 4, 5, 3, 4, 1, 2, 2, 7], [4, 6, 3, 4, 1, 3, 3, 5, 5, 7, 2, 5], [4, 6, 3, 4, 1, 3, 3, 7, 2, 3, 3, 5], [4, 6, 3, 4, 2, 3, 1, 2, 2, 7, 3, 5], [4, 6, 3, 4, 2, 3, 1, 2, 3, 5, 2, 7], [4, 6, 3, 4, 2, 3, 3, 5, 1, 2, 2, 7]], 
     table([(0)=[{34}, {}, {}],(1)=[{35}, {[4, 34, 35]}, {}],(2)=[{30, 33}, {[3, 30, 35], [5, 33, 35]}, {}],(3)=[{17, 28, 32}, {[2, 17, 30], [4, 32, 33], [5, 28, 30]}, {}],(4)=[{15, 24, 25, 26, 31}, {[2, 15, 28], [3, 24, 32], [3, 26, 28], [4, 25, 28], [5, 15, 17], [5, 31, 32]}, {}],(5)=[{4, 13, 20, 23, 27}, {[2, 4, 24], [3, 20, 31], [3, 23, 25], [4, 13, 15], [5, 23, 24], [5, 26, 27]}, {}],(6)=[{3, 7, 12, 21, 22, 29}, {[2, 3, 23], [2, 12, 20], [2, 13, 21], [3, 7, 13], [3, 27, 29], [4, 20, 22], [4, 21, 23], [4, 27, 29], [5, 3, 4], [5, 20, 22]}, {}],(7)=[{2, 14, 16}, {[2, 14, 22], [2, 16, 29], [4, 2, 3], [4, 12, 14], [5, 12, 14]}, {}],(9)=[{6, 11, 18}, {[2, 11, 19], [3, 11, 19], [5, 6, 8], [5, 18, 19]}, {}],(8)=[{1, 8, 19}, {[2, 1, 2], [3, 1, 2], [3, 8, 14], [4, 16, 19]}, {}],(11)=[{9}, {[2, 5, 9], [4, 9, 10]}, {}],(10)=[{5, 10}, {[2, 10, 18], [3, 5, 6], [3, 10, 18], [4, 5, 6], [5, 10, 11]}, {}]]) ], 

  [ [[1, 4, 5], [1, 3, 4], [1, 3, 5], [1, 2, 4], [1, 2, 5], [1, 2, 3], [1, 2, 3, 5], [1, 2, 4], [1, 2, 4], [1, 2, 4, 5], [1, 2, 5], [1, 3], [1, 3, 5], [1, 3, 4], [1, 3, 5], [1, 4], [2, 4, 5], [2, 3, 4], [2, 3, 5], [3, 4, 5], [2, 4], [2, 4, 5], [2, 5], [2, 3], [2, 3, 5], [2, 3, 4], [2, 3, 5], [2, 4], [1, 3, 4], [1, 3, 4, 5], [1, 3, 5], [1, 4, 5], [3, 5], [3, 4], [2, 4, 5]], 
     {[2, 1, 17], [2, 2, 18], [2, 3, 19], [2, 12, 24], [2, 13, 25], [2, 14, 26], [2, 15, 27], [2, 16, 28], [2, 21, 29], [2, 22, 30], [2, 23, 31], [2, 32, 35], [3, 2, 9], [3, 3, 10], [3, 4, 12], [3, 5, 13], [3, 8, 14], [3, 11, 15], [3, 17, 20], [3, 21, 29], [3, 22, 30], [3, 23, 31], [3, 28, 34], [3, 33, 35], [4, 1, 3], [4, 4, 6], [4, 7, 8], [4, 9, 12], [4, 10, 15], [4, 13, 16], [4, 17, 19], [4, 21, 24], [4, 22, 27], [4, 25, 28], [4, 31, 32], [4, 33, 35], [5, 2, 3], [5, 4, 5], [5, 7, 8], [5, 9, 11], [5, 13, 14], [5, 15, 16], [5, 18, 19], [5, 21, 23], [5, 25, 26], [5, 27, 28], [5, 29, 31], [5, 33, 34]}, 
     [[1, 8, 3, 5, 5, 6, 6, 7, 4, 6, 2, 4], [1, 8, 3, 5, 5, 7, 4, 5, 2, 4, 5, 6], [1, 8, 3, 5, 5, 7, 4, 5, 5, 6, 2, 4], [1, 8, 3, 7, 2, 3, 4, 5, 3, 4, 5, 6], [1, 8, 3, 7, 2, 3, 4, 5, 5, 6, 3, 4], [1, 8, 3, 7, 4, 5, 2, 3, 3, 4, 5, 6], [1, 8, 3, 7, 4, 5, 2, 3, 5, 6, 3, 4], [1, 8, 3, 7, 4, 5, 5, 6, 2, 3, 3, 4], [1, 8, 4, 5, 3, 4, 4, 7, 2, 4, 5, 6], [1, 8, 4, 5, 3, 4, 4, 7, 5, 6, 2, 4], [1, 8, 4, 5, 3, 4, 5, 6, 4, 7, 2, 4], [1, 8, 4, 5, 3, 7, 2, 3, 3, 4, 5, 6], [1, 8, 4, 5, 3, 7, 2, 3, 5, 6, 3, 4], [1, 8, 4, 5, 3, 7, 5, 6, 2, 3, 3, 4], [1, 8, 4, 5, 5, 6, 3, 4, 4, 7, 2, 4], [1, 8, 4, 5, 5, 6, 3, 7, 2, 3, 3, 4], [3, 5, 1, 8, 5, 6, 6, 7, 4, 6, 2, 4], [3, 5, 1, 8, 5, 7, 4, 5, 2, 4, 5, 6], [3, 5, 1, 8, 5, 7, 4, 5, 5, 6, 2, 4], [3, 5, 5, 6, 1, 8, 6, 7, 4, 6, 2, 4], [4, 5, 1, 8, 3, 4, 4, 7, 2, 4, 5, 6], [4, 5, 1, 8, 3, 4, 4, 7, 5, 6, 2, 4], [4, 5, 1, 8, 3, 4, 5, 6, 4, 7, 2, 4], [4, 5, 1, 8, 3, 7, 2, 3, 3, 4, 5, 6], [4, 5, 1, 8, 3, 7, 2, 3, 5, 6, 3, 4], [4, 5, 1, 8, 3, 7, 5, 6, 2, 3, 3, 4], [4, 5, 1, 8, 5, 6, 3, 4, 4, 7, 2, 4], [4, 5, 1, 8, 5, 6, 3, 7, 2, 3, 3, 4], [4, 5, 3, 4, 1, 8, 4, 7, 2, 4, 5, 6], [4, 5, 3, 4, 1, 8, 4, 7, 5, 6, 2, 4], [4, 5, 3, 4, 1, 8, 5, 6, 4, 7, 2, 4], [4, 5, 3, 4, 5, 6, 1, 8, 4, 7, 2, 4], [4, 5, 5, 6, 1, 8, 3, 4, 4, 7, 2, 4], [4, 5, 5, 6, 1, 8, 3, 7, 2, 3, 3, 4], [4, 5, 5, 6, 3, 4, 1, 8, 4, 7, 2, 4]], 
     table([(0)=[{6}, {}, {}],(1)=[{4}, {[4, 4, 6]}, {}],(2)=[{5, 12}, {[3, 4, 12], [5, 4, 5]}, {}],(3)=[{9, 13, 24}, {[2, 12, 24], [3, 5, 13], [4, 9, 12]}, {}],(4)=[{2, 11, 14, 16, 21, 25}, {[2, 13, 25], [3, 2, 9], [4, 13, 16], [4, 21, 24], [5, 9, 11], [5, 13, 14]}, {}],(5)=[{3, 8, 15, 18, 23, 26, 28, 29}, {[2, 2, 18], [2, 14, 26], [2, 16, 28], [2, 21, 29], [3, 8, 14], [3, 11, 15], [3, 21, 29], [4, 25, 28], [5, 2, 3], [5, 15, 16], [5, 21, 23], [5, 25, 26]}, {}],(6)=[{1, 7, 10, 19, 27, 31, 34}, {[2, 3, 19], [2, 15, 27], [2, 23, 31], [3, 3, 10], [3, 23, 31], [3, 28, 34], [4, 1, 3], [4, 7, 8], [4, 10, 15], [5, 7, 8], [5, 18, 19], [5, 27, 28], [5, 29, 31]}, {}],(7)=[{17, 22, 32, 33}, {[2, 1, 17], [4, 17, 19], [4, 22, 27], [4, 31, 32], [5, 33, 34]}, {}],(8)=[{20, 30, 35}, {[2, 22, 30], [2, 32, 35], [3, 17, 20], [3, 22, 30], [3, 33, 35], [4, 33, 35]}, {}]]) ], 

  [ [[1, 2, 4, 5], [1, 3, 5], [1, 3, 4], [1, 2, 5], [1, 2, 4], [1, 2, 3, 5], [1, 2, 4], [1, 2, 3], [1, 4, 5], [1, 3, 5], [1, 3, 4], [1, 3, 5], [1, 4], [1, 2, 5], [1, 2, 4], [1, 3], [2, 4, 5], [2, 3, 5], [2, 3, 4], [1, 3, 4, 5], [2, 4, 5], [2, 3, 5], [2, 3, 4], [2, 3, 5], [2, 4], [3, 4, 5], [3, 5], [3, 4], [2, 4, 5], [2, 5], [2, 4], [2, 3], [1, 3, 5], [1, 3, 4], [1, 4, 5]], 
     {[2, 2, 18], [2, 3, 19], [2, 9, 21], [2, 10, 22], [2, 11, 23], [2, 12, 24], [2, 13, 25], [2, 16, 32], [2, 17, 20], [2, 29, 35], [2, 30, 33], [2, 31, 34], [3, 1, 2], [3, 3, 15], [3, 4, 10], [3, 5, 16], [3, 7, 11], [3, 12, 14], [3, 17, 20], [3, 21, 26], [3, 25, 28], [3, 27, 29], [3, 30, 33], [3, 31, 34], [4, 1, 2], [4, 5, 8], [4, 6, 7], [4, 9, 12], [4, 10, 13], [4, 15, 16], [4, 17, 18], [4, 21, 24], [4, 22, 25], [4, 27, 29], [4, 31, 32], [4, 33, 35], [5, 2, 3], [5, 4, 5], [5, 6, 7], [5, 10, 11], [5, 12, 13], [5, 14, 15], [5, 18, 19], [5, 22, 23], [5, 24, 25], [5, 27, 28], [5, 30, 31], [5, 33, 34]}, 
     [[1, 8, 3, 6, 4, 5, 6, 7, 5, 6, 2, 5], [1, 8, 3, 6, 6, 7, 4, 5, 5, 6, 2, 5], [1, 8, 3, 6, 6, 7, 4, 6, 2, 4, 4, 5], [1, 8, 3, 7, 2, 3, 4, 5, 5, 6, 3, 5], [1, 8, 3, 7, 2, 3, 4, 6, 3, 4, 4, 5], [1, 8, 3, 7, 4, 5, 2, 3, 5, 6, 3, 5], [1, 8, 3, 7, 4, 5, 5, 6, 2, 3, 3, 5], [1, 8, 3, 7, 4, 6, 2, 3, 3, 4, 4, 5], [1, 8, 4, 5, 3, 6, 6, 7, 5, 6, 2, 5], [1, 8, 4, 5, 3, 7, 2, 3, 5, 6, 3, 5], [1, 8, 4, 5, 3, 7, 5, 6, 2, 3, 3, 5], [1, 8, 4, 5, 5, 6, 3, 5, 5, 7, 2, 5], [1, 8, 4, 5, 5, 6, 3, 7, 2, 3, 3, 5], [1, 8, 4, 6, 3, 4, 4, 5, 5, 7, 2, 5], [1, 8, 4, 6, 3, 4, 4, 7, 2, 4, 4, 5], [1, 8, 4, 6, 3, 7, 2, 3, 3, 4, 4, 5], [3, 6, 1, 8, 4, 5, 6, 7, 5, 6, 2, 5], [3, 6, 1, 8, 6, 7, 4, 5, 5, 6, 2, 5], [3, 6, 1, 8, 6, 7, 4, 6, 2, 4, 4, 5], [3, 6, 4, 5, 1, 8, 6, 7, 5, 6, 2, 5], [4, 5, 1, 8, 3, 6, 6, 7, 5, 6, 2, 5], [4, 5, 1, 8, 3, 7, 2, 3, 5, 6, 3, 5], [4, 5, 1, 8, 3, 7, 5, 6, 2, 3, 3, 5], [4, 5, 1, 8, 5, 6, 3, 5, 5, 7, 2, 5], [4, 5, 1, 8, 5, 6, 3, 7, 2, 3, 3, 5], [4, 5, 3, 6, 1, 8, 6, 7, 5, 6, 2, 5], [4, 5, 5, 6, 1, 8, 3, 5, 5, 7, 2, 5], [4, 5, 5, 6, 1, 8, 3, 7, 2, 3, 3, 5], [4, 5, 5, 6, 3, 5, 1, 8, 5, 7, 2, 5], [4, 6, 1, 8, 3, 4, 4, 5, 5, 7, 2, 5], [4, 6, 1, 8, 3, 4, 4, 7, 2, 4, 4, 5], [4, 6, 1, 8, 3, 7, 2, 3, 3, 4, 4, 5], [4, 6, 3, 4, 1, 8, 4, 5, 5, 7, 2, 5], [4, 6, 3, 4, 1, 8, 4, 7, 2, 4, 4, 5], [4, 6, 3, 4, 4, 5, 1, 8, 5, 7, 2, 5]], 
     table([(0)=[{8}, {}, {}],(1)=[{5}, {[4, 5, 8]}, {}],(2)=[{4, 16}, {[3, 5, 16], [5, 4, 5]}, {}],(3)=[{10, 15, 32}, {[2, 16, 32], [3, 4, 10], [4, 15, 16]}, {}],(4)=[{3, 11, 13, 14, 22, 31}, {[2, 10, 22], [3, 3, 15], [4, 10, 13], [4, 31, 32], [5, 10, 11], [5, 14, 15]}, {}],(5)=[{2, 7, 12, 19, 23, 25, 30, 34}, {[2, 3, 19], [2, 11, 23], [2, 13, 25], [2, 31, 34], [3, 7, 11], [3, 12, 14], [3, 31, 34], [4, 22, 25], [5, 2, 3], [5, 12, 13], [5, 22, 23], [5, 30, 31]}, {}],(6)=[{1, 6, 9, 18, 24, 28, 33}, {[2, 2, 18], [2, 12, 24], [2, 30, 33], [3, 1, 2], [3, 25, 28], [3, 30, 33], [4, 1, 2], [4, 6, 7], [4, 9, 12], [5, 6, 7], [5, 18, 19], [5, 24, 25], [5, 33, 34]}, {}],(7)=[{17, 21, 27, 35}, {[2, 9, 21], [4, 17, 18], [4, 21, 24], [4, 33, 35], [5, 27, 28]}, {}],(8)=[{20, 26, 29}, {[2, 17, 20], [2, 29, 35], [3, 17, 20], [3, 21, 26], [3, 27, 29], [4, 27, 29]}, {}]]) ], 

  [ [[2, 3, 4], [2, 3, 5], [2, 4, 5], [3, 4, 5], [1, 3, 4], [1, 3, 5], [1, 4, 5], [1, 2, 4], [1, 2, 5], [1, 3], [1, 3, 5], [1, 4], [1, 2, 4], [1, 2, 5], [1, 2, 4, 5], [1, 2, 3], [1, 2, 3, 5], [1, 2, 4], [1, 3, 5], [1, 3, 4], [1, 3, 4], [1, 3, 5], [1, 3, 4, 5], [1, 4, 5], [2, 4], [2, 5], [2, 4, 5], [2, 3], [2, 3, 5], [2, 4], [2, 3, 5], [2, 3, 4], [2, 4, 5], [3, 5], [3, 4]], 
     {[2, 1, 21], [2, 2, 22], [2, 3, 23], [2, 5, 25], [2, 6, 26], [2, 7, 27], [2, 10, 28], [2, 11, 29], [2, 12, 30], [2, 19, 31], [2, 20, 32], [2, 24, 33], [3, 3, 4], [3, 5, 13], [3, 6, 14], [3, 8, 10], [3, 9, 11], [3, 15, 19], [3, 18, 20], [3, 21, 25], [3, 22, 26], [3, 23, 33], [3, 27, 34], [3, 30, 35], [4, 2, 3], [4, 6, 7], [4, 8, 10], [4, 11, 12], [4, 13, 16], [4, 15, 19], [4, 17, 18], [4, 22, 24], [4, 25, 28], [4, 27, 31], [4, 29, 30], [4, 33, 34], [5, 1, 2], [5, 5, 6], [5, 8, 9], [5, 11, 12], [5, 13, 14], [5, 17, 18], [5, 19, 20], [5, 21, 22], [5, 25, 26], [5, 29, 30], [5, 31, 32], [5, 34, 35]}, 
     [[3, 4, 4, 8, 5, 6, 1, 4, 2, 3, 6, 7], [3, 4, 4, 8, 5, 6, 1, 4, 6, 7, 2, 3], [3, 4, 4, 8, 5, 6, 6, 7, 1, 4, 2, 3], [3, 4, 5, 6, 4, 8, 6, 7, 1, 4, 2, 3], [3, 8, 1, 3, 5, 6, 3, 4, 2, 3, 6, 7], [3, 8, 1, 3, 5, 6, 3, 4, 6, 7, 2, 3], [3, 8, 1, 3, 5, 6, 6, 7, 3, 4, 2, 3], [3, 8, 2, 3, 1, 2, 5, 6, 2, 4, 6, 7], [3, 8, 2, 3, 1, 2, 5, 6, 6, 7, 2, 4], [3, 8, 2, 3, 5, 6, 1, 2, 2, 4, 6, 7], [3, 8, 2, 3, 5, 6, 1, 2, 6, 7, 2, 4], [3, 8, 2, 3, 5, 6, 6, 7, 1, 2, 2, 4], [3, 8, 5, 6, 1, 3, 3, 4, 2, 3, 6, 7], [3, 8, 5, 6, 1, 3, 3, 4, 6, 7, 2, 3], [3, 8, 5, 6, 1, 3, 6, 7, 3, 4, 2, 3], [3, 8, 5, 6, 2, 3, 1, 2, 2, 4, 6, 7], [3, 8, 5, 6, 2, 3, 1, 2, 6, 7, 2, 4], [3, 8, 5, 6, 2, 3, 6, 7, 1, 2, 2, 4], [3, 8, 5, 6, 6, 7, 1, 3, 3, 4, 2, 3], [3, 8, 5, 6, 6, 7, 2, 3, 1, 2, 2, 4], [5, 6, 3, 4, 4, 8, 1, 4, 2, 3, 6, 7], [5, 6, 3, 4, 4, 8, 1, 4, 6, 7, 2, 3], [5, 6, 3, 4, 4, 8, 6, 7, 1, 4, 2, 3], [5, 6, 3, 4, 6, 7, 4, 8, 1, 4, 2, 3], [5, 6, 3, 8, 1, 3, 3, 4, 2, 3, 6, 7], [5, 6, 3, 8, 1, 3, 3, 4, 6, 7, 2, 3], [5, 6, 3, 8, 1, 3, 6, 7, 3, 4, 2, 3], [5, 6, 3, 8, 2, 3, 1, 2, 2, 4, 6, 7], [5, 6, 3, 8, 2, 3, 1, 2, 6, 7, 2, 4], [5, 6, 3, 8, 2, 3, 6, 7, 1, 2, 2, 4], [5, 6, 3, 8, 6, 7, 1, 3, 3, 4, 2, 3], [5, 6, 3, 8, 6, 7, 2, 3, 1, 2, 2, 4], [5, 6, 6, 7, 3, 4, 4, 8, 1, 4, 2, 3], [5, 6, 6, 7, 3, 8, 1, 3, 3, 4, 2, 3], [5, 6, 6, 7, 3, 8, 2, 3, 1, 2, 2, 4]], 
     table([(0)=[{16}, {}, {}],(1)=[{13}, {[4, 13, 16]}, {}],(2)=[{5, 14}, {[3, 5, 13], [5, 13, 14]}, {}],(3)=[{6, 25}, {[2, 5, 25], [3, 6, 14], [5, 5, 6]}, {}],(4)=[{7, 21, 26, 28}, {[2, 6, 26], [3, 21, 25], [4, 6, 7], [4, 25, 28], [5, 25, 26]}, {}],(5)=[{1, 10, 22, 27}, {[2, 1, 21], [2, 7, 27], [2, 10, 28], [3, 22, 26], [5, 21, 22]}, {}],(6)=[{2, 8, 24, 31, 34}, {[2, 2, 22], [3, 8, 10], [3, 27, 34], [4, 8, 10], [4, 22, 24], [4, 27, 31], [5, 1, 2]}, {}],(7)=[{3, 9, 19, 32, 33, 35}, {[2, 19, 31], [2, 24, 33], [4, 2, 3], [4, 33, 34], [5, 8, 9], [5, 31, 32], [5, 34, 35]}, {}],(9)=[{12, 18, 29}, {[2, 11, 29], [2, 12, 30], [3, 18, 20], [4, 11, 12], [4, 29, 30], [5, 11, 12], [5, 29, 30]}, {}],(8)=[{4, 11, 15, 20, 23, 30}, {[2, 3, 23], [2, 20, 32], [3, 3, 4], [3, 9, 11], [3, 15, 19], [3, 23, 33], [3, 30, 35], [4, 15, 19], [5, 19, 20]}, {}],(10)=[{17}, {[4, 17, 18], [5, 17, 18]}, {}]]) ], 

  [ [[1, 3, 4, 5], [2, 4, 5], [2, 3, 4], [2, 3, 5], [1, 4, 5], [1, 3, 4], [1, 3, 5], [1, 2, 5], [1, 2, 4], [1, 3, 5], [1, 4], [1, 3], [1, 2, 4, 5], [1, 2, 3, 5], [1, 2, 4], [1, 3, 5], [1, 3, 4], [1, 2, 4], [1, 2, 5], [1, 2, 3], [3, 4, 5], [2, 4, 5], [2, 3, 5], [2, 4], [2, 3, 5], [2, 3, 4], [2, 4, 5], [3, 5], [3, 4], [1, 4, 5], [1, 3, 4], [1, 3, 5], [2, 4], [2, 5], [2, 3]], 
     {[2, 1, 2], [2, 3, 31], [2, 4, 32], [2, 5, 22], [2, 6, 33], [2, 7, 34], [2, 10, 23], [2, 11, 24], [2, 12, 35], [2, 16, 25], [2, 17, 26], [2, 27, 30], [3, 1, 2], [3, 6, 18], [3, 7, 19], [3, 8, 10], [3, 9, 12], [3, 13, 16], [3, 15, 17], [3, 21, 27], [3, 22, 28], [3, 24, 29], [3, 31, 33], [3, 32, 34], [4, 2, 4], [4, 5, 7], [4, 9, 12], [4, 10, 11], [4, 13, 16], [4, 14, 15], [4, 18, 20], [4, 22, 25], [4, 23, 24], [4, 27, 28], [4, 30, 32], [4, 33, 35], [5, 3, 4], [5, 6, 7], [5, 8, 9], [5, 10, 11], [5, 14, 15], [5, 16, 17], [5, 18, 19], [5, 23, 24], [5, 25, 26], [5, 28, 29], [5, 31, 32], [5, 33, 34]}, 
     [[3, 6, 4, 5, 6, 7, 5, 6, 1, 5, 2, 3], [3, 6, 6, 7, 4, 5, 5, 6, 1, 5, 2, 3], [3, 6, 6, 7, 4, 6, 1, 4, 2, 3, 4, 5], [3, 6, 6, 7, 4, 6, 1, 4, 4, 5, 2, 3], [3, 7, 1, 3, 4, 5, 5, 6, 3, 5, 2, 3], [3, 7, 1, 3, 4, 6, 3, 4, 2, 3, 4, 5], [3, 7, 1, 3, 4, 6, 3, 4, 4, 5, 2, 3], [3, 7, 2, 3, 1, 2, 4, 5, 5, 6, 2, 5], [3, 7, 2, 3, 1, 2, 4, 6, 2, 4, 4, 5], [3, 7, 2, 3, 4, 5, 1, 2, 5, 6, 2, 5], [3, 7, 2, 3, 4, 5, 5, 6, 1, 2, 2, 5], [3, 7, 2, 3, 4, 6, 1, 2, 2, 4, 4, 5], [3, 7, 4, 5, 1, 3, 5, 6, 3, 5, 2, 3], [3, 7, 4, 5, 2, 3, 1, 2, 5, 6, 2, 5], [3, 7, 4, 5, 2, 3, 5, 6, 1, 2, 2, 5], [3, 7, 4, 5, 5, 6, 1, 3, 3, 5, 2, 3], [3, 7, 4, 5, 5, 6, 2, 3, 1, 2, 2, 5], [3, 7, 4, 6, 1, 3, 3, 4, 2, 3, 4, 5], [3, 7, 4, 6, 1, 3, 3, 4, 4, 5, 2, 3], [3, 7, 4, 6, 2, 3, 1, 2, 2, 4, 4, 5], [4, 5, 3, 6, 6, 7, 5, 6, 1, 5, 2, 3], [4, 5, 3, 7, 1, 3, 5, 6, 3, 5, 2, 3], [4, 5, 3, 7, 2, 3, 1, 2, 5, 6, 2, 5], [4, 5, 3, 7, 2, 3, 5, 6, 1, 2, 2, 5], [4, 5, 3, 7, 5, 6, 1, 3, 3, 5, 2, 3], [4, 5, 3, 7, 5, 6, 2, 3, 1, 2, 2, 5], [4, 5, 5, 6, 3, 5, 5, 7, 1, 5, 2, 3], [4, 5, 5, 6, 3, 7, 1, 3, 3, 5, 2, 3], [4, 5, 5, 6, 3, 7, 2, 3, 1, 2, 2, 5], [4, 6, 3, 4, 4, 5, 5, 7, 1, 5, 2, 3], [4, 6, 3, 4, 4, 7, 1, 4, 2, 3, 4, 5], [4, 6, 3, 4, 4, 7, 1, 4, 4, 5, 2, 3], [4, 6, 3, 7, 1, 3, 3, 4, 2, 3, 4, 5], [4, 6, 3, 7, 1, 3, 3, 4, 4, 5, 2, 3], [4, 6, 3, 7, 2, 3, 1, 2, 2, 4, 4, 5]], 
     table([(0)=[{20}, {}, {}],(1)=[{18}, {[4, 18, 20]}, {}],(2)=[{6, 19}, {[3, 6, 18], [5, 18, 19]}, {}],(3)=[{7, 33}, {[2, 6, 33], [3, 7, 19], [5, 6, 7]}, {}],(4)=[{5, 31, 34, 35}, {[2, 7, 34], [3, 31, 33], [4, 5, 7], [4, 33, 35], [5, 33, 34]}, {}],(5)=[{3, 12, 22, 32}, {[2, 3, 31], [2, 5, 22], [2, 12, 35], [3, 32, 34], [5, 31, 32]}, {}],(6)=[{4, 9, 25, 28, 30}, {[2, 4, 32], [3, 9, 12], [3, 22, 28], [4, 9, 12], [4, 22, 25], [4, 30, 32], [5, 3, 4]}, {}],(7)=[{2, 8, 16, 26, 27, 29}, {[2, 16, 25], [2, 27, 30], [4, 2, 4], [4, 27, 28], [5, 8, 9], [5, 25, 26], [5, 28, 29]}, {}],(9)=[{11, 15, 23}, {[2, 10, 23], [2, 11, 24], [3, 15, 17], [4, 10, 11], [4, 23, 24], [5, 10, 11], [5, 23, 24]}, {}],(8)=[{1, 10, 13, 17, 21, 24}, {[2, 1, 2], [2, 17, 26], [3, 1, 2], [3, 8, 10], [3, 13, 16], [3, 21, 27], [3, 24, 29], [4, 13, 16], [5, 16, 17]}, {}],(10)=[{14}, {[4, 14, 15], [5, 14, 15]}, {}]]) ], 

 NULL]:
