Isomorphism_Classes[6,37]:=[

#################################################################
### The symmetric function = s[3, 3] + 2 s[3, 2, 1]   has 1 graph isomorphism type.

  [ [[2, 3, 5], [2, 4], [2, 4, 5], [3, 4], [3, 5], [1, 3, 5], [1, 4], [1, 4, 5], [1, 3, 4], [1, 3, 5], [1, 2, 5], [1, 2, 4], [1, 3], [2, 4], [2, 5], [2, 3], [1, 3, 5], [1, 4], [1, 4, 5], [1, 3, 4], [1, 3, 5], [2, 5], [2, 4], [2, 4, 5], [3], [3, 5], [3, 4], [2, 4], [2, 5], [2, 3], [2, 3, 5], [2, 4], [1, 2, 4], [1, 2, 5], [1, 3], [1, 3, 5], [1, 4]], 
     {[2, 1, 17], [2, 2, 18], [2, 3, 19], [2, 6, 22], [2, 7, 23], [2, 8, 24], [2, 9, 14], [2, 10, 15], [2, 13, 16], [2, 20, 28], [2, 21, 29], [2, 30, 35], [2, 31, 36], [2, 32, 37], [3, 2, 4], [3, 3, 5], [3, 6, 11], [3, 9, 14], [3, 10, 15], [3, 12, 13], [3, 17, 22], [3, 20, 28], [3, 21, 29], [3, 23, 25], [3, 24, 26], [3, 27, 32], [3, 33, 35], [3, 34, 36], [4, 1, 2], [4, 3, 5], [4, 6, 7], [4, 8, 10], [4, 12, 13], [4, 14, 16], [4, 17, 18], [4, 19, 21], [4, 23, 25], [4, 24, 26], [4, 28, 30], [4, 31, 32], [4, 33, 35], [4, 36, 37], [5, 1, 2], [5, 4, 5], [5, 6, 7], [5, 9, 10], [5, 11, 12], [5, 14, 15], [5, 17, 18], [5, 20, 21], [5, 22, 23], [5, 26, 27], [5, 28, 29], [5, 31, 32], [5, 33, 34], [5, 36, 37]}, 
     [[2, 3, 3, 6, 4, 5, 1, 3, 6, 7, 5, 6], [2, 3, 3, 6, 4, 5, 6, 7, 1, 3, 5, 6], [2, 3, 3, 6, 4, 5, 6, 7, 5, 6, 1, 3], [2, 3, 3, 6, 6, 7, 4, 5, 1, 3, 5, 6], [2, 3, 3, 6, 6, 7, 4, 5, 5, 6, 1, 3], [2, 6, 1, 2, 4, 5, 2, 3, 6, 7, 5, 6], [2, 6, 1, 2, 4, 5, 6, 7, 2, 3, 5, 6], [2, 6, 1, 2, 4, 5, 6, 7, 5, 6, 2, 3], [2, 6, 1, 2, 6, 7, 4, 5, 2, 3, 5, 6], [2, 6, 1, 2, 6, 7, 4, 5, 5, 6, 2, 3], [2, 6, 4, 5, 1, 2, 2, 3, 6, 7, 5, 6], [2, 6, 4, 5, 1, 2, 6, 7, 2, 3, 5, 6], [2, 6, 4, 5, 6, 7, 1, 2, 2, 3, 5, 6], [2, 6, 6, 7, 1, 2, 4, 5, 2, 3, 5, 6], [2, 6, 6, 7, 1, 2, 4, 5, 5, 6, 2, 3], [2, 6, 6, 7, 4, 5, 1, 2, 2, 3, 5, 6], [4, 5, 2, 3, 3, 6, 1, 3, 6, 7, 5, 6], [4, 5, 2, 3, 3, 6, 6, 7, 1, 3, 5, 6], [4, 5, 2, 3, 3, 6, 6, 7, 5, 6, 1, 3], [4, 5, 2, 3, 5, 6, 3, 5, 1, 3, 5, 7], [4, 5, 2, 3, 5, 6, 3, 5, 5, 7, 1, 3], [4, 5, 2, 6, 1, 2, 2, 3, 6, 7, 5, 6], [4, 5, 2, 6, 1, 2, 6, 7, 2, 3, 5, 6], [4, 5, 2, 6, 1, 2, 6, 7, 5, 6, 2, 3], [4, 5, 2, 6, 6, 7, 1, 2, 2, 3, 5, 6], [4, 5, 2, 6, 6, 7, 1, 2, 5, 6, 2, 3], [4, 5, 2, 6, 6, 7, 5, 6, 1, 2, 2, 3], [4, 5, 5, 6, 2, 3, 3, 5, 1, 3, 5, 7], [4, 5, 5, 6, 2, 3, 3, 5, 5, 7, 1, 3], [4, 5, 5, 6, 2, 5, 1, 2, 2, 3, 5, 7], [4, 5, 5, 6, 2, 5, 1, 2, 5, 7, 2, 3], [4, 5, 5, 6, 2, 5, 5, 7, 1, 2, 2, 3], [4, 6, 2, 4, 1, 2, 4, 5, 2, 3, 5, 7], [4, 6, 2, 4, 1, 2, 4, 5, 5, 7, 2, 3], [4, 6, 2, 4, 4, 5, 1, 2, 2, 3, 5, 7], [4, 6, 2, 4, 4, 5, 1, 2, 5, 7, 2, 3], [4, 6, 2, 4, 4, 5, 5, 7, 1, 2, 2, 3]], 
     table([(0)=[{25}, {}, {}],(1)=[{23}, {[3, 23, 25], [4, 23, 25]}, {}],(2)=[{7, 22}, {[2, 7, 23], [5, 22, 23]}, {}],(3)=[{6, 17}, {[2, 6, 22], [3, 17, 22], [4, 6, 7], [5, 6, 7]}, {}],(4)=[{1, 11, 18}, {[2, 1, 17], [3, 6, 11], [4, 17, 18], [5, 17, 18]}, {}],(5)=[{2, 12}, {[2, 2, 18], [4, 1, 2], [5, 1, 2], [5, 11, 12]}, {}],(6)=[{4, 13}, {[3, 2, 4], [3, 12, 13], [4, 12, 13]}, {}],(7)=[{5, 16}, {[2, 13, 16], [5, 4, 5]}, {}],(9)=[{9, 15, 19}, {[2, 3, 19], [2, 9, 14], [3, 9, 14], [5, 14, 15]}, {}],(8)=[{3, 14}, {[3, 3, 5], [4, 3, 5], [4, 14, 16]}, {}],(11)=[{8, 20, 29}, {[2, 21, 29], [3, 21, 29], [4, 8, 10], [5, 20, 21]}, {}],(10)=[{10, 21}, {[2, 10, 15], [3, 10, 15], [4, 19, 21], [5, 9, 10]}, {}],(13)=[{26, 30}, {[3, 24, 26], [4, 24, 26], [4, 28, 30]}, {}],(12)=[{24, 28}, {[2, 8, 24], [2, 20, 28], [3, 20, 28], [5, 28, 29]}, {}],(15)=[{32, 33}, {[3, 27, 32], [3, 33, 35], [4, 33, 35]}, {}],(14)=[{27, 35}, {[2, 30, 35], [5, 26, 27]}, {}],(16)=[{31, 34, 37}, {[2, 32, 37], [4, 31, 32], [5, 31, 32], [5, 33, 34]}, {}],(17)=[{36}, {[2, 31, 36], [3, 34, 36], [4, 36, 37], [5, 36, 37]}, {}]]) ], 

#################################################################
### The symmetric function = 2 s[3, 2, 1] + s[2, 2, 2]   has 1 graph isomorphism type.

  [ [[2, 4, 5], [3, 4], [3, 5], [2, 3, 5], [2, 4], [1, 4, 5], [1, 3, 5], [1, 3, 4], [2, 4, 5], [2, 3, 5], [2, 4], [3, 5], [3, 4], [2, 5], [2, 4], [2, 3], [1, 4, 5], [1, 3, 4], [1, 3, 5], [1, 2, 5], [1, 2, 4, 5], [1, 2, 4], [1, 3, 5], [1, 4], [1, 3, 5], [1, 3], [1, 3, 4], [2, 4], [2, 5], [2, 3, 5], [2, 3], [2, 4], [1, 3, 5], [1, 4], [1, 2, 5], [1, 2, 4], [1, 3]], 
     {[2, 1, 17], [2, 4, 33], [2, 5, 34], [2, 6, 9], [2, 7, 14], [2, 8, 15], [2, 10, 23], [2, 11, 24], [2, 16, 37], [2, 18, 28], [2, 19, 29], [2, 25, 30], [2, 26, 31], [2, 27, 32], [3, 1, 3], [3, 2, 5], [3, 7, 14], [3, 8, 15], [3, 9, 12], [3, 11, 13], [3, 18, 28], [3, 19, 29], [3, 20, 23], [3, 21, 25], [3, 22, 26], [3, 27, 32], [3, 33, 35], [3, 36, 37], [4, 1, 3], [4, 4, 5], [4, 6, 7], [4, 9, 12], [4, 10, 11], [4, 15, 16], [4, 17, 19], [4, 21, 25], [4, 22, 26], [4, 23, 24], [4, 28, 30], [4, 31, 32], [4, 33, 34], [4, 36, 37], [5, 2, 3], [5, 4, 5], [5, 7, 8], [5, 10, 11], [5, 12, 13], [5, 14, 15], [5, 18, 19], [5, 20, 22], [5, 23, 24], [5, 25, 27], [5, 28, 29], [5, 30, 32], [5, 33, 34], [5, 35, 36]}, 
     [[1, 2, 5, 6, 3, 4, 6, 7, 2, 6, 4, 5], [1, 2, 5, 6, 6, 7, 2, 6, 3, 4, 4, 5], [1, 2, 5, 6, 6, 7, 3, 4, 2, 6, 4, 5], [1, 2, 5, 7, 2, 5, 3, 4, 5, 6, 4, 5], [1, 2, 5, 7, 2, 5, 5, 6, 3, 4, 4, 5], [3, 4, 1, 2, 5, 6, 6, 7, 2, 6, 4, 5], [3, 4, 1, 2, 5, 7, 2, 5, 5, 6, 4, 5], [3, 4, 1, 2, 5, 7, 4, 5, 2, 4, 4, 6], [3, 4, 5, 6, 1, 2, 6, 7, 2, 6, 4, 5], [3, 4, 5, 6, 4, 5, 1, 2, 6, 7, 2, 6], [3, 4, 5, 6, 4, 5, 6, 7, 1, 2, 2, 6], [3, 4, 5, 6, 6, 7, 1, 2, 2, 6, 4, 5], [3, 4, 5, 6, 6, 7, 4, 5, 1, 2, 2, 6], [3, 4, 5, 7, 1, 2, 2, 5, 5, 6, 4, 5], [3, 4, 5, 7, 1, 2, 4, 5, 2, 4, 4, 6], [3, 4, 5, 7, 4, 5, 1, 2, 2, 4, 4, 6], [5, 6, 1, 2, 3, 4, 6, 7, 2, 6, 4, 5], [5, 6, 1, 2, 6, 7, 2, 6, 3, 4, 4, 5], [5, 6, 1, 2, 6, 7, 3, 4, 2, 6, 4, 5], [5, 6, 3, 4, 1, 2, 4, 5, 6, 7, 2, 6], [5, 6, 3, 4, 1, 2, 6, 7, 2, 6, 4, 5], [5, 6, 3, 4, 1, 2, 6, 7, 4, 5, 2, 6], [5, 6, 3, 4, 4, 5, 1, 2, 6, 7, 2, 6], [5, 6, 3, 4, 4, 5, 6, 7, 1, 2, 2, 6], [5, 6, 3, 4, 6, 7, 1, 2, 2, 6, 4, 5], [5, 6, 3, 4, 6, 7, 1, 2, 4, 5, 2, 6], [5, 6, 3, 4, 6, 7, 4, 5, 1, 2, 2, 6], [5, 6, 6, 7, 1, 2, 2, 6, 3, 4, 4, 5], [5, 6, 6, 7, 1, 2, 3, 4, 2, 6, 4, 5], [5, 6, 6, 7, 3, 4, 1, 2, 2, 6, 4, 5], [5, 6, 6, 7, 3, 4, 1, 2, 4, 5, 2, 6], [5, 6, 6, 7, 3, 4, 4, 5, 1, 2, 2, 6], [5, 7, 1, 2, 2, 5, 3, 4, 5, 6, 4, 5], [5, 7, 1, 2, 2, 5, 5, 6, 3, 4, 4, 5], [5, 7, 3, 4, 1, 2, 2, 5, 5, 6, 4, 5], [5, 7, 3, 4, 1, 2, 4, 5, 2, 4, 4, 6], [5, 7, 3, 4, 4, 5, 1, 2, 2, 4, 4, 6]], 
     table([(0)=[{21}, {}, {}],(1)=[{25}, {[3, 21, 25], [4, 21, 25]}, {}],(2)=[{27, 30}, {[2, 25, 30], [5, 25, 27]}, {}],(3)=[{28, 32}, {[2, 27, 32], [3, 27, 32], [4, 28, 30], [5, 30, 32]}, {}],(4)=[{18, 29, 31}, {[2, 18, 28], [3, 18, 28], [4, 31, 32], [5, 28, 29]}, {}],(5)=[{19, 26}, {[2, 19, 29], [2, 26, 31], [3, 19, 29], [5, 18, 19]}, {}],(6)=[{17, 22}, {[3, 22, 26], [4, 17, 19], [4, 22, 26]}, {}],(7)=[{1, 20}, {[2, 1, 17], [5, 20, 22]}, {}],(9)=[{2, 10, 24}, {[2, 10, 23], [4, 23, 24], [5, 2, 3], [5, 23, 24]}, {}],(8)=[{3, 23}, {[3, 1, 3], [3, 20, 23], [4, 1, 3]}, {}],(11)=[{4, 13, 34}, {[2, 5, 34], [3, 11, 13], [4, 4, 5], [5, 4, 5]}, {}],(10)=[{5, 11}, {[2, 11, 24], [3, 2, 5], [4, 10, 11], [5, 10, 11]}, {}],(13)=[{9, 35}, {[3, 9, 12], [3, 33, 35], [4, 9, 12]}, {}],(12)=[{12, 33}, {[2, 4, 33], [4, 33, 34], [5, 12, 13], [5, 33, 34]}, {}],(15)=[{7, 37}, {[3, 36, 37], [4, 6, 7], [4, 36, 37]}, {}],(14)=[{6, 36}, {[2, 6, 9], [5, 35, 36]}, {}],(16)=[{8, 14, 16}, {[2, 7, 14], [2, 16, 37], [3, 7, 14], [5, 7, 8]}, {}],(17)=[{15}, {[2, 8, 15], [3, 8, 15], [4, 15, 16], [5, 14, 15]}, {}]]) ], 

 NULL]:
