Isomorphism_Classes[6,47]:=[

#################################################################
### The symmetric function = s[3, 3] + 2 s[3, 2, 1] + s[3, 1, 1, 1]   has 4 graph isomorphism types.

  [ [[3, 4, 5], [2, 3, 5], [2, 4], [2, 4, 5], [2, 3, 4], [2, 3, 5], [2, 4, 5], [3, 4], [3, 5], [1, 4, 5], [1, 3, 5], [1, 3, 4], [1, 3, 5], [1, 4], [2, 4, 5], [3, 5], [3, 4], [2, 5], [2, 4], [2, 3], [2, 5], [2, 4], [2, 3, 5], [2, 4], [3], [1, 3, 5], [1, 4], [1, 4, 5], [1, 3, 4], [1, 3, 5], [1, 2, 5], [1, 2, 4], [1, 3], [1, 2, 4], [1, 2, 5], [1, 2, 3], [1, 4, 5], [1, 3, 4], [1, 3, 5], [1, 2, 5], [1, 2, 4], [1, 3, 5], [1, 4], [1, 3], [2, 4], [2, 5], [2, 3]], 
     {[2, 2, 26], [2, 3, 27], [2, 4, 28], [2, 5, 29], [2, 6, 30], [2, 7, 37], [2, 10, 15], [2, 11, 18], [2, 12, 19], [2, 13, 21], [2, 14, 22], [2, 20, 33], [2, 23, 42], [2, 24, 43], [2, 38, 45], [2, 39, 46], [2, 44, 47], [3, 1, 7], [3, 3, 8], [3, 4, 9], [3, 11, 18], [3, 12, 19], [3, 13, 21], [3, 15, 16], [3, 17, 24], [3, 22, 25], [3, 26, 31], [3, 29, 34], [3, 30, 35], [3, 32, 33], [3, 38, 45], [3, 39, 46], [3, 40, 42], [3, 41, 44], [4, 2, 3], [4, 4, 6], [4, 7, 9], [4, 10, 13], [4, 11, 14], [4, 15, 16], [4, 19, 20], [4, 22, 25], [4, 23, 24], [4, 26, 27], [4, 28, 30], [4, 32, 33], [4, 34, 36], [4, 37, 39], [4, 41, 44], [4, 42, 43], [4, 45, 47], [5, 2, 3], [5, 5, 6], [5, 8, 9], [5, 11, 12], [5, 13, 14], [5, 16, 17], [5, 18, 19], [5, 21, 22], [5, 23, 24], [5, 26, 27], [5, 29, 30], [5, 31, 32], [5, 34, 35], [5, 38, 39], [5, 40, 41], [5, 42, 43], [5, 45, 46]}, 
     [[1, 2, 5, 6, 6, 9, 7, 8, 2, 6, 3, 4], [1, 2, 5, 9, 2, 5, 3, 4, 7, 8, 5, 6], [1, 2, 5, 9, 2, 5, 7, 8, 3, 4, 5, 6], [1, 2, 5, 9, 2, 5, 7, 8, 5, 6, 3, 4], [1, 2, 5, 9, 7, 8, 2, 5, 3, 4, 5, 6], [1, 2, 5, 9, 7, 8, 2, 5, 5, 6, 3, 4], [1, 2, 7, 8, 5, 6, 6, 9, 2, 6, 3, 4], [1, 2, 7, 8, 5, 9, 2, 5, 3, 4, 5, 6], [1, 2, 7, 8, 5, 9, 2, 5, 5, 6, 3, 4], [3, 4, 1, 2, 5, 6, 6, 9, 7, 8, 2, 6], [3, 4, 1, 2, 5, 9, 2, 5, 7, 8, 5, 6], [3, 4, 1, 2, 5, 9, 7, 8, 2, 5, 5, 6], [3, 4, 1, 2, 7, 8, 5, 6, 6, 9, 2, 6], [3, 4, 1, 2, 7, 8, 5, 9, 2, 5, 5, 6], [3, 4, 5, 6, 1, 2, 6, 9, 7, 8, 2, 6], [3, 4, 5, 6, 6, 9, 1, 2, 7, 8, 2, 6], [3, 4, 5, 6, 6, 9, 7, 8, 1, 2, 2, 6], [3, 4, 5, 9, 1, 2, 2, 5, 7, 8, 5, 6], [3, 4, 5, 9, 1, 2, 7, 8, 2, 5, 5, 6], [3, 4, 5, 9, 7, 8, 1, 2, 2, 5, 5, 6], [3, 4, 7, 8, 1, 2, 5, 6, 6, 9, 2, 6], [3, 4, 7, 8, 1, 2, 5, 9, 2, 5, 5, 6], [3, 4, 7, 8, 5, 6, 1, 2, 6, 9, 2, 6], [3, 4, 7, 8, 5, 6, 6, 9, 1, 2, 2, 6], [3, 4, 7, 8, 5, 9, 1, 2, 2, 5, 5, 6], [5, 9, 1, 2, 2, 5, 3, 4, 7, 8, 5, 6], [5, 9, 1, 2, 2, 5, 7, 8, 3, 4, 5, 6], [5, 9, 1, 2, 2, 5, 7, 8, 5, 6, 3, 4], [5, 9, 1, 2, 7, 8, 2, 5, 3, 4, 5, 6], [5, 9, 1, 2, 7, 8, 2, 5, 5, 6, 3, 4], [5, 9, 3, 4, 1, 2, 2, 5, 7, 8, 5, 6], [5, 9, 3, 4, 1, 2, 7, 8, 2, 5, 5, 6], [5, 9, 3, 4, 7, 8, 1, 2, 2, 5, 5, 6], [5, 9, 7, 8, 1, 2, 2, 5, 3, 4, 5, 6], [5, 9, 7, 8, 1, 2, 2, 5, 5, 6, 3, 4], [5, 9, 7, 8, 3, 4, 1, 2, 2, 5, 5, 6], [7, 8, 1, 2, 5, 6, 6, 9, 2, 6, 3, 4], [7, 8, 1, 2, 5, 9, 2, 5, 3, 4, 5, 6], [7, 8, 1, 2, 5, 9, 2, 5, 5, 6, 3, 4], [7, 8, 3, 4, 1, 2, 5, 6, 6, 9, 2, 6], [7, 8, 3, 4, 1, 2, 5, 9, 2, 5, 5, 6], [7, 8, 3, 4, 5, 6, 1, 2, 6, 9, 2, 6], [7, 8, 3, 4, 5, 6, 6, 9, 1, 2, 2, 6], [7, 8, 3, 4, 5, 9, 1, 2, 2, 5, 5, 6], [7, 8, 5, 9, 1, 2, 2, 5, 3, 4, 5, 6], [7, 8, 5, 9, 1, 2, 2, 5, 5, 6, 3, 4], [7, 8, 5, 9, 3, 4, 1, 2, 2, 5, 5, 6]], 
     table([(0)=[{36}, {}, {}],(1)=[{34}, {[4, 34, 36]}, {}],(2)=[{29, 35}, {[3, 29, 34], [5, 34, 35]}, {}],(3)=[{5, 30}, {[2, 5, 29], [3, 30, 35], [5, 29, 30]}, {}],(4)=[{6, 28}, {[2, 6, 30], [4, 28, 30], [5, 5, 6]}, {}],(5)=[{4}, {[2, 4, 28], [4, 4, 6]}, {}],(6)=[{9}, {[3, 4, 9]}, {}],(7)=[{7, 8}, {[4, 7, 9], [5, 8, 9]}, {}],(9)=[{2, 27, 39}, {[2, 3, 27], [4, 2, 3], [4, 37, 39], [5, 2, 3]}, {}],(8)=[{1, 3, 37}, {[2, 7, 37], [3, 1, 7], [3, 3, 8]}, {}],(11)=[{31, 45}, {[2, 38, 45], [3, 26, 31], [3, 38, 45], [5, 45, 46]}, {}],(10)=[{26, 38, 46}, {[2, 2, 26], [2, 39, 46], [3, 39, 46], [4, 26, 27], [5, 26, 27], [5, 38, 39]}, {}],(13)=[{33, 44}, {[2, 44, 47], [3, 32, 33], [4, 32, 33]}, {}],(12)=[{32, 47}, {[4, 45, 47], [5, 31, 32]}, {}],(15)=[{19, 40}, {[4, 19, 20], [5, 40, 41]}, {}],(14)=[{20, 41}, {[2, 20, 33], [3, 41, 44], [4, 41, 44]}, {}],(18)=[{14, 24}, {[2, 24, 43], [4, 11, 14], [4, 23, 24], [5, 23, 24]}, {}],(19)=[{13, 17, 22}, {[2, 14, 22], [3, 17, 24], [5, 13, 14]}, {}],(16)=[{12, 18, 42}, {[2, 12, 19], [3, 12, 19], [3, 40, 42], [5, 18, 19]}, {}],(17)=[{11, 23, 43}, {[2, 11, 18], [2, 23, 42], [3, 11, 18], [4, 42, 43], [5, 11, 12], [5, 42, 43]}, {}],(20)=[{10, 16, 21, 25}, {[2, 13, 21], [3, 13, 21], [3, 22, 25], [4, 10, 13], [4, 22, 25], [5, 16, 17], [5, 21, 22]}, {}],(21)=[{15}, {[2, 10, 15], [3, 15, 16], [4, 15, 16]}, {}]]) ], 

  [ [[1, 3, 4], [1, 3, 5], [1, 4, 5], [1, 2, 4], [1, 2, 5], [1, 2, 3], [1, 2, 4], [1, 2, 5], [1, 3], [1, 3, 5], [1, 4], [2, 3, 4], [2, 3, 5], [2, 4, 5], [3, 4], [3, 5], [3, 4, 5], [2, 4], [2, 4, 5], [2, 3, 5], [2, 4], [2, 5], [2, 3], [1, 3, 4], [1, 3, 5], [1, 4], [1, 4, 5], [1, 3, 5], [1, 3], [1, 2, 4], [1, 2, 5], [2, 4], [2, 5], [2, 3], [2, 3, 5], [2, 4], [1, 3, 4], [1, 3, 5], [1, 4], [1, 4, 5], [1, 3, 5], [3], [3, 5], [3, 4], [2, 4], [2, 4, 5], [2, 5]], 
     {[2, 1, 12], [2, 2, 13], [2, 3, 14], [2, 9, 34], [2, 10, 35], [2, 11, 36], [2, 18, 39], [2, 19, 40], [2, 20, 41], [2, 21, 24], [2, 22, 25], [2, 23, 29], [2, 26, 45], [2, 27, 46], [2, 28, 47], [2, 32, 37], [2, 33, 38], [3, 1, 7], [3, 2, 8], [3, 4, 9], [3, 5, 10], [3, 14, 17], [3, 15, 18], [3, 16, 19], [3, 21, 24], [3, 22, 25], [3, 28, 31], [3, 29, 30], [3, 32, 37], [3, 33, 38], [3, 36, 44], [3, 41, 47], [3, 42, 45], [3, 43, 46], [4, 2, 3], [4, 4, 6], [4, 7, 9], [4, 10, 11], [4, 13, 14], [4, 16, 19], [4, 18, 20], [4, 21, 23], [4, 25, 27], [4, 26, 28], [4, 29, 30], [4, 32, 34], [4, 35, 36], [4, 38, 40], [4, 39, 41], [4, 42, 45], [4, 43, 46], [5, 1, 2], [5, 4, 5], [5, 7, 8], [5, 10, 11], [5, 12, 13], [5, 15, 16], [5, 18, 20], [5, 21, 22], [5, 24, 25], [5, 26, 28], [5, 30, 31], [5, 32, 33], [5, 35, 36], [5, 37, 38], [5, 39, 41], [5, 43, 44], [5, 45, 47]}, 
     [[1, 8, 3, 5, 5, 6, 4, 5, 2, 4, 6, 7], [1, 8, 3, 5, 5, 6, 4, 5, 6, 7, 2, 4], [1, 8, 3, 5, 5, 6, 6, 7, 4, 5, 2, 4], [1, 8, 3, 6, 2, 3, 4, 5, 3, 4, 6, 7], [1, 8, 3, 6, 2, 3, 4, 5, 6, 7, 3, 4], [1, 8, 3, 6, 4, 5, 2, 3, 3, 4, 6, 7], [1, 8, 4, 5, 3, 4, 4, 6, 2, 4, 6, 7], [1, 8, 4, 5, 3, 4, 4, 6, 6, 7, 2, 4], [1, 8, 4, 5, 3, 6, 2, 3, 3, 4, 6, 7], [1, 8, 4, 5, 3, 6, 2, 3, 6, 7, 3, 4], [1, 8, 4, 5, 3, 6, 6, 7, 2, 3, 3, 4], [3, 5, 1, 8, 5, 6, 4, 5, 2, 4, 6, 7], [3, 5, 1, 8, 5, 6, 4, 5, 6, 7, 2, 4], [3, 5, 1, 8, 5, 6, 6, 7, 4, 5, 2, 4], [3, 5, 5, 6, 1, 8, 4, 5, 2, 4, 6, 7], [3, 5, 5, 6, 1, 8, 4, 5, 6, 7, 2, 4], [3, 5, 5, 6, 1, 8, 6, 7, 4, 5, 2, 4], [3, 5, 5, 6, 4, 5, 1, 8, 2, 4, 6, 7], [3, 5, 5, 6, 4, 5, 1, 8, 6, 7, 2, 4], [3, 5, 5, 6, 4, 5, 2, 4, 1, 8, 6, 7], [3, 6, 1, 8, 2, 3, 4, 5, 3, 4, 6, 7], [3, 6, 1, 8, 2, 3, 4, 5, 6, 7, 3, 4], [3, 6, 1, 8, 4, 5, 2, 3, 3, 4, 6, 7], [3, 6, 2, 3, 1, 8, 4, 5, 3, 4, 6, 7], [3, 6, 2, 3, 1, 8, 4, 5, 6, 7, 3, 4], [3, 6, 2, 3, 4, 5, 1, 8, 3, 4, 6, 7], [3, 6, 2, 3, 4, 5, 1, 8, 6, 7, 3, 4], [3, 6, 2, 3, 4, 5, 3, 4, 1, 8, 6, 7], [3, 6, 4, 5, 1, 8, 2, 3, 3, 4, 6, 7], [3, 6, 4, 5, 2, 3, 1, 8, 3, 4, 6, 7], [3, 6, 4, 5, 2, 3, 3, 4, 1, 8, 6, 7], [4, 5, 1, 8, 3, 4, 4, 6, 2, 4, 6, 7], [4, 5, 1, 8, 3, 4, 4, 6, 6, 7, 2, 4], [4, 5, 1, 8, 3, 6, 2, 3, 3, 4, 6, 7], [4, 5, 1, 8, 3, 6, 2, 3, 6, 7, 3, 4], [4, 5, 1, 8, 3, 6, 6, 7, 2, 3, 3, 4], [4, 5, 3, 4, 1, 8, 4, 6, 2, 4, 6, 7], [4, 5, 3, 4, 1, 8, 4, 6, 6, 7, 2, 4], [4, 5, 3, 4, 4, 6, 1, 8, 2, 4, 6, 7], [4, 5, 3, 4, 4, 6, 1, 8, 6, 7, 2, 4], [4, 5, 3, 4, 4, 6, 2, 4, 1, 8, 6, 7], [4, 5, 3, 6, 1, 8, 2, 3, 3, 4, 6, 7], [4, 5, 3, 6, 1, 8, 2, 3, 6, 7, 3, 4], [4, 5, 3, 6, 1, 8, 6, 7, 2, 3, 3, 4], [4, 5, 3, 6, 2, 3, 1, 8, 3, 4, 6, 7], [4, 5, 3, 6, 2, 3, 1, 8, 6, 7, 3, 4], [4, 5, 3, 6, 2, 3, 3, 4, 1, 8, 6, 7]], 
     table([(0)=[{6}, {}, {}],(1)=[{4}, {[4, 4, 6]}, {}],(2)=[{5, 9}, {[3, 4, 9], [5, 4, 5]}, {}],(3)=[{7, 10, 34}, {[2, 9, 34], [3, 5, 10], [4, 7, 9]}, {}],(4)=[{1, 8, 11, 32, 35}, {[2, 10, 35], [3, 1, 7], [4, 10, 11], [4, 32, 34], [5, 7, 8], [5, 10, 11]}, {}],(5)=[{2, 12, 33, 36, 37}, {[2, 1, 12], [2, 11, 36], [2, 32, 37], [3, 2, 8], [3, 32, 37], [4, 35, 36], [5, 1, 2], [5, 32, 33], [5, 35, 36]}, {}],(6)=[{3, 13, 38, 44}, {[2, 2, 13], [2, 33, 38], [3, 33, 38], [3, 36, 44], [4, 2, 3], [5, 12, 13], [5, 37, 38]}, {}],(7)=[{14, 40, 43}, {[2, 3, 14], [4, 13, 14], [4, 38, 40], [5, 43, 44]}, {}],(9)=[{16, 27}, {[2, 27, 46], [3, 16, 19], [4, 16, 19]}, {}],(8)=[{17, 19, 46}, {[2, 19, 40], [3, 14, 17], [3, 43, 46], [4, 43, 46]}, {}],(11)=[{18, 22, 24}, {[2, 22, 25], [3, 15, 18], [3, 22, 25], [5, 24, 25]}, {}],(10)=[{15, 25}, {[4, 25, 27], [5, 15, 16]}, {}],(13)=[{23, 41}, {[2, 20, 41], [4, 21, 23], [4, 39, 41], [5, 39, 41]}, {}],(12)=[{20, 21, 39}, {[2, 18, 39], [2, 21, 24], [3, 21, 24], [4, 18, 20], [5, 18, 20], [5, 21, 22]}, {}],(15)=[{28, 30, 45}, {[2, 28, 47], [3, 29, 30], [4, 29, 30], [5, 45, 47]}, {}],(14)=[{29, 47}, {[2, 23, 29], [3, 41, 47]}, {}],(16)=[{26, 31, 42}, {[2, 26, 45], [3, 28, 31], [3, 42, 45], [4, 26, 28], [4, 42, 45], [5, 26, 28], [5, 30, 31]}, {}]]) ], 

  [ [[2, 4, 5], [3, 5], [3, 4, 5], [3, 4], [2, 4, 5], [2, 3, 5], [2, 4], [2, 3, 5], [2, 3, 4], [2, 3, 5], [2, 4, 5], [2, 4], [3, 5], [3, 4], [1, 4, 5], [1, 3, 5], [1, 4], [1, 3, 5], [1, 3, 4], [1, 2, 5], [1, 2, 4], [1, 3], [1, 2, 5], [1, 2, 4], [1, 2, 3], [1, 4, 5], [1, 3, 5], [1, 3, 4], [1, 3, 5], [1, 4], [2, 5], [2, 4], [2, 3], [2, 5], [2, 4], [3], [1, 3, 5], [1, 4, 5], [1, 4], [1, 3, 5], [1, 3, 4], [2, 5], [2, 4], [2, 3], [1, 2, 5], [1, 2, 4], [1, 3]], 
     {[2, 1, 26], [2, 5, 15], [2, 6, 27], [2, 7, 28], [2, 8, 40], [2, 9, 41], [2, 10, 37], [2, 11, 38], [2, 12, 39], [2, 16, 31], [2, 17, 32], [2, 18, 42], [2, 19, 43], [2, 22, 33], [2, 29, 34], [2, 30, 35], [2, 44, 47], [3, 1, 2], [3, 3, 11], [3, 4, 12], [3, 5, 13], [3, 7, 14], [3, 16, 20], [3, 18, 23], [3, 19, 24], [3, 21, 22], [3, 27, 31], [3, 28, 35], [3, 29, 34], [3, 32, 36], [3, 37, 45], [3, 40, 42], [3, 41, 46], [3, 43, 47], [4, 1, 2], [4, 5, 8], [4, 6, 7], [4, 10, 12], [4, 11, 13], [4, 15, 18], [4, 16, 17], [4, 21, 22], [4, 24, 25], [4, 26, 29], [4, 27, 30], [4, 32, 33], [4, 35, 36], [4, 37, 39], [4, 38, 40], [4, 43, 44], [4, 46, 47], [5, 2, 4], [5, 6, 7], [5, 8, 9], [5, 10, 12], [5, 13, 14], [5, 16, 17], [5, 18, 19], [5, 20, 21], [5, 23, 24], [5, 27, 28], [5, 29, 30], [5, 31, 32], [5, 34, 35], [5, 37, 39], [5, 40, 41], [5, 42, 43], [5, 45, 46]}, 
     [[2, 4, 4, 5, 3, 4, 5, 8, 6, 7, 1, 5], [2, 4, 4, 5, 5, 8, 3, 4, 6, 7, 1, 5], [2, 4, 4, 5, 5, 8, 6, 7, 1, 5, 3, 4], [2, 4, 4, 5, 5, 8, 6, 7, 3, 4, 1, 5], [2, 4, 4, 8, 1, 4, 6, 7, 4, 5, 3, 4], [2, 4, 4, 8, 3, 4, 1, 3, 6, 7, 3, 5], [2, 4, 4, 8, 3, 4, 6, 7, 1, 3, 3, 5], [2, 4, 4, 8, 6, 7, 1, 4, 4, 5, 3, 4], [2, 4, 4, 8, 6, 7, 3, 4, 1, 3, 3, 5], [2, 4, 6, 7, 4, 5, 3, 4, 5, 8, 1, 5], [2, 4, 6, 7, 4, 5, 5, 8, 1, 5, 3, 4], [2, 4, 6, 7, 4, 5, 5, 8, 3, 4, 1, 5], [2, 4, 6, 7, 4, 8, 1, 4, 4, 5, 3, 4], [2, 4, 6, 7, 4, 8, 3, 4, 1, 3, 3, 5], [2, 8, 1, 2, 2, 4, 6, 7, 4, 5, 3, 4], [2, 8, 1, 2, 3, 4, 2, 3, 6, 7, 3, 5], [2, 8, 1, 2, 3, 4, 6, 7, 2, 3, 3, 5], [2, 8, 1, 2, 6, 7, 2, 4, 4, 5, 3, 4], [2, 8, 1, 2, 6, 7, 3, 4, 2, 3, 3, 5], [2, 8, 3, 4, 1, 2, 2, 3, 6, 7, 3, 5], [2, 8, 3, 4, 1, 2, 6, 7, 2, 3, 3, 5], [2, 8, 3, 4, 6, 7, 1, 2, 2, 3, 3, 5], [2, 8, 6, 7, 1, 2, 2, 4, 4, 5, 3, 4], [2, 8, 6, 7, 1, 2, 3, 4, 2, 3, 3, 5], [2, 8, 6, 7, 3, 4, 1, 2, 2, 3, 3, 5], [3, 4, 2, 3, 3, 5, 5, 8, 6, 7, 1, 5], [3, 4, 2, 3, 3, 8, 1, 3, 6, 7, 3, 5], [3, 4, 2, 3, 3, 8, 6, 7, 1, 3, 3, 5], [3, 4, 2, 3, 6, 7, 3, 5, 5, 8, 1, 5], [3, 4, 2, 3, 6, 7, 3, 8, 1, 3, 3, 5], [3, 4, 2, 8, 1, 2, 2, 3, 6, 7, 3, 5], [3, 4, 2, 8, 1, 2, 6, 7, 2, 3, 3, 5], [3, 4, 2, 8, 6, 7, 1, 2, 2, 3, 3, 5], [3, 4, 6, 7, 2, 3, 3, 5, 5, 8, 1, 5], [3, 4, 6, 7, 2, 3, 3, 8, 1, 3, 3, 5], [3, 4, 6, 7, 2, 8, 1, 2, 2, 3, 3, 5], [6, 7, 2, 4, 4, 5, 3, 4, 5, 8, 1, 5], [6, 7, 2, 4, 4, 5, 5, 8, 1, 5, 3, 4], [6, 7, 2, 4, 4, 5, 5, 8, 3, 4, 1, 5], [6, 7, 2, 4, 4, 8, 1, 4, 4, 5, 3, 4], [6, 7, 2, 4, 4, 8, 3, 4, 1, 3, 3, 5], [6, 7, 2, 8, 1, 2, 2, 4, 4, 5, 3, 4], [6, 7, 2, 8, 1, 2, 3, 4, 2, 3, 3, 5], [6, 7, 2, 8, 3, 4, 1, 2, 2, 3, 3, 5], [6, 7, 3, 4, 2, 3, 3, 5, 5, 8, 1, 5], [6, 7, 3, 4, 2, 3, 3, 8, 1, 3, 3, 5], [6, 7, 3, 4, 2, 8, 1, 2, 2, 3, 3, 5]], 
     table([(0)=[{25}, {}, {}],(1)=[{24}, {[4, 24, 25]}, {}],(2)=[{19, 23}, {[3, 19, 24], [5, 23, 24]}, {}],(3)=[{18, 43}, {[2, 19, 43], [3, 18, 23], [5, 18, 19]}, {}],(4)=[{15, 42, 44, 47}, {[2, 18, 42], [3, 43, 47], [4, 15, 18], [4, 43, 44], [5, 42, 43]}, {[2, 44, 47]}],(5)=[{5, 40, 46}, {[2, 5, 15], [3, 40, 42], [4, 46, 47]}, {}],(6)=[{8, 13, 38, 41, 45}, {[2, 8, 40], [3, 5, 13], [3, 41, 46], [4, 5, 8], [4, 38, 40], [5, 40, 41], [5, 45, 46]}, {}],(7)=[{9, 11, 14, 37}, {[2, 9, 41], [2, 11, 38], [3, 37, 45], [4, 11, 13], [5, 8, 9], [5, 13, 14]}, {}],(9)=[{6, 12, 28}, {[2, 7, 28], [2, 12, 39], [4, 6, 7], [4, 10, 12], [5, 6, 7], [5, 10, 12]}, {}],(8)=[{3, 7, 10, 39}, {[2, 10, 37], [3, 3, 11], [3, 7, 14], [4, 37, 39], [5, 37, 39]}, {}],(11)=[{2, 30, 31, 34, 36}, {[2, 30, 35], [3, 27, 31], [4, 27, 30], [4, 35, 36], [5, 2, 4], [5, 34, 35]}, {}],(10)=[{4, 27, 35}, {[2, 6, 27], [3, 4, 12], [3, 28, 35], [5, 27, 28]}, {}],(13)=[{17, 20, 26, 33}, {[2, 1, 26], [2, 17, 32], [3, 16, 20], [4, 16, 17], [4, 26, 29], [4, 32, 33], [5, 16, 17]}, {}],(12)=[{1, 16, 29, 32}, {[2, 16, 31], [2, 29, 34], [3, 1, 2], [3, 29, 34], [3, 32, 36], [4, 1, 2], [5, 29, 30], [5, 31, 32]}, {}],(14)=[{21, 22}, {[2, 22, 33], [5, 20, 21]}, {[3, 21, 22], [4, 21, 22]}]]) ], 

  [ [[1, 4, 5], [1, 3, 5], [1, 4], [1, 3, 5], [1, 3, 4], [1, 2, 5], [1, 2, 4], [1, 3], [2, 5], [2, 4], [2, 3], [2, 4, 5], [3, 5], [3, 4], [3, 4, 5], [2, 3, 5], [2, 4], [2, 4, 5], [2, 3, 4], [2, 3, 5], [1, 2, 5], [1, 2, 4], [1, 3, 5], [1, 4], [1, 4, 5], [1, 3], [1, 3, 4], [1, 3, 5], [1, 2, 3], [1, 2, 4], [1, 2, 5], [2, 5], [2, 4], [2, 3, 5], [2, 4], [2, 4, 5], [3], [3, 4], [3, 5], [1, 3, 5], [1, 4], [1, 4, 5], [1, 3, 4], [1, 3, 5], [2, 3], [2, 4], [2, 5]], 
     {[2, 1, 12], [2, 2, 32], [2, 3, 33], [2, 4, 9], [2, 5, 10], [2, 8, 11], [2, 16, 23], [2, 17, 24], [2, 18, 25], [2, 19, 43], [2, 20, 44], [2, 26, 45], [2, 27, 46], [2, 28, 47], [2, 34, 40], [2, 35, 41], [2, 36, 42], [3, 2, 6], [3, 4, 9], [3, 5, 10], [3, 7, 8], [3, 12, 13], [3, 14, 17], [3, 15, 18], [3, 21, 23], [3, 22, 26], [3, 27, 30], [3, 28, 31], [3, 32, 40], [3, 33, 37], [3, 35, 38], [3, 36, 39], [3, 43, 46], [3, 44, 47], [4, 1, 4], [4, 2, 3], [4, 7, 8], [4, 10, 11], [4, 12, 13], [4, 16, 17], [4, 18, 20], [4, 22, 26], [4, 23, 24], [4, 25, 28], [4, 29, 30], [4, 33, 37], [4, 34, 35], [4, 36, 39], [4, 40, 41], [4, 42, 44], [4, 45, 46], [5, 2, 3], [5, 4, 5], [5, 6, 7], [5, 9, 10], [5, 13, 14], [5, 16, 17], [5, 19, 20], [5, 21, 22], [5, 23, 24], [5, 27, 28], [5, 30, 31], [5, 32, 33], [5, 34, 35], [5, 38, 39], [5, 40, 41], [5, 43, 44], [5, 46, 47]}, 
     [[2, 6, 1, 2, 3, 5, 6, 7, 5, 6, 4, 5], [2, 6, 1, 2, 4, 5, 3, 4, 6, 7, 4, 6], [2, 6, 1, 2, 4, 5, 6, 7, 3, 4, 4, 6], [2, 6, 1, 2, 6, 7, 3, 5, 5, 6, 4, 5], [2, 6, 1, 2, 6, 7, 4, 5, 3, 4, 4, 6], [2, 6, 4, 5, 1, 2, 3, 4, 6, 7, 4, 6], [2, 6, 4, 5, 1, 2, 6, 7, 3, 4, 4, 6], [2, 6, 4, 5, 6, 7, 1, 2, 3, 4, 4, 6], [2, 6, 6, 7, 1, 2, 3, 5, 5, 6, 4, 5], [2, 6, 6, 7, 1, 2, 4, 5, 3, 4, 4, 6], [2, 6, 6, 7, 4, 5, 1, 2, 3, 4, 4, 6], [3, 5, 2, 6, 1, 2, 6, 7, 5, 6, 4, 5], [3, 5, 2, 6, 6, 7, 1, 2, 5, 6, 4, 5], [3, 5, 2, 6, 6, 7, 5, 6, 1, 2, 4, 5], [3, 5, 2, 6, 6, 7, 5, 6, 4, 5, 1, 2], [3, 5, 5, 6, 2, 5, 1, 2, 5, 7, 4, 5], [3, 5, 5, 6, 2, 5, 5, 7, 1, 2, 4, 5], [3, 5, 5, 6, 2, 5, 5, 7, 4, 5, 1, 2], [3, 5, 5, 6, 4, 5, 2, 4, 1, 2, 4, 7], [3, 5, 5, 6, 4, 5, 2, 4, 4, 7, 1, 2], [3, 6, 2, 3, 1, 2, 3, 5, 5, 7, 4, 5], [3, 6, 2, 3, 1, 2, 4, 5, 3, 4, 4, 7], [3, 6, 2, 3, 3, 5, 1, 2, 5, 7, 4, 5], [3, 6, 2, 3, 3, 5, 5, 7, 1, 2, 4, 5], [3, 6, 2, 3, 3, 5, 5, 7, 4, 5, 1, 2], [3, 6, 2, 3, 4, 5, 1, 2, 3, 4, 4, 7], [3, 6, 2, 3, 4, 5, 3, 4, 1, 2, 4, 7], [3, 6, 2, 3, 4, 5, 3, 4, 4, 7, 1, 2], [3, 6, 4, 5, 2, 3, 1, 2, 3, 4, 4, 7], [3, 6, 4, 5, 2, 3, 3, 4, 1, 2, 4, 7], [3, 6, 4, 5, 2, 3, 3, 4, 4, 7, 1, 2], [4, 5, 2, 6, 1, 2, 3, 4, 6, 7, 4, 6], [4, 5, 2, 6, 1, 2, 6, 7, 3, 4, 4, 6], [4, 5, 2, 6, 3, 4, 1, 2, 6, 7, 4, 6], [4, 5, 2, 6, 3, 4, 6, 7, 1, 2, 4, 6], [4, 5, 2, 6, 3, 4, 6, 7, 4, 6, 1, 2], [4, 5, 2, 6, 6, 7, 1, 2, 3, 4, 4, 6], [4, 5, 2, 6, 6, 7, 3, 4, 1, 2, 4, 6], [4, 5, 2, 6, 6, 7, 3, 4, 4, 6, 1, 2], [4, 5, 3, 4, 2, 6, 1, 2, 6, 7, 4, 6], [4, 5, 3, 4, 2, 6, 6, 7, 1, 2, 4, 6], [4, 5, 3, 4, 2, 6, 6, 7, 4, 6, 1, 2], [4, 5, 3, 4, 4, 6, 2, 4, 1, 2, 4, 7], [4, 5, 3, 4, 4, 6, 2, 4, 4, 7, 1, 2], [4, 5, 3, 6, 2, 3, 1, 2, 3, 4, 4, 7], [4, 5, 3, 6, 2, 3, 3, 4, 1, 2, 4, 7], [4, 5, 3, 6, 2, 3, 3, 4, 4, 7, 1, 2]], 
     table([(0)=[{29}, {}, {}],(1)=[{30}, {[4, 29, 30]}, {}],(2)=[{27, 31}, {[3, 27, 30], [5, 30, 31]}, {}],(3)=[{28, 46}, {[2, 27, 46], [3, 28, 31], [5, 27, 28]}, {}],(4)=[{25, 43, 45, 47}, {[2, 28, 47], [3, 43, 46], [4, 25, 28], [4, 45, 46], [5, 46, 47]}, {}],(5)=[{18, 19, 26, 44}, {[2, 18, 25], [2, 19, 43], [2, 26, 45], [3, 44, 47], [5, 43, 44]}, {}],(6)=[{15, 20, 22, 42}, {[2, 20, 44], [3, 15, 18], [3, 22, 26], [4, 18, 20], [4, 22, 26], [4, 42, 44], [5, 19, 20]}, {}],(7)=[{21, 36}, {[2, 36, 42], [5, 21, 22]}, {}],(9)=[{16, 24, 38}, {[2, 16, 23], [4, 23, 24], [5, 23, 24], [5, 38, 39]}, {}],(8)=[{23, 39}, {[3, 21, 23], [3, 36, 39], [4, 36, 39]}, {}],(11)=[{14, 34, 41}, {[2, 35, 41], [3, 14, 17], [4, 34, 35], [5, 34, 35]}, {}],(10)=[{17, 35}, {[2, 17, 24], [3, 35, 38], [4, 16, 17], [5, 16, 17]}, {}],(13)=[{12, 32}, {[3, 12, 13], [3, 32, 40], [4, 12, 13]}, {}],(12)=[{13, 40}, {[2, 34, 40], [4, 40, 41], [5, 13, 14], [5, 40, 41]}, {}],(15)=[{3, 4, 6, 37}, {[2, 3, 33], [3, 2, 6], [3, 33, 37], [4, 1, 4], [4, 2, 3], [4, 33, 37], [5, 2, 3]}, {}],(14)=[{1, 2, 33}, {[2, 1, 12], [2, 2, 32], [5, 32, 33]}, {}],(18)=[{11}, {[2, 8, 11], [4, 10, 11]}, {}],(16)=[{5, 7, 9}, {[2, 4, 9], [3, 4, 9], [5, 4, 5], [5, 6, 7]}, {}],(17)=[{8, 10}, {[2, 5, 10], [3, 5, 10], [3, 7, 8], [4, 7, 8], [5, 9, 10]}, {}]]) ], 

#################################################################
### The symmetric function = s[4, 1, 1] + 2 s[3, 2, 1] + s[2, 2, 2]   has 4 graph isomorphism types.

  [ [[3, 4], [3, 5], [4, 5], [2, 3, 5], [2, 3], [2, 4], [2, 4, 5], [2, 4], [2, 5], [3, 4], [3, 5], [1, 3, 4], [1, 3, 5], [1, 4, 5], [2, 4], [2, 5], [2, 3], [2, 3, 5], [2, 4], [2, 4, 5], [3, 5], [3, 4], [1, 3, 5], [1, 3], [1, 4], [1, 4, 5], [1, 4], [1, 5], [1, 3, 4], [1, 3, 5], [1, 2, 5], [1, 2], [1, 2, 4], [1, 2, 4, 5], [1, 2, 4], [1, 2, 5], [1, 3], [1, 3, 5], [1, 3, 4], [1, 3], [1, 3, 5], [1, 4], [2, 4], [2, 5], [2, 3], [2, 3, 5], [2, 4]], 
     {[2, 4, 23], [2, 5, 24], [2, 6, 25], [2, 7, 26], [2, 8, 27], [2, 9, 28], [2, 12, 15], [2, 13, 16], [2, 14, 20], [2, 17, 37], [2, 18, 38], [2, 19, 39], [2, 29, 43], [2, 30, 44], [2, 40, 45], [2, 41, 46], [2, 42, 47], [3, 1, 6], [3, 2, 7], [3, 8, 10], [3, 9, 11], [3, 12, 15], [3, 13, 16], [3, 19, 22], [3, 20, 21], [3, 23, 31], [3, 24, 32], [3, 29, 43], [3, 30, 44], [3, 33, 37], [3, 34, 38], [3, 35, 40], [3, 36, 41], [3, 39, 47], [4, 2, 3], [4, 4, 6], [4, 5, 8], [4, 7, 11], [4, 13, 14], [4, 15, 17], [4, 18, 19], [4, 20, 21], [4, 23, 25], [4, 24, 27], [4, 26, 30], [4, 33, 37], [4, 34, 38], [4, 35, 40], [4, 41, 42], [4, 43, 45], [4, 46, 47], [5, 1, 2], [5, 4, 6], [5, 8, 9], [5, 10, 11], [5, 12, 13], [5, 15, 16], [5, 18, 19], [5, 21, 22], [5, 23, 25], [5, 27, 28], [5, 29, 30], [5, 31, 33], [5, 35, 36], [5, 38, 39], [5, 41, 42], [5, 43, 44], [5, 46, 47]}, 
     [[1, 2, 3, 4, 4, 8, 5, 6, 2, 3, 6, 7], [1, 2, 3, 4, 4, 8, 5, 6, 6, 7, 2, 3], [1, 2, 3, 4, 5, 6, 4, 8, 6, 7, 2, 3], [1, 2, 5, 6, 3, 4, 2, 3, 4, 8, 6, 7], [1, 2, 5, 6, 3, 4, 2, 3, 6, 7, 4, 8], [1, 2, 5, 6, 3, 4, 4, 8, 2, 3, 6, 7], [1, 2, 5, 6, 3, 4, 4, 8, 6, 7, 2, 3], [1, 2, 5, 6, 3, 4, 6, 7, 2, 3, 4, 8], [1, 2, 5, 6, 3, 4, 6, 7, 4, 8, 2, 3], [1, 2, 5, 6, 6, 7, 3, 4, 2, 3, 4, 8], [1, 2, 5, 6, 6, 7, 3, 4, 4, 8, 2, 3], [3, 4, 1, 2, 4, 8, 5, 6, 2, 3, 6, 7], [3, 4, 1, 2, 4, 8, 5, 6, 6, 7, 2, 3], [3, 4, 1, 2, 5, 6, 4, 8, 6, 7, 2, 3], [3, 4, 4, 8, 1, 2, 5, 6, 2, 3, 6, 7], [3, 4, 4, 8, 1, 2, 5, 6, 6, 7, 2, 3], [3, 4, 4, 8, 5, 6, 1, 2, 2, 3, 6, 7], [3, 4, 4, 8, 5, 6, 1, 2, 6, 7, 2, 3], [3, 4, 4, 8, 5, 6, 6, 7, 1, 2, 2, 3], [3, 4, 5, 6, 1, 2, 4, 8, 6, 7, 2, 3], [3, 4, 5, 6, 4, 8, 1, 2, 6, 7, 2, 3], [3, 4, 5, 6, 4, 8, 6, 7, 1, 2, 2, 3], [5, 6, 1, 2, 3, 4, 2, 3, 4, 8, 6, 7], [5, 6, 1, 2, 3, 4, 2, 3, 6, 7, 4, 8], [5, 6, 1, 2, 3, 4, 4, 8, 2, 3, 6, 7], [5, 6, 1, 2, 3, 4, 4, 8, 6, 7, 2, 3], [5, 6, 1, 2, 3, 4, 6, 7, 2, 3, 4, 8], [5, 6, 1, 2, 3, 4, 6, 7, 4, 8, 2, 3], [5, 6, 1, 2, 6, 7, 3, 4, 2, 3, 4, 8], [5, 6, 1, 2, 6, 7, 3, 4, 4, 8, 2, 3], [5, 6, 3, 4, 1, 2, 2, 3, 4, 8, 6, 7], [5, 6, 3, 4, 1, 2, 2, 3, 6, 7, 4, 8], [5, 6, 3, 4, 1, 2, 4, 8, 2, 3, 6, 7], [5, 6, 3, 4, 1, 2, 4, 8, 6, 7, 2, 3], [5, 6, 3, 4, 1, 2, 6, 7, 2, 3, 4, 8], [5, 6, 3, 4, 1, 2, 6, 7, 4, 8, 2, 3], [5, 6, 3, 4, 4, 8, 1, 2, 2, 3, 6, 7], [5, 6, 3, 4, 4, 8, 1, 2, 6, 7, 2, 3], [5, 6, 3, 4, 4, 8, 6, 7, 1, 2, 2, 3], [5, 6, 3, 4, 6, 7, 1, 2, 2, 3, 4, 8], [5, 6, 3, 4, 6, 7, 1, 2, 4, 8, 2, 3], [5, 6, 3, 4, 6, 7, 4, 8, 1, 2, 2, 3], [5, 6, 6, 7, 1, 2, 3, 4, 2, 3, 4, 8], [5, 6, 6, 7, 1, 2, 3, 4, 4, 8, 2, 3], [5, 6, 6, 7, 3, 4, 1, 2, 2, 3, 4, 8], [5, 6, 6, 7, 3, 4, 1, 2, 4, 8, 2, 3], [5, 6, 6, 7, 3, 4, 4, 8, 1, 2, 2, 3]], 
     table([(0)=[{32}, {}, {}],(1)=[{24}, {[3, 24, 32]}, {}],(2)=[{5, 27}, {[2, 5, 24], [4, 24, 27]}, {}],(3)=[{8, 28}, {[2, 8, 27], [4, 5, 8], [5, 27, 28]}, {}],(4)=[{9, 10}, {[2, 9, 28], [3, 8, 10], [5, 8, 9]}, {}],(5)=[{11}, {[3, 9, 11], [5, 10, 11]}, {}],(6)=[{7}, {[4, 7, 11]}, {}],(7)=[{2, 26}, {[2, 7, 26], [3, 2, 7]}, {}],(9)=[{6, 29, 44}, {[2, 30, 44], [3, 1, 6], [3, 30, 44], [5, 29, 30]}, {}],(8)=[{1, 3, 30}, {[4, 2, 3], [4, 26, 30], [5, 1, 2]}, {}],(11)=[{23, 45}, {[2, 4, 23], [4, 23, 25], [4, 43, 45], [5, 23, 25]}, {}],(10)=[{4, 25, 43}, {[2, 6, 25], [2, 29, 43], [3, 29, 43], [4, 4, 6], [5, 4, 6], [5, 43, 44]}, {}],(13)=[{33, 35}, {[3, 35, 40], [4, 35, 40], [5, 31, 33]}, {}],(12)=[{31, 40}, {[2, 40, 45], [3, 23, 31]}, {}],(15)=[{17, 41}, {[2, 17, 37], [3, 36, 41]}, {}],(14)=[{36, 37}, {[3, 33, 37], [4, 33, 37], [5, 35, 36]}, {}],(18)=[{13, 39}, {[2, 13, 16], [3, 13, 16], [3, 39, 47], [5, 12, 13]}, {}],(19)=[{14, 19, 38}, {[2, 19, 39], [4, 13, 14], [5, 38, 39]}, {}],(16)=[{15, 42, 46}, {[2, 41, 46], [4, 15, 17], [4, 41, 42], [5, 41, 42]}, {}],(17)=[{12, 16, 47}, {[2, 12, 15], [2, 42, 47], [3, 12, 15], [4, 46, 47], [5, 15, 16], [5, 46, 47]}, {}],(20)=[{18, 20, 22, 34}, {[2, 14, 20], [2, 18, 38], [3, 19, 22], [3, 34, 38], [4, 18, 19], [4, 34, 38], [5, 18, 19]}, {}],(21)=[{21}, {[3, 20, 21], [4, 20, 21], [5, 21, 22]}, {}]]) ], 

  [ [[3, 4], [3, 5], [4, 5], [2, 3], [2, 3, 5], [2, 4], [2, 4], [2, 5], [2, 4, 5], [3, 4], [3, 5], [1, 3, 4], [1, 3, 5], [1, 4, 5], [2, 4], [2, 5], [2, 4, 5], [2, 3], [2, 3, 5], [2, 4], [3, 5], [3, 4], [1, 3], [1, 3, 5], [1, 4], [1, 4], [1, 5], [1, 4, 5], [1, 3, 4], [1, 3, 5], [1, 2, 4], [1, 2, 5], [1, 2], [1, 2, 5], [1, 2, 4, 5], [1, 2, 4], [1, 3], [1, 3, 5], [1, 4], [1, 3, 5], [1, 3], [1, 3, 4], [2, 4], [2, 5], [2, 3, 5], [2, 3], [2, 4]], 
     {[2, 4, 23], [2, 5, 24], [2, 6, 25], [2, 7, 26], [2, 8, 27], [2, 9, 28], [2, 12, 15], [2, 13, 16], [2, 14, 17], [2, 18, 37], [2, 19, 38], [2, 20, 39], [2, 29, 43], [2, 30, 44], [2, 40, 45], [2, 41, 46], [2, 42, 47], [3, 1, 7], [3, 2, 8], [3, 6, 10], [3, 9, 11], [3, 12, 15], [3, 13, 16], [3, 17, 21], [3, 20, 22], [3, 23, 31], [3, 24, 32], [3, 29, 43], [3, 30, 44], [3, 33, 37], [3, 34, 38], [3, 35, 40], [3, 36, 41], [3, 42, 47], [4, 2, 3], [4, 4, 7], [4, 5, 6], [4, 9, 11], [4, 13, 14], [4, 15, 18], [4, 17, 21], [4, 19, 20], [4, 23, 26], [4, 24, 25], [4, 28, 30], [4, 31, 37], [4, 35, 40], [4, 36, 41], [4, 38, 39], [4, 43, 45], [4, 46, 47], [5, 1, 2], [5, 5, 6], [5, 7, 8], [5, 10, 11], [5, 12, 13], [5, 15, 16], [5, 19, 20], [5, 21, 22], [5, 24, 25], [5, 26, 27], [5, 29, 30], [5, 31, 32], [5, 34, 36], [5, 38, 39], [5, 40, 42], [5, 43, 44], [5, 45, 47]}, 
     [[1, 2, 3, 4, 6, 7, 2, 6, 4, 5, 7, 8], [1, 2, 3, 4, 6, 7, 2, 6, 7, 8, 4, 5], [1, 2, 3, 4, 6, 7, 7, 8, 2, 6, 4, 5], [1, 2, 6, 7, 2, 6, 3, 4, 4, 5, 7, 8], [1, 2, 6, 7, 2, 6, 3, 4, 7, 8, 4, 5], [1, 2, 6, 7, 2, 6, 7, 8, 3, 4, 4, 5], [1, 2, 6, 7, 3, 4, 2, 6, 4, 5, 7, 8], [1, 2, 6, 7, 3, 4, 2, 6, 7, 8, 4, 5], [1, 2, 6, 7, 3, 4, 7, 8, 2, 6, 4, 5], [1, 2, 6, 7, 7, 8, 2, 6, 3, 4, 4, 5], [1, 2, 6, 7, 7, 8, 3, 4, 2, 6, 4, 5], [3, 4, 1, 2, 6, 7, 2, 6, 4, 5, 7, 8], [3, 4, 1, 2, 6, 7, 2, 6, 7, 8, 4, 5], [3, 4, 1, 2, 6, 7, 7, 8, 2, 6, 4, 5], [3, 4, 6, 7, 1, 2, 2, 6, 4, 5, 7, 8], [3, 4, 6, 7, 1, 2, 2, 6, 7, 8, 4, 5], [3, 4, 6, 7, 1, 2, 7, 8, 2, 6, 4, 5], [3, 4, 6, 7, 4, 5, 1, 2, 2, 6, 7, 8], [3, 4, 6, 7, 4, 5, 1, 2, 7, 8, 2, 6], [3, 4, 6, 7, 4, 5, 7, 8, 1, 2, 2, 6], [3, 4, 6, 7, 7, 8, 1, 2, 2, 6, 4, 5], [3, 4, 6, 7, 7, 8, 4, 5, 1, 2, 2, 6], [6, 7, 1, 2, 2, 6, 3, 4, 4, 5, 7, 8], [6, 7, 1, 2, 2, 6, 3, 4, 7, 8, 4, 5], [6, 7, 1, 2, 2, 6, 7, 8, 3, 4, 4, 5], [6, 7, 1, 2, 3, 4, 2, 6, 4, 5, 7, 8], [6, 7, 1, 2, 3, 4, 2, 6, 7, 8, 4, 5], [6, 7, 1, 2, 3, 4, 7, 8, 2, 6, 4, 5], [6, 7, 1, 2, 7, 8, 2, 6, 3, 4, 4, 5], [6, 7, 1, 2, 7, 8, 3, 4, 2, 6, 4, 5], [6, 7, 3, 4, 1, 2, 2, 6, 4, 5, 7, 8], [6, 7, 3, 4, 1, 2, 2, 6, 7, 8, 4, 5], [6, 7, 3, 4, 1, 2, 4, 5, 2, 6, 7, 8], [6, 7, 3, 4, 1, 2, 4, 5, 7, 8, 2, 6], [6, 7, 3, 4, 1, 2, 7, 8, 2, 6, 4, 5], [6, 7, 3, 4, 1, 2, 7, 8, 4, 5, 2, 6], [6, 7, 3, 4, 4, 5, 1, 2, 2, 6, 7, 8], [6, 7, 3, 4, 4, 5, 1, 2, 7, 8, 2, 6], [6, 7, 3, 4, 4, 5, 7, 8, 1, 2, 2, 6], [6, 7, 3, 4, 7, 8, 1, 2, 2, 6, 4, 5], [6, 7, 3, 4, 7, 8, 1, 2, 4, 5, 2, 6], [6, 7, 3, 4, 7, 8, 4, 5, 1, 2, 2, 6], [6, 7, 7, 8, 1, 2, 2, 6, 3, 4, 4, 5], [6, 7, 7, 8, 1, 2, 3, 4, 2, 6, 4, 5], [6, 7, 7, 8, 3, 4, 1, 2, 2, 6, 4, 5], [6, 7, 7, 8, 3, 4, 1, 2, 4, 5, 2, 6], [6, 7, 7, 8, 3, 4, 4, 5, 1, 2, 2, 6]], 
     table([(0)=[{33}, {}, {}],(1)=[{37}, {[3, 33, 37]}, {}],(2)=[{18, 31}, {[2, 18, 37], [4, 31, 37]}, {}],(3)=[{15, 23, 32}, {[3, 23, 31], [4, 15, 18], [5, 31, 32]}, {}],(4)=[{4, 12, 16, 24, 26}, {[2, 4, 23], [2, 12, 15], [3, 12, 15], [3, 24, 32], [4, 23, 26], [5, 15, 16]}, {}],(5)=[{5, 7, 13, 25, 27}, {[2, 5, 24], [2, 7, 26], [2, 13, 16], [3, 13, 16], [4, 4, 7], [4, 24, 25], [5, 12, 13], [5, 24, 25], [5, 26, 27]}, {}],(6)=[{1, 6, 8, 14}, {[2, 6, 25], [2, 8, 27], [3, 1, 7], [4, 5, 6], [4, 13, 14], [5, 5, 6], [5, 7, 8]}, {}],(7)=[{2, 10, 17}, {[2, 14, 17], [3, 2, 8], [3, 6, 10], [5, 1, 2]}, {}],(9)=[{9, 22}, {[3, 9, 11], [4, 9, 11], [5, 21, 22]}, {}],(8)=[{3, 11, 21}, {[3, 17, 21], [4, 2, 3], [4, 17, 21], [5, 10, 11]}, {}],(11)=[{19, 30, 39}, {[2, 20, 39], [4, 19, 20], [4, 28, 30], [5, 19, 20]}, {}],(10)=[{20, 28}, {[2, 9, 28], [3, 20, 22]}, {}],(13)=[{34, 43}, {[2, 29, 43], [3, 29, 43], [3, 34, 38], [5, 43, 44]}, {}],(12)=[{29, 38, 44}, {[2, 19, 38], [2, 30, 44], [3, 30, 44], [4, 38, 39], [5, 29, 30], [5, 38, 39]}, {}],(15)=[{40, 41, 47}, {[2, 40, 45], [3, 36, 41], [4, 36, 41], [5, 45, 47]}, {}],(14)=[{36, 45}, {[4, 43, 45], [5, 34, 36]}, {}],(16)=[{35, 42, 46}, {[2, 41, 46], [2, 42, 47], [3, 35, 40], [3, 42, 47], [4, 35, 40], [4, 46, 47], [5, 40, 42]}, {}]]) ], 

  [ [[2, 4, 5], [3, 4], [3, 5], [2, 4], [2, 5], [2, 3, 5], [2, 3], [2, 4], [4, 5], [3, 5], [3, 4], [1, 4, 5], [1, 3, 4], [1, 3, 5], [1, 2, 5], [1, 2, 4, 5], [1, 2, 4], [1, 3, 5], [1, 4], [1, 3, 5], [1, 3], [1, 3, 4], [2, 4], [2, 5], [2, 3, 5], [2, 3], [2, 4], [1, 4], [1, 5], [1, 3, 5], [1, 3], [1, 4], [1, 2, 5], [1, 2], [1, 2, 4], [1, 3], [1, 4, 5], [1, 3, 5], [1, 3, 4], [2, 4, 5], [2, 3, 5], [2, 4], [3, 5], [3, 4], [2, 5], [2, 4], [2, 3]], 
     {[2, 1, 12], [2, 4, 28], [2, 5, 29], [2, 6, 30], [2, 7, 31], [2, 8, 32], [2, 13, 23], [2, 14, 24], [2, 18, 41], [2, 19, 42], [2, 20, 25], [2, 21, 26], [2, 22, 27], [2, 36, 47], [2, 37, 40], [2, 38, 45], [2, 39, 46], [3, 1, 3], [3, 2, 4], [3, 5, 10], [3, 8, 11], [3, 13, 23], [3, 14, 24], [3, 15, 18], [3, 16, 20], [3, 17, 21], [3, 22, 27], [3, 30, 33], [3, 31, 34], [3, 35, 36], [3, 38, 45], [3, 39, 46], [3, 40, 43], [3, 42, 44], [4, 1, 3], [4, 4, 6], [4, 7, 8], [4, 9, 10], [4, 12, 14], [4, 16, 20], [4, 17, 21], [4, 18, 19], [4, 23, 25], [4, 26, 27], [4, 28, 30], [4, 31, 32], [4, 35, 36], [4, 37, 38], [4, 40, 43], [4, 41, 42], [4, 46, 47], [5, 2, 3], [5, 4, 5], [5, 6, 8], [5, 10, 11], [5, 13, 14], [5, 15, 17], [5, 18, 19], [5, 20, 22], [5, 23, 24], [5, 25, 27], [5, 28, 29], [5, 30, 32], [5, 33, 35], [5, 38, 39], [5, 41, 42], [5, 43, 44], [5, 45, 46]}, 
     [[1, 2, 3, 7, 4, 5, 7, 8, 2, 7, 5, 6], [1, 2, 3, 7, 7, 8, 2, 7, 4, 5, 5, 6], [1, 2, 3, 7, 7, 8, 4, 5, 2, 7, 5, 6], [1, 2, 3, 8, 2, 3, 3, 7, 4, 5, 5, 6], [1, 2, 3, 8, 2, 3, 4, 5, 3, 7, 5, 6], [1, 2, 3, 8, 4, 5, 2, 3, 3, 7, 5, 6], [1, 2, 3, 8, 4, 5, 2, 3, 5, 6, 3, 7], [1, 2, 3, 8, 4, 5, 5, 6, 2, 3, 3, 7], [1, 2, 4, 5, 3, 7, 7, 8, 2, 7, 5, 6], [1, 2, 4, 5, 3, 8, 2, 3, 3, 7, 5, 6], [1, 2, 4, 5, 3, 8, 5, 6, 2, 3, 3, 7], [3, 7, 1, 2, 4, 5, 7, 8, 2, 7, 5, 6], [3, 7, 1, 2, 7, 8, 2, 7, 4, 5, 5, 6], [3, 7, 1, 2, 7, 8, 4, 5, 2, 7, 5, 6], [3, 7, 4, 5, 1, 2, 5, 6, 7, 8, 2, 7], [3, 7, 4, 5, 1, 2, 7, 8, 2, 7, 5, 6], [3, 7, 4, 5, 1, 2, 7, 8, 5, 6, 2, 7], [3, 7, 4, 5, 5, 6, 1, 2, 7, 8, 2, 7], [3, 7, 4, 5, 5, 6, 7, 8, 1, 2, 2, 7], [3, 7, 4, 5, 7, 8, 1, 2, 2, 7, 5, 6], [3, 7, 4, 5, 7, 8, 1, 2, 5, 6, 2, 7], [3, 7, 4, 5, 7, 8, 5, 6, 1, 2, 2, 7], [3, 7, 7, 8, 1, 2, 2, 7, 4, 5, 5, 6], [3, 7, 7, 8, 1, 2, 4, 5, 2, 7, 5, 6], [3, 7, 7, 8, 4, 5, 1, 2, 2, 7, 5, 6], [3, 7, 7, 8, 4, 5, 1, 2, 5, 6, 2, 7], [3, 7, 7, 8, 4, 5, 5, 6, 1, 2, 2, 7], [3, 8, 1, 2, 2, 3, 3, 7, 4, 5, 5, 6], [3, 8, 1, 2, 2, 3, 4, 5, 3, 7, 5, 6], [3, 8, 1, 2, 4, 5, 2, 3, 3, 7, 5, 6], [3, 8, 1, 2, 4, 5, 2, 3, 5, 6, 3, 7], [3, 8, 1, 2, 4, 5, 5, 6, 2, 3, 3, 7], [3, 8, 4, 5, 1, 2, 2, 3, 3, 7, 5, 6], [3, 8, 4, 5, 1, 2, 2, 3, 5, 6, 3, 7], [3, 8, 4, 5, 1, 2, 5, 6, 2, 3, 3, 7], [3, 8, 4, 5, 5, 6, 1, 2, 2, 3, 3, 7], [4, 5, 1, 2, 3, 7, 7, 8, 2, 7, 5, 6], [4, 5, 1, 2, 3, 8, 2, 3, 3, 7, 5, 6], [4, 5, 1, 2, 3, 8, 5, 6, 2, 3, 3, 7], [4, 5, 3, 7, 1, 2, 7, 8, 2, 7, 5, 6], [4, 5, 3, 7, 5, 6, 1, 2, 7, 8, 2, 7], [4, 5, 3, 7, 5, 6, 7, 8, 1, 2, 2, 7], [4, 5, 3, 7, 7, 8, 1, 2, 2, 7, 5, 6], [4, 5, 3, 7, 7, 8, 5, 6, 1, 2, 2, 7], [4, 5, 3, 8, 1, 2, 2, 3, 3, 7, 5, 6], [4, 5, 3, 8, 1, 2, 5, 6, 2, 3, 3, 7], [4, 5, 3, 8, 5, 6, 1, 2, 2, 3, 3, 7]], 
     table([(0)=[{34}, {}, {}],(1)=[{31}, {[3, 31, 34]}, {}],(2)=[{7, 32}, {[2, 7, 31], [4, 31, 32]}, {}],(3)=[{8, 30}, {[2, 8, 32], [4, 7, 8], [5, 30, 32]}, {}],(4)=[{6, 11, 28, 33}, {[2, 6, 30], [3, 8, 11], [3, 30, 33], [4, 28, 30], [5, 6, 8]}, {}],(5)=[{4, 10, 29, 35}, {[2, 4, 28], [4, 4, 6], [5, 10, 11], [5, 28, 29], [5, 33, 35]}, {}],(6)=[{2, 5, 9, 36}, {[2, 5, 29], [3, 2, 4], [3, 5, 10], [3, 35, 36], [4, 9, 10], [4, 35, 36], [5, 4, 5]}, {}],(7)=[{3, 47}, {[2, 36, 47], [5, 2, 3]}, {}],(9)=[{12, 39, 45}, {[2, 1, 12], [2, 39, 46], [3, 39, 46], [5, 45, 46]}, {}],(8)=[{1, 46}, {[3, 1, 3], [4, 1, 3], [4, 46, 47]}, {}],(11)=[{13, 24, 37}, {[2, 14, 24], [3, 14, 24], [4, 37, 38], [5, 13, 14]}, {}],(10)=[{14, 38}, {[2, 38, 45], [3, 38, 45], [4, 12, 14], [5, 38, 39]}, {}],(13)=[{25, 43}, {[3, 40, 43], [4, 23, 25], [4, 40, 43]}, {}],(12)=[{23, 40}, {[2, 13, 23], [2, 37, 40], [3, 13, 23], [5, 23, 24]}, {}],(15)=[{16, 22, 26, 42}, {[2, 22, 27], [3, 16, 20], [3, 22, 27], [3, 42, 44], [4, 16, 20], [4, 26, 27], [5, 20, 22]}, {}],(14)=[{20, 27, 44}, {[2, 20, 25], [5, 25, 27], [5, 43, 44]}, {}],(18)=[{15}, {[3, 15, 18], [5, 15, 17]}, {}],(16)=[{19, 21, 41}, {[2, 19, 42], [2, 21, 26], [4, 41, 42], [5, 41, 42]}, {}],(17)=[{17, 18}, {[2, 18, 41], [3, 17, 21], [4, 17, 21], [4, 18, 19], [5, 18, 19]}, {}]]) ], 

  [ [[1, 4, 5], [1, 3, 4], [1, 3, 5], [2, 4, 5], [3, 5], [3, 4], [2, 4], [2, 5], [2, 3], [2, 3, 5], [2, 4], [4, 5], [3, 4], [3, 5], [2, 4], [2, 4, 5], [2, 5], [2, 3, 5], [2, 3], [2, 4], [3, 5], [3, 4], [1, 4], [1, 4, 5], [1, 5], [1, 3], [1, 3, 5], [1, 3, 4], [1, 3, 5], [1, 4], [1, 2, 4], [1, 2, 4, 5], [1, 2, 5], [1, 2], [1, 2, 5], [1, 2, 4], [1, 3, 5], [1, 3], [1, 4], [1, 3, 5], [1, 3], [1, 3, 4], [2, 5], [2, 4], [2, 3, 5], [2, 3], [2, 4]], 
     {[2, 1, 4], [2, 2, 7], [2, 3, 8], [2, 9, 26], [2, 10, 27], [2, 11, 28], [2, 15, 23], [2, 16, 24], [2, 17, 25], [2, 18, 37], [2, 19, 38], [2, 20, 39], [2, 29, 43], [2, 30, 44], [2, 40, 45], [2, 41, 46], [2, 42, 47], [3, 2, 7], [3, 3, 8], [3, 4, 5], [3, 6, 11], [3, 13, 15], [3, 14, 16], [3, 17, 21], [3, 20, 22], [3, 26, 31], [3, 27, 32], [3, 28, 44], [3, 29, 43], [3, 33, 37], [3, 34, 38], [3, 35, 40], [3, 36, 41], [3, 42, 47], [4, 1, 3], [4, 4, 5], [4, 7, 9], [4, 10, 11], [4, 12, 14], [4, 15, 18], [4, 16, 21], [4, 19, 20], [4, 23, 26], [4, 24, 29], [4, 27, 30], [4, 31, 37], [4, 32, 40], [4, 36, 41], [4, 38, 39], [4, 44, 45], [4, 46, 47], [5, 2, 3], [5, 5, 6], [5, 7, 8], [5, 10, 11], [5, 13, 14], [5, 15, 17], [5, 18, 20], [5, 21, 22], [5, 23, 25], [5, 27, 28], [5, 29, 30], [5, 31, 33], [5, 35, 36], [5, 37, 39], [5, 40, 42], [5, 43, 44], [5, 45, 47]}, 
     [[1, 5, 3, 4, 5, 6, 6, 7, 4, 6, 2, 4], [1, 5, 3, 4, 5, 7, 4, 5, 2, 4, 5, 6], [1, 5, 3, 4, 5, 7, 4, 5, 5, 6, 2, 4], [1, 5, 5, 6, 3, 4, 6, 7, 4, 6, 2, 4], [1, 5, 5, 6, 6, 7, 3, 4, 4, 6, 2, 4], [1, 5, 5, 6, 6, 7, 3, 6, 2, 3, 3, 4], [1, 5, 5, 7, 3, 4, 4, 5, 2, 4, 5, 6], [1, 5, 5, 7, 3, 4, 4, 5, 5, 6, 2, 4], [1, 5, 5, 7, 3, 5, 2, 3, 3, 4, 5, 6], [1, 5, 5, 7, 3, 5, 2, 3, 5, 6, 3, 4], [1, 5, 5, 7, 3, 5, 5, 6, 2, 3, 3, 4], [3, 4, 1, 5, 5, 6, 6, 7, 4, 6, 2, 4], [3, 4, 1, 5, 5, 7, 4, 5, 2, 4, 5, 6], [3, 4, 1, 5, 5, 7, 4, 5, 5, 6, 2, 4], [3, 4, 4, 5, 1, 4, 4, 7, 2, 4, 5, 6], [3, 4, 4, 5, 1, 4, 4, 7, 5, 6, 2, 4], [3, 4, 4, 5, 1, 4, 5, 6, 4, 7, 2, 4], [3, 4, 4, 5, 2, 4, 1, 2, 2, 7, 5, 6], [3, 4, 4, 5, 2, 4, 1, 2, 5, 6, 2, 7], [3, 4, 4, 5, 2, 4, 5, 6, 1, 2, 2, 7], [3, 4, 4, 5, 5, 6, 1, 4, 4, 7, 2, 4], [3, 4, 4, 5, 5, 6, 2, 4, 1, 2, 2, 7], [3, 5, 1, 3, 3, 4, 4, 7, 2, 4, 5, 6], [3, 5, 1, 3, 3, 4, 4, 7, 5, 6, 2, 4], [3, 5, 1, 3, 3, 4, 5, 6, 4, 7, 2, 4], [3, 5, 1, 3, 3, 7, 2, 3, 3, 4, 5, 6], [3, 5, 1, 3, 3, 7, 2, 3, 5, 6, 3, 4], [3, 5, 1, 3, 3, 7, 5, 6, 2, 3, 3, 4], [3, 5, 1, 3, 5, 6, 3, 4, 4, 7, 2, 4], [3, 5, 1, 3, 5, 6, 3, 7, 2, 3, 3, 4], [3, 5, 2, 3, 1, 2, 2, 7, 3, 4, 5, 6], [3, 5, 2, 3, 1, 2, 2, 7, 5, 6, 3, 4], [3, 5, 2, 3, 1, 2, 3, 4, 2, 7, 5, 6], [3, 5, 2, 3, 1, 2, 3, 4, 5, 6, 2, 7], [3, 5, 2, 3, 1, 2, 5, 6, 2, 7, 3, 4], [3, 5, 2, 3, 1, 2, 5, 6, 3, 4, 2, 7], [3, 5, 2, 3, 3, 4, 1, 2, 2, 7, 5, 6], [3, 5, 2, 3, 3, 4, 1, 2, 5, 6, 2, 7], [3, 5, 2, 3, 3, 4, 5, 6, 1, 2, 2, 7], [3, 5, 2, 3, 5, 6, 1, 2, 2, 7, 3, 4], [3, 5, 2, 3, 5, 6, 1, 2, 3, 4, 2, 7], [3, 5, 2, 3, 5, 6, 3, 4, 1, 2, 2, 7], [3, 5, 5, 6, 1, 3, 3, 4, 4, 7, 2, 4], [3, 5, 5, 6, 1, 3, 3, 7, 2, 3, 3, 4], [3, 5, 5, 6, 2, 3, 1, 2, 2, 7, 3, 4], [3, 5, 5, 6, 2, 3, 1, 2, 3, 4, 2, 7], [3, 5, 5, 6, 2, 3, 3, 4, 1, 2, 2, 7]], 
     table([(0)=[{34}, {}, {}],(1)=[{38}, {[3, 34, 38]}, {}],(2)=[{19, 39}, {[2, 19, 38], [4, 38, 39]}, {}],(3)=[{20, 37}, {[2, 20, 39], [4, 19, 20], [5, 37, 39]}, {}],(4)=[{18, 22, 31, 33}, {[2, 18, 37], [3, 20, 22], [3, 33, 37], [4, 31, 37], [5, 18, 20]}, {[5, 31, 33]}],(5)=[{15, 21, 26}, {[3, 26, 31], [4, 15, 18], [5, 21, 22]}, {}],(6)=[{9, 13, 16, 17, 23}, {[2, 9, 26], [2, 15, 23], [3, 13, 15], [3, 17, 21], [4, 16, 21], [4, 23, 26], [5, 15, 17]}, {}],(7)=[{7, 14, 24, 25}, {[2, 16, 24], [2, 17, 25], [3, 14, 16], [4, 7, 9], [5, 13, 14], [5, 23, 25]}, {}],(9)=[{3, 30, 43}, {[2, 3, 8], [2, 29, 43], [3, 3, 8], [3, 29, 43], [5, 2, 3], [5, 29, 30]}, {}],(8)=[{2, 8, 12, 29}, {[2, 2, 7], [3, 2, 7], [4, 12, 14], [4, 24, 29], [5, 7, 8]}, {}],(11)=[{4, 10, 28, 32, 45}, {[2, 1, 4], [2, 10, 27], [3, 27, 32], [3, 28, 44], [4, 44, 45], [5, 27, 28]}, {}],(10)=[{1, 27, 44}, {[2, 30, 44], [4, 1, 3], [4, 27, 30], [5, 43, 44]}, {}],(13)=[{6, 35, 42, 46}, {[2, 42, 47], [3, 6, 11], [3, 35, 40], [3, 42, 47], [4, 46, 47], [5, 5, 6], [5, 40, 42]}, {}],(12)=[{5, 11, 40, 47}, {[2, 11, 28], [2, 40, 45], [3, 4, 5], [4, 4, 5], [4, 10, 11], [4, 32, 40], [5, 10, 11], [5, 45, 47]}, {}],(14)=[{36, 41}, {[2, 41, 46], [5, 35, 36]}, {[3, 36, 41], [4, 36, 41]}]]) ], 

 NULL]:
