Isomorphism_Classes[6,45]:=[

#################################################################
### The symmetric function = s[5, 1] + s[4, 2] + s[4, 1, 1] + s[3, 3] + s[3, 2, 1]   has 1 graph isomorphism type.

  [ [[4, 5], [3, 4], [3, 5], [2, 3], [2, 4], [2, 5], [1, 3], [1, 3, 4], [1, 3, 5], [1, 4], [1, 5], [1], [1, 4], [1, 4, 5], [1, 3, 5], [1, 3], [1, 5], [1, 4], [1, 2, 4], [1, 2, 5], [1, 2], [1, 3, 5], [1, 3], [1, 4], [2, 4], [2, 4, 5], [2, 5], [2], [2, 5], [2, 4], [2, 3, 5], [2, 3], [2, 4], [3, 5], [3], [3, 4], [5], [4], [3], [2, 4], [2, 5], [2], [3, 5], [3], [4]], 
     {[2, 4, 7], [2, 5, 8], [2, 6, 9], [2, 10, 40], [2, 11, 41], [2, 12, 42], [2, 13, 25], [2, 14, 26], [2, 15, 27], [2, 16, 28], [2, 17, 29], [2, 18, 30], [2, 22, 31], [2, 23, 32], [2, 24, 33], [3, 2, 5], [3, 3, 6], [3, 7, 19], [3, 8, 25], [3, 9, 26], [3, 15, 27], [3, 16, 28], [3, 20, 22], [3, 21, 23], [3, 29, 34], [3, 30, 35], [3, 33, 36], [3, 39, 40], [3, 41, 43], [3, 42, 44], [4, 1, 3], [4, 4, 5], [4, 7, 10], [4, 9, 14], [4, 13, 15], [4, 16, 18], [4, 19, 22], [4, 23, 24], [4, 25, 31], [4, 26, 34], [4, 30, 35], [4, 32, 33], [4, 38, 39], [4, 40, 43], [4, 44, 45], [5, 2, 3], [5, 5, 6], [5, 8, 9], [5, 10, 11], [5, 13, 15], [5, 17, 18], [5, 19, 20], [5, 22, 24], [5, 25, 27], [5, 29, 30], [5, 31, 33], [5, 34, 36], [5, 37, 38], [5, 40, 41], [5, 43, 45]}, 
     [[1, 5, 5, 6, 6, 7, 7, 8, 2, 7, 3, 4], [1, 5, 5, 6, 6, 8, 2, 6, 3, 4, 6, 7], [1, 5, 5, 6, 6, 8, 2, 6, 6, 7, 3, 4], [1, 5, 5, 8, 2, 5, 3, 4, 5, 6, 6, 7], [1, 5, 5, 8, 2, 5, 5, 6, 3, 4, 6, 7], [1, 5, 5, 8, 2, 5, 5, 6, 6, 7, 3, 4], [2, 5, 1, 2, 2, 8, 3, 4, 5, 6, 6, 7], [2, 5, 1, 2, 2, 8, 5, 6, 3, 4, 6, 7], [2, 5, 1, 2, 2, 8, 5, 6, 6, 7, 3, 4], [2, 5, 1, 2, 3, 4, 2, 8, 5, 6, 6, 7], [2, 5, 1, 2, 3, 4, 5, 6, 2, 8, 6, 7], [2, 5, 1, 2, 3, 4, 5, 6, 6, 7, 2, 8], [2, 5, 1, 2, 5, 6, 2, 8, 3, 4, 6, 7], [2, 5, 1, 2, 5, 6, 2, 8, 6, 7, 3, 4], [2, 5, 1, 2, 5, 6, 3, 4, 2, 8, 6, 7], [2, 5, 1, 2, 5, 6, 3, 4, 6, 7, 2, 8], [2, 5, 1, 2, 5, 6, 6, 7, 2, 8, 3, 4], [2, 5, 1, 2, 5, 6, 6, 7, 3, 4, 2, 8], [2, 5, 3, 4, 1, 2, 2, 8, 5, 6, 6, 7], [2, 5, 3, 4, 1, 2, 5, 6, 2, 8, 6, 7], [2, 5, 3, 4, 1, 2, 5, 6, 6, 7, 2, 8], [2, 5, 3, 4, 5, 6, 1, 2, 2, 8, 6, 7], [2, 5, 3, 4, 5, 6, 1, 2, 6, 7, 2, 8], [2, 5, 3, 4, 5, 6, 6, 7, 1, 2, 2, 8], [2, 5, 5, 6, 1, 2, 2, 8, 3, 4, 6, 7], [2, 5, 5, 6, 1, 2, 2, 8, 6, 7, 3, 4], [2, 5, 5, 6, 1, 2, 3, 4, 2, 8, 6, 7], [2, 5, 5, 6, 1, 2, 3, 4, 6, 7, 2, 8], [2, 5, 5, 6, 1, 2, 6, 7, 2, 8, 3, 4], [2, 5, 5, 6, 1, 2, 6, 7, 3, 4, 2, 8], [2, 5, 5, 6, 3, 4, 1, 2, 2, 8, 6, 7], [2, 5, 5, 6, 3, 4, 1, 2, 6, 7, 2, 8], [2, 5, 5, 6, 3, 4, 6, 7, 1, 2, 2, 8], [2, 5, 5, 6, 6, 7, 1, 2, 2, 8, 3, 4], [2, 5, 5, 6, 6, 7, 1, 2, 3, 4, 2, 8], [2, 5, 5, 6, 6, 7, 3, 4, 1, 2, 2, 8], [3, 4, 1, 5, 5, 6, 6, 7, 7, 8, 2, 7], [3, 4, 1, 5, 5, 6, 6, 8, 2, 6, 6, 7], [3, 4, 1, 5, 5, 8, 2, 5, 5, 6, 6, 7], [3, 4, 2, 5, 1, 2, 2, 8, 5, 6, 6, 7], [3, 4, 2, 5, 1, 2, 5, 6, 2, 8, 6, 7], [3, 4, 2, 5, 1, 2, 5, 6, 6, 7, 2, 8], [3, 4, 2, 5, 5, 6, 1, 2, 2, 8, 6, 7], [3, 4, 2, 5, 5, 6, 1, 2, 6, 7, 2, 8], [3, 4, 2, 5, 5, 6, 6, 7, 1, 2, 2, 8]], 
     table([(0)=[{12}, {}, {}],(1)=[{42}, {[2, 12, 42]}, {}],(2)=[{44}, {[3, 42, 44]}, {}],(3)=[{45}, {[4, 44, 45]}, {}],(4)=[{43}, {[5, 43, 45]}, {}],(5)=[{40, 41}, {[3, 41, 43], [4, 40, 43]}, {[5, 40, 41]}],(6)=[{10, 11, 39}, {[2, 10, 40], [2, 11, 41], [3, 39, 40]}, {[5, 10, 11]}],(7)=[{7, 38}, {[4, 7, 10], [4, 38, 39]}, {}],(9)=[{5, 20, 22}, {[4, 4, 5], [4, 19, 22], [5, 19, 20]}, {[3, 20, 22]}],(8)=[{4, 19, 37}, {[2, 4, 7], [3, 7, 19], [5, 37, 38]}, {}],(11)=[{3, 9, 23, 25, 33}, {[2, 6, 9], [2, 24, 33], [3, 3, 6], [3, 8, 25], [4, 23, 24], [4, 25, 31], [5, 2, 3], [5, 8, 9], [5, 31, 33]}, {}],(10)=[{2, 6, 8, 24, 31}, {[2, 5, 8], [2, 22, 31], [3, 2, 5], [5, 5, 6], [5, 22, 24]}, {}],(13)=[{15, 34}, {[2, 15, 27], [3, 15, 27], [4, 13, 15], [4, 26, 34], [5, 13, 15], [5, 34, 36]}, {}],(12)=[{1, 13, 14, 21, 26, 27, 32, 36}, {[2, 13, 25], [2, 23, 32], [3, 9, 26], [3, 21, 23], [3, 33, 36], [4, 1, 3], [4, 9, 14], [4, 32, 33], [5, 25, 27]}, {[2, 14, 26]}],(15)=[{17, 30}, {[2, 17, 29], [5, 29, 30]}, {}],(14)=[{29}, {[3, 29, 34]}, {}],(18)=[{28}, {[2, 16, 28], [3, 16, 28]}, {}],(16)=[{18, 35}, {[2, 18, 30], [3, 30, 35], [4, 30, 35], [5, 17, 18]}, {}],(17)=[{16}, {[4, 16, 18]}, {}]]) ], 

#################################################################
### The symmetric function = s[3, 2, 1] + s[2, 2, 2] + s[3, 1, 1, 1] + s[2, 2, 1, 1] + s[2, 1, 1, 1, 1]   has 1 graph isomorphism type.

  [ [[2, 3, 4, 5], [1, 4, 5], [1, 3, 5], [1, 3, 4, 5], [1, 3, 4], [1, 2, 4, 5], [1, 3, 5], [1, 3, 4], [1, 2, 5], [1, 2, 4, 5], [1, 2, 4], [1, 2, 3, 5], [1, 2, 4], [1, 2, 3, 5], [1, 2, 3], [1, 2, 3, 4], [3, 4, 5], [2, 4, 5], [2, 3, 5], [2, 3, 4], [2, 4, 5], [3, 5], [3, 4], [2, 3, 5], [2, 4], [1, 3, 4, 5], [2, 5], [2, 4, 5], [2, 4], [2, 3, 5], [2, 4], [2, 3, 5], [2, 3], [2, 3, 4], [1, 4, 5], [1, 3, 5], [1, 3, 4], [1, 3, 5], [1, 4], [1, 2, 4, 5], [1, 3, 5], [1, 3], [1, 3, 4], [1, 2, 5], [1, 2, 4]], 
     {[2, 1, 26], [2, 2, 18], [2, 3, 27], [2, 4, 28], [2, 5, 29], [2, 7, 19], [2, 8, 20], [2, 21, 35], [2, 24, 38], [2, 25, 39], [2, 30, 36], [2, 31, 37], [2, 32, 41], [2, 33, 42], [2, 34, 43], [3, 3, 9], [3, 4, 10], [3, 5, 11], [3, 6, 7], [3, 8, 13], [3, 17, 21], [3, 18, 22], [3, 23, 25], [3, 26, 40], [3, 27, 36], [3, 28, 41], [3, 29, 42], [3, 31, 37], [3, 38, 44], [3, 43, 45], [4, 2, 3], [4, 6, 7], [4, 10, 14], [4, 11, 15], [4, 12, 13], [4, 18, 19], [4, 21, 24], [4, 22, 25], [4, 28, 32], [4, 29, 33], [4, 30, 31], [4, 35, 38], [4, 36, 39], [4, 40, 41], [4, 42, 45], [5, 3, 5], [5, 7, 8], [5, 9, 11], [5, 12, 13], [5, 14, 16], [5, 19, 20], [5, 22, 23], [5, 24, 25], [5, 27, 29], [5, 30, 31], [5, 32, 34], [5, 36, 37], [5, 38, 39], [5, 41, 43], [5, 44, 45]}, 
     [[2, 5, 5, 9, 7, 8, 6, 7, 1, 5, 3, 4], [2, 9, 1, 2, 3, 4, 7, 8, 6, 7, 2, 5], [2, 9, 1, 2, 7, 8, 3, 4, 6, 7, 2, 5], [2, 9, 1, 2, 7, 8, 6, 7, 2, 5, 3, 4], [2, 9, 1, 2, 7, 8, 6, 7, 3, 4, 2, 5], [2, 9, 3, 4, 1, 2, 7, 8, 6, 7, 2, 5], [2, 9, 3, 4, 7, 8, 1, 2, 6, 7, 2, 5], [2, 9, 3, 4, 7, 8, 6, 7, 1, 2, 2, 5], [2, 9, 7, 8, 1, 2, 3, 4, 6, 7, 2, 5], [2, 9, 7, 8, 1, 2, 6, 7, 2, 5, 3, 4], [2, 9, 7, 8, 1, 2, 6, 7, 3, 4, 2, 5], [2, 9, 7, 8, 3, 4, 1, 2, 6, 7, 2, 5], [2, 9, 7, 8, 3, 4, 6, 7, 1, 2, 2, 5], [2, 9, 7, 8, 6, 7, 1, 2, 2, 5, 3, 4], [2, 9, 7, 8, 6, 7, 1, 2, 3, 4, 2, 5], [2, 9, 7, 8, 6, 7, 3, 4, 1, 2, 2, 5], [3, 4, 2, 5, 5, 9, 7, 8, 6, 7, 1, 5], [3, 4, 2, 9, 1, 2, 7, 8, 6, 7, 2, 5], [3, 4, 2, 9, 7, 8, 1, 2, 6, 7, 2, 5], [3, 4, 2, 9, 7, 8, 6, 7, 1, 2, 2, 5], [3, 4, 7, 8, 2, 5, 5, 9, 6, 7, 1, 5], [3, 4, 7, 8, 2, 9, 1, 2, 6, 7, 2, 5], [3, 4, 7, 8, 2, 9, 6, 7, 1, 2, 2, 5], [3, 4, 7, 8, 6, 7, 2, 5, 5, 9, 1, 5], [3, 4, 7, 8, 6, 7, 2, 9, 1, 2, 2, 5], [7, 8, 2, 5, 5, 9, 6, 7, 1, 5, 3, 4], [7, 8, 2, 9, 1, 2, 3, 4, 6, 7, 2, 5], [7, 8, 2, 9, 1, 2, 6, 7, 2, 5, 3, 4], [7, 8, 2, 9, 1, 2, 6, 7, 3, 4, 2, 5], [7, 8, 2, 9, 3, 4, 1, 2, 6, 7, 2, 5], [7, 8, 2, 9, 3, 4, 6, 7, 1, 2, 2, 5], [7, 8, 2, 9, 6, 7, 1, 2, 2, 5, 3, 4], [7, 8, 2, 9, 6, 7, 1, 2, 3, 4, 2, 5], [7, 8, 2, 9, 6, 7, 3, 4, 1, 2, 2, 5], [7, 8, 3, 4, 2, 5, 5, 9, 6, 7, 1, 5], [7, 8, 3, 4, 2, 9, 1, 2, 6, 7, 2, 5], [7, 8, 3, 4, 2, 9, 6, 7, 1, 2, 2, 5], [7, 8, 3, 4, 6, 7, 2, 5, 5, 9, 1, 5], [7, 8, 3, 4, 6, 7, 2, 9, 1, 2, 2, 5], [7, 8, 6, 7, 2, 5, 5, 9, 1, 5, 3, 4], [7, 8, 6, 7, 2, 9, 1, 2, 2, 5, 3, 4], [7, 8, 6, 7, 2, 9, 1, 2, 3, 4, 2, 5], [7, 8, 6, 7, 2, 9, 3, 4, 1, 2, 2, 5], [7, 8, 6, 7, 3, 4, 2, 5, 5, 9, 1, 5], [7, 8, 6, 7, 3, 4, 2, 9, 1, 2, 2, 5]], 
     table([(0)=[{15}, {}, {}],(1)=[{11}, {[4, 11, 15]}, {}],(2)=[{5, 9}, {[3, 5, 11], [5, 9, 11]}, {}],(3)=[{3, 29}, {[2, 5, 29], [3, 3, 9], [5, 3, 5]}, {}],(4)=[{2, 27, 33, 42}, {[2, 3, 27], [3, 29, 42], [4, 2, 3], [4, 29, 33], [5, 27, 29]}, {[2, 33, 42]}],(5)=[{18, 36, 45}, {[2, 2, 18], [3, 27, 36], [4, 42, 45]}, {}],(6)=[{19, 22, 30, 37, 39, 43, 44}, {[2, 30, 36], [3, 18, 22], [3, 43, 45], [4, 18, 19], [4, 36, 39], [5, 36, 37], [5, 44, 45]}, {}],(7)=[{7, 20, 23, 25, 31, 34, 38, 41}, {[2, 7, 19], [2, 25, 39], [2, 31, 37], [2, 34, 43], [3, 31, 37], [3, 38, 44], [4, 22, 25], [4, 30, 31], [5, 19, 20], [5, 22, 23], [5, 30, 31], [5, 38, 39], [5, 41, 43]}, {[3, 23, 25]}],(9)=[{4, 13, 21, 26}, {[2, 4, 28], [2, 21, 35], [3, 8, 13], [3, 26, 40], [4, 21, 24]}, {}],(8)=[{6, 8, 24, 28, 32, 35, 40}, {[2, 8, 20], [2, 24, 38], [2, 32, 41], [3, 6, 7], [3, 28, 41], [4, 6, 7], [4, 35, 38], [4, 40, 41], [5, 7, 8], [5, 24, 25], [5, 32, 34]}, {[4, 28, 32]}],(11)=[{14}, {[4, 10, 14]}, {}],(10)=[{1, 10, 12, 17}, {[2, 1, 26], [3, 4, 10], [3, 17, 21], [4, 12, 13], [5, 12, 13]}, {}],(12)=[{16}, {[5, 14, 16]}, {}]]) ], 

#################################################################
### The symmetric function = s[4, 2] + s[4, 1, 1] + s[3, 2, 1] + s[3, 1, 1, 1]   has 1 graph isomorphism type.

  [ [[3, 4, 5], [2, 3, 5], [2, 4], [2, 4, 5], [2, 3, 4], [2, 3, 5], [2, 4, 5], [3, 4], [3, 5], [1, 3, 5], [1, 4], [1, 4, 5], [1, 5], [1, 4], [1, 3, 4], [1, 3, 5], [1, 3], [1, 2, 5], [1, 2, 4], [1, 3], [1, 2, 4], [1, 2, 5], [1, 2], [1, 2, 3], [4, 5], [3, 5], [3, 4], [3, 5], [4], [2, 5], [2, 4], [2, 3], [2, 5], [2, 4], [3], [1, 4, 5], [1, 3, 4], [1, 3, 5], [2, 4], [2, 5], [2], [2, 3], [1, 5], [1, 4], [1, 3]], 
     {[2, 2, 10], [2, 3, 11], [2, 4, 12], [2, 5, 37], [2, 6, 38], [2, 7, 36], [2, 13, 30], [2, 14, 31], [2, 15, 39], [2, 16, 40], [2, 17, 41], [2, 20, 32], [2, 33, 43], [2, 34, 44], [2, 42, 45], [3, 1, 7], [3, 3, 8], [3, 4, 9], [3, 10, 18], [3, 15, 21], [3, 16, 22], [3, 17, 23], [3, 19, 20], [3, 26, 30], [3, 27, 34], [3, 28, 33], [3, 31, 35], [3, 37, 39], [3, 38, 40], [3, 41, 45], [4, 2, 3], [4, 4, 6], [4, 7, 9], [4, 10, 11], [4, 12, 16], [4, 14, 17], [4, 19, 20], [4, 21, 24], [4, 25, 28], [4, 26, 29], [4, 31, 32], [4, 34, 35], [4, 36, 38], [4, 39, 42], [4, 44, 45], [5, 2, 3], [5, 5, 6], [5, 8, 9], [5, 10, 11], [5, 13, 14], [5, 15, 16], [5, 18, 19], [5, 21, 22], [5, 26, 27], [5, 28, 29], [5, 30, 31], [5, 33, 34], [5, 37, 38], [5, 39, 40], [5, 43, 44]}, 
     [[2, 5, 5, 6, 6, 9, 7, 8, 1, 6, 3, 4], [2, 5, 5, 9, 1, 5, 3, 4, 7, 8, 5, 6], [2, 5, 5, 9, 1, 5, 7, 8, 3, 4, 5, 6], [2, 5, 5, 9, 1, 5, 7, 8, 5, 6, 3, 4], [2, 5, 5, 9, 7, 8, 1, 5, 3, 4, 5, 6], [2, 5, 5, 9, 7, 8, 1, 5, 5, 6, 3, 4], [2, 5, 7, 8, 5, 6, 6, 9, 1, 6, 3, 4], [2, 5, 7, 8, 5, 9, 1, 5, 3, 4, 5, 6], [2, 5, 7, 8, 5, 9, 1, 5, 5, 6, 3, 4], [2, 9, 1, 2, 2, 5, 3, 4, 7, 8, 5, 6], [2, 9, 1, 2, 2, 5, 7, 8, 3, 4, 5, 6], [2, 9, 1, 2, 2, 5, 7, 8, 5, 6, 3, 4], [2, 9, 1, 2, 3, 4, 2, 5, 7, 8, 5, 6], [2, 9, 1, 2, 3, 4, 7, 8, 2, 5, 5, 6], [2, 9, 1, 2, 7, 8, 2, 5, 3, 4, 5, 6], [2, 9, 1, 2, 7, 8, 2, 5, 5, 6, 3, 4], [2, 9, 1, 2, 7, 8, 3, 4, 2, 5, 5, 6], [2, 9, 3, 4, 1, 2, 2, 5, 7, 8, 5, 6], [2, 9, 3, 4, 1, 2, 7, 8, 2, 5, 5, 6], [2, 9, 3, 4, 7, 8, 1, 2, 2, 5, 5, 6], [2, 9, 7, 8, 1, 2, 2, 5, 3, 4, 5, 6], [2, 9, 7, 8, 1, 2, 2, 5, 5, 6, 3, 4], [2, 9, 7, 8, 1, 2, 3, 4, 2, 5, 5, 6], [2, 9, 7, 8, 3, 4, 1, 2, 2, 5, 5, 6], [3, 4, 2, 5, 5, 6, 6, 9, 7, 8, 1, 6], [3, 4, 2, 5, 5, 9, 1, 5, 7, 8, 5, 6], [3, 4, 2, 5, 5, 9, 7, 8, 1, 5, 5, 6], [3, 4, 2, 5, 7, 8, 5, 6, 6, 9, 1, 6], [3, 4, 2, 5, 7, 8, 5, 9, 1, 5, 5, 6], [3, 4, 2, 9, 1, 2, 2, 5, 7, 8, 5, 6], [3, 4, 2, 9, 1, 2, 7, 8, 2, 5, 5, 6], [3, 4, 2, 9, 7, 8, 1, 2, 2, 5, 5, 6], [3, 4, 7, 8, 2, 5, 5, 6, 6, 9, 1, 6], [3, 4, 7, 8, 2, 5, 5, 9, 1, 5, 5, 6], [3, 4, 7, 8, 2, 9, 1, 2, 2, 5, 5, 6], [7, 8, 2, 5, 5, 6, 6, 9, 1, 6, 3, 4], [7, 8, 2, 5, 5, 9, 1, 5, 3, 4, 5, 6], [7, 8, 2, 5, 5, 9, 1, 5, 5, 6, 3, 4], [7, 8, 2, 9, 1, 2, 2, 5, 3, 4, 5, 6], [7, 8, 2, 9, 1, 2, 2, 5, 5, 6, 3, 4], [7, 8, 2, 9, 1, 2, 3, 4, 2, 5, 5, 6], [7, 8, 2, 9, 3, 4, 1, 2, 2, 5, 5, 6], [7, 8, 3, 4, 2, 5, 5, 6, 6, 9, 1, 6], [7, 8, 3, 4, 2, 5, 5, 9, 1, 5, 5, 6], [7, 8, 3, 4, 2, 9, 1, 2, 2, 5, 5, 6]], 
     table([(0)=[{23}, {}, {}],(1)=[{17}, {[3, 17, 23]}, {}],(2)=[{14, 41}, {[2, 17, 41], [4, 14, 17]}, {}],(3)=[{13, 31, 45}, {[2, 14, 31], [3, 41, 45], [5, 13, 14]}, {}],(4)=[{30, 32, 35, 42, 44}, {[2, 13, 30], [2, 42, 45], [3, 31, 35], [4, 31, 32], [4, 44, 45], [5, 30, 31]}, {}],(5)=[{20, 26, 34, 39, 43}, {[2, 20, 32], [2, 34, 44], [3, 26, 30], [4, 34, 35], [4, 39, 42], [5, 43, 44]}, {}],(6)=[{15, 19, 27, 29, 33, 37, 40}, {[2, 15, 39], [2, 33, 43], [3, 19, 20], [3, 27, 34], [3, 37, 39], [4, 19, 20], [4, 26, 29], [5, 26, 27], [5, 33, 34], [5, 39, 40]}, {}],(7)=[{5, 16, 18, 21, 28, 38}, {[2, 5, 37], [2, 16, 40], [3, 15, 21], [3, 28, 33], [3, 38, 40], [5, 15, 16], [5, 18, 19], [5, 28, 29], [5, 37, 38]}, {}],(9)=[{2, 4, 7, 11}, {[2, 2, 10], [2, 4, 12], [2, 7, 36], [4, 4, 6], [4, 10, 11], [5, 10, 11]}, {}],(8)=[{6, 10, 12, 22, 24, 25, 36}, {[2, 6, 38], [3, 10, 18], [3, 16, 22], [4, 12, 16], [4, 21, 24], [4, 25, 28], [4, 36, 38], [5, 5, 6], [5, 21, 22]}, {}],(11)=[{8}, {[3, 3, 8], [5, 8, 9]}, {}],(10)=[{1, 3, 9}, {[2, 3, 11], [3, 1, 7], [3, 4, 9], [4, 2, 3], [4, 7, 9], [5, 2, 3]}, {}]]) ], 

#################################################################
### The symmetric function = s[4, 1, 1] + s[3, 2, 1] + s[3, 1, 1, 1] + s[2, 2, 1, 1]   has 1 graph isomorphism type.

  [ [[2, 3, 4], [2, 3, 5], [2, 4, 5], [3, 4, 5], [3, 4], [3, 5], [4, 5], [2, 4], [2, 4, 5], [2, 5], [2, 3, 5], [2, 3], [2, 4], [3, 5], [3, 4], [1, 3, 4], [1, 3, 5], [1, 3, 4, 5], [1, 4, 5], [1, 2, 4], [1, 2, 4, 5], [1, 2, 5], [1, 2], [1, 2, 5], [1, 2, 4], [1, 2, 3, 5], [1, 2, 3], [1, 2, 4], [1, 3, 5], [1, 3], [1, 3, 4], [1, 4], [1, 4, 5], [1, 5], [1, 3, 5], [1, 3], [1, 4], [1, 3, 5], [1, 3, 4], [2, 4, 5], [2, 3, 5], [2, 3], [2, 3, 4], [2, 5], [2, 4]], 
     {[2, 1, 16], [2, 2, 17], [2, 3, 18], [2, 8, 32], [2, 9, 33], [2, 10, 34], [2, 11, 35], [2, 12, 36], [2, 13, 37], [2, 19, 40], [2, 29, 41], [2, 30, 42], [2, 31, 43], [2, 38, 44], [2, 39, 45], [3, 3, 4], [3, 5, 8], [3, 6, 9], [3, 10, 14], [3, 13, 15], [3, 16, 20], [3, 17, 21], [3, 18, 40], [3, 22, 35], [3, 23, 36], [3, 24, 29], [3, 25, 30], [3, 28, 31], [3, 38, 44], [3, 39, 45], [4, 2, 3], [4, 6, 7], [4, 8, 11], [4, 9, 14], [4, 12, 13], [4, 17, 19], [4, 20, 26], [4, 21, 29], [4, 25, 30], [4, 27, 28], [4, 32, 35], [4, 33, 38], [4, 36, 37], [4, 40, 41], [4, 42, 45], [5, 1, 2], [5, 5, 6], [5, 8, 10], [5, 11, 13], [5, 14, 15], [5, 16, 17], [5, 20, 22], [5, 24, 25], [5, 26, 28], [5, 29, 31], [5, 32, 34], [5, 35, 37], [5, 38, 39], [5, 41, 43], [5, 44, 45]}, 
     [[1, 5, 5, 9, 6, 7, 2, 5, 3, 4, 7, 8], [1, 5, 5, 9, 6, 7, 2, 5, 7, 8, 3, 4], [1, 5, 5, 9, 6, 7, 7, 8, 2, 5, 3, 4], [1, 5, 6, 7, 5, 9, 7, 8, 2, 5, 3, 4], [3, 4, 1, 5, 5, 9, 6, 7, 2, 5, 7, 8], [3, 4, 1, 5, 5, 9, 6, 7, 7, 8, 2, 5], [3, 4, 1, 5, 6, 7, 5, 9, 7, 8, 2, 5], [3, 4, 6, 7, 1, 5, 5, 9, 2, 5, 7, 8], [3, 4, 6, 7, 1, 5, 5, 9, 7, 8, 2, 5], [3, 4, 6, 7, 1, 5, 7, 8, 5, 9, 2, 5], [3, 4, 6, 7, 2, 5, 1, 2, 2, 9, 7, 8], [3, 4, 6, 7, 2, 5, 1, 2, 7, 8, 2, 9], [3, 4, 6, 7, 2, 5, 7, 8, 1, 2, 2, 9], [3, 4, 6, 7, 7, 8, 1, 5, 5, 9, 2, 5], [3, 4, 6, 7, 7, 8, 2, 5, 1, 2, 2, 9], [6, 7, 1, 5, 5, 9, 2, 5, 3, 4, 7, 8], [6, 7, 1, 5, 5, 9, 2, 5, 7, 8, 3, 4], [6, 7, 1, 5, 5, 9, 7, 8, 2, 5, 3, 4], [6, 7, 1, 5, 7, 8, 5, 9, 2, 5, 3, 4], [6, 7, 2, 5, 1, 2, 2, 9, 3, 4, 7, 8], [6, 7, 2, 5, 1, 2, 2, 9, 7, 8, 3, 4], [6, 7, 2, 5, 1, 2, 3, 4, 2, 9, 7, 8], [6, 7, 2, 5, 1, 2, 3, 4, 7, 8, 2, 9], [6, 7, 2, 5, 1, 2, 7, 8, 2, 9, 3, 4], [6, 7, 2, 5, 1, 2, 7, 8, 3, 4, 2, 9], [6, 7, 2, 5, 3, 4, 1, 2, 2, 9, 7, 8], [6, 7, 2, 5, 3, 4, 1, 2, 7, 8, 2, 9], [6, 7, 2, 5, 3, 4, 7, 8, 1, 2, 2, 9], [6, 7, 2, 5, 7, 8, 1, 2, 2, 9, 3, 4], [6, 7, 2, 5, 7, 8, 1, 2, 3, 4, 2, 9], [6, 7, 2, 5, 7, 8, 3, 4, 1, 2, 2, 9], [6, 7, 3, 4, 1, 5, 5, 9, 2, 5, 7, 8], [6, 7, 3, 4, 1, 5, 5, 9, 7, 8, 2, 5], [6, 7, 3, 4, 1, 5, 7, 8, 5, 9, 2, 5], [6, 7, 3, 4, 2, 5, 1, 2, 2, 9, 7, 8], [6, 7, 3, 4, 2, 5, 1, 2, 7, 8, 2, 9], [6, 7, 3, 4, 2, 5, 7, 8, 1, 2, 2, 9], [6, 7, 3, 4, 7, 8, 1, 5, 5, 9, 2, 5], [6, 7, 3, 4, 7, 8, 2, 5, 1, 2, 2, 9], [6, 7, 7, 8, 1, 5, 5, 9, 2, 5, 3, 4], [6, 7, 7, 8, 2, 5, 1, 2, 2, 9, 3, 4], [6, 7, 7, 8, 2, 5, 1, 2, 3, 4, 2, 9], [6, 7, 7, 8, 2, 5, 3, 4, 1, 2, 2, 9], [6, 7, 7, 8, 3, 4, 1, 5, 5, 9, 2, 5], [6, 7, 7, 8, 3, 4, 2, 5, 1, 2, 2, 9]], 
     table([(0)=[{23}, {}, {}],(1)=[{36}, {[3, 23, 36]}, {}],(2)=[{12, 37}, {[2, 12, 36], [4, 36, 37]}, {}],(3)=[{13, 35}, {[2, 13, 37], [4, 12, 13], [5, 35, 37]}, {}],(4)=[{11, 15, 22, 32}, {[2, 11, 35], [3, 13, 15], [3, 22, 35], [4, 32, 35], [5, 11, 13]}, {}],(5)=[{8, 14, 20, 34}, {[2, 8, 32], [4, 8, 11], [5, 14, 15], [5, 20, 22], [5, 32, 34]}, {}],(6)=[{5, 9, 10, 16, 26}, {[2, 10, 34], [3, 5, 8], [3, 10, 14], [3, 16, 20], [4, 9, 14], [4, 20, 26], [5, 8, 10]}, {}],(7)=[{1, 6, 17, 28, 33}, {[2, 1, 16], [2, 9, 33], [3, 6, 9], [5, 5, 6], [5, 16, 17], [5, 26, 28]}, {}],(9)=[{3, 29, 39, 40, 43, 44}, {[2, 19, 40], [2, 31, 43], [2, 38, 44], [3, 38, 44], [4, 2, 3], [4, 21, 29], [5, 29, 31], [5, 38, 39]}, {}],(8)=[{2, 7, 19, 21, 27, 31, 38}, {[2, 2, 17], [3, 17, 21], [3, 28, 31], [4, 6, 7], [4, 17, 19], [4, 27, 28], [4, 33, 38], [5, 1, 2]}, {}],(11)=[{25, 42}, {[4, 42, 45], [5, 24, 25]}, {}],(10)=[{4, 18, 24, 41, 45}, {[2, 3, 18], [2, 29, 41], [2, 39, 45], [3, 3, 4], [3, 18, 40], [3, 24, 29], [3, 39, 45], [4, 40, 41], [5, 41, 43], [5, 44, 45]}, {}],(12)=[{30}, {[2, 30, 42], [3, 25, 30], [4, 25, 30]}, {}]]) ], 

 NULL]:
