Isomorphism_Classes[6,42]:=[

#################################################################
### The symmetric function = s[4, 1, 1] + 2 s[3, 2, 1]   has 1 graph isomorphism type.

  [ [[2, 4, 5], [3, 5], [3, 4], [4, 5], [3, 5], [3, 4], [2, 5], [2, 4], [2, 3, 5], [2, 3], [2, 4], [1, 4, 5], [1, 3, 5], [1, 3, 4], [2, 5], [2, 4], [2, 3], [1, 4, 5], [1, 3, 5], [1, 3, 4], [2, 4, 5], [3, 5], [3, 4], [2, 5], [2, 4], [2, 3, 5], [2, 4], [2, 3], [1, 5], [1, 4], [1, 3, 5], [1, 3], [1, 4], [1, 2, 5], [1, 2, 4], [1, 3, 5], [1, 4], [1, 3], [1, 2, 5], [1, 2], [1, 2, 4], [1, 3]], 
     {[2, 1, 12], [2, 7, 29], [2, 8, 30], [2, 9, 31], [2, 10, 32], [2, 11, 33], [2, 13, 15], [2, 14, 16], [2, 17, 38], [2, 18, 21], [2, 19, 24], [2, 20, 25], [2, 26, 36], [2, 27, 37], [2, 28, 42], [3, 1, 2], [3, 3, 8], [3, 5, 7], [3, 6, 11], [3, 13, 15], [3, 14, 16], [3, 19, 24], [3, 20, 25], [3, 21, 22], [3, 23, 27], [3, 31, 39], [3, 32, 40], [3, 34, 36], [3, 35, 38], [3, 41, 42], [4, 1, 2], [4, 4, 5], [4, 8, 9], [4, 10, 11], [4, 12, 13], [4, 16, 17], [4, 18, 19], [4, 21, 22], [4, 25, 28], [4, 26, 27], [4, 30, 31], [4, 32, 33], [4, 35, 38], [4, 36, 37], [4, 41, 42], [5, 2, 3], [5, 5, 6], [5, 7, 8], [5, 9, 11], [5, 13, 14], [5, 15, 16], [5, 19, 20], [5, 22, 23], [5, 24, 25], [5, 26, 27], [5, 29, 30], [5, 31, 33], [5, 34, 35], [5, 36, 37], [5, 39, 41]}, 
     [[1, 2, 3, 7, 5, 6, 7, 8, 6, 7, 4, 6], [1, 2, 3, 7, 7, 8, 5, 6, 6, 7, 4, 6], [1, 2, 3, 7, 7, 8, 5, 7, 4, 5, 5, 6], [1, 2, 5, 6, 3, 7, 7, 8, 6, 7, 4, 6], [1, 2, 5, 6, 6, 7, 3, 6, 6, 8, 4, 6], [1, 2, 5, 6, 6, 7, 4, 6, 3, 4, 4, 8], [1, 2, 5, 7, 3, 5, 5, 6, 6, 8, 4, 6], [1, 2, 5, 7, 3, 5, 5, 8, 4, 5, 5, 6], [1, 2, 5, 7, 4, 5, 3, 4, 4, 8, 5, 6], [1, 2, 5, 7, 4, 5, 3, 4, 5, 6, 4, 8], [1, 2, 5, 7, 4, 5, 5, 6, 3, 4, 4, 8], [3, 7, 1, 2, 5, 6, 7, 8, 6, 7, 4, 6], [3, 7, 1, 2, 7, 8, 5, 6, 6, 7, 4, 6], [3, 7, 1, 2, 7, 8, 5, 7, 4, 5, 5, 6], [3, 7, 7, 8, 1, 2, 5, 6, 6, 7, 4, 6], [3, 7, 7, 8, 1, 2, 5, 7, 4, 5, 5, 6], [3, 7, 7, 8, 5, 7, 1, 2, 4, 5, 5, 6], [5, 6, 1, 2, 3, 7, 7, 8, 6, 7, 4, 6], [5, 6, 1, 2, 6, 7, 3, 6, 6, 8, 4, 6], [5, 6, 1, 2, 6, 7, 4, 6, 3, 4, 4, 8], [5, 6, 3, 7, 1, 2, 7, 8, 6, 7, 4, 6], [5, 6, 3, 7, 7, 8, 1, 2, 6, 7, 4, 6], [5, 6, 3, 7, 7, 8, 6, 7, 1, 2, 4, 6], [5, 6, 6, 7, 1, 2, 3, 6, 6, 8, 4, 6], [5, 6, 6, 7, 1, 2, 4, 6, 3, 4, 4, 8], [5, 6, 6, 7, 3, 6, 1, 2, 6, 8, 4, 6], [5, 6, 6, 7, 3, 6, 6, 8, 1, 2, 4, 6], [5, 6, 6, 7, 4, 6, 1, 2, 3, 4, 4, 8], [5, 7, 1, 2, 3, 5, 5, 6, 6, 8, 4, 6], [5, 7, 1, 2, 3, 5, 5, 8, 4, 5, 5, 6], [5, 7, 1, 2, 4, 5, 3, 4, 4, 8, 5, 6], [5, 7, 1, 2, 4, 5, 3, 4, 5, 6, 4, 8], [5, 7, 1, 2, 4, 5, 5, 6, 3, 4, 4, 8], [5, 7, 3, 5, 1, 2, 5, 6, 6, 8, 4, 6], [5, 7, 3, 5, 1, 2, 5, 8, 4, 5, 5, 6], [5, 7, 3, 5, 5, 6, 1, 2, 6, 8, 4, 6], [5, 7, 3, 5, 5, 6, 6, 8, 1, 2, 4, 6], [5, 7, 3, 5, 5, 8, 1, 2, 4, 5, 5, 6], [5, 7, 4, 5, 1, 2, 3, 4, 4, 8, 5, 6], [5, 7, 4, 5, 1, 2, 3, 4, 5, 6, 4, 8], [5, 7, 4, 5, 1, 2, 5, 6, 3, 4, 4, 8], [5, 7, 4, 5, 5, 6, 1, 2, 3, 4, 4, 8]], 
     table([(0)=[{40}, {}, {}],(1)=[{32}, {[3, 32, 40]}, {}],(2)=[{10, 33}, {[2, 10, 32], [4, 32, 33]}, {}],(3)=[{11, 31}, {[2, 11, 33], [4, 10, 11], [5, 31, 33]}, {}],(4)=[{6, 9, 30, 39}, {[2, 9, 31], [3, 6, 11], [3, 31, 39], [4, 30, 31], [5, 9, 11]}, {}],(5)=[{5, 8, 29, 41}, {[2, 8, 30], [4, 8, 9], [5, 5, 6], [5, 29, 30], [5, 39, 41]}, {}],(6)=[{3, 4, 7, 42}, {[2, 7, 29], [3, 3, 8], [3, 5, 7], [3, 41, 42], [4, 4, 5], [4, 41, 42], [5, 7, 8]}, {}],(7)=[{2, 28}, {[2, 28, 42], [5, 2, 3]}, {}],(9)=[{12, 20, 24}, {[2, 1, 12], [2, 20, 25], [3, 20, 25], [5, 24, 25]}, {}],(8)=[{1, 25}, {[3, 1, 2], [4, 1, 2], [4, 25, 28]}, {}],(11)=[{14, 15, 18}, {[2, 13, 15], [3, 13, 15], [4, 18, 19], [5, 13, 14]}, {}],(10)=[{13, 19}, {[2, 19, 24], [3, 19, 24], [4, 12, 13], [5, 19, 20]}, {}],(13)=[{17, 22}, {[3, 21, 22], [4, 16, 17], [4, 21, 22]}, {}],(12)=[{16, 21}, {[2, 14, 16], [2, 18, 21], [3, 14, 16], [5, 15, 16]}, {}],(15)=[{27, 35}, {[3, 23, 27], [3, 35, 38], [4, 35, 38]}, {}],(14)=[{23, 38}, {[2, 17, 38], [5, 22, 23]}, {}],(16)=[{26, 34, 37}, {[2, 27, 37], [4, 26, 27], [5, 26, 27], [5, 34, 35]}, {}],(17)=[{36}, {[2, 26, 36], [3, 34, 36], [4, 36, 37], [5, 36, 37]}, {}]]) ], 

#################################################################
### The symmetric function = 2 s[3, 2, 1] + s[3, 1, 1, 1]   has 1 graph isomorphism type.

  [ [[2, 4, 5], [3, 5], [3, 4], [3, 4, 5], [1, 4, 5], [1, 3, 5], [1, 3, 4], [2, 3, 5], [2, 4], [2, 4, 5], [2, 5], [2, 4], [2, 3, 4], [2, 3, 5], [2, 3], [1, 3, 5], [1, 4], [1, 4, 5], [1, 3, 4], [1, 3, 5], [1, 2, 5], [1, 2, 4], [1, 3], [1, 2, 4], [1, 2, 5], [1, 2, 3], [2, 3, 5], [2, 4], [2, 4, 5], [3, 4], [3, 5], [1, 3, 5], [1, 4], [1, 4, 5], [1, 2, 5], [1, 2, 4], [1, 3, 4], [1, 3, 5], [1, 3], [2, 4], [2, 5], [2, 3]], 
     {[2, 1, 5], [2, 6, 11], [2, 7, 12], [2, 8, 16], [2, 9, 17], [2, 10, 18], [2, 13, 37], [2, 14, 38], [2, 15, 39], [2, 19, 40], [2, 20, 41], [2, 23, 42], [2, 27, 32], [2, 28, 33], [2, 29, 34], [3, 1, 2], [3, 3, 9], [3, 4, 10], [3, 6, 11], [3, 7, 12], [3, 16, 21], [3, 19, 24], [3, 20, 25], [3, 22, 23], [3, 28, 30], [3, 29, 31], [3, 32, 35], [3, 36, 39], [3, 37, 40], [3, 38, 41], [4, 1, 2], [4, 5, 6], [4, 8, 9], [4, 10, 14], [4, 12, 15], [4, 16, 17], [4, 18, 20], [4, 22, 23], [4, 24, 26], [4, 27, 28], [4, 29, 31], [4, 32, 33], [4, 34, 38], [4, 36, 39], [4, 40, 42], [5, 2, 3], [5, 6, 7], [5, 8, 9], [5, 11, 12], [5, 13, 14], [5, 16, 17], [5, 19, 20], [5, 21, 22], [5, 24, 25], [5, 27, 28], [5, 30, 31], [5, 32, 33], [5, 35, 36], [5, 37, 38], [5, 40, 41]}, 
     [[3, 4, 1, 7, 2, 3, 7, 8, 4, 7, 5, 6], [3, 4, 1, 7, 7, 8, 2, 3, 4, 7, 5, 6], [3, 4, 1, 7, 7, 8, 4, 7, 2, 3, 5, 6], [3, 4, 1, 7, 7, 8, 4, 7, 5, 6, 2, 3], [3, 4, 2, 3, 1, 7, 7, 8, 4, 7, 5, 6], [3, 4, 2, 3, 4, 7, 1, 4, 4, 8, 5, 6], [3, 4, 2, 3, 4, 7, 5, 6, 1, 4, 4, 8], [3, 4, 4, 7, 1, 4, 2, 3, 4, 8, 5, 6], [3, 4, 4, 7, 1, 4, 4, 8, 2, 3, 5, 6], [3, 4, 4, 7, 1, 4, 4, 8, 5, 6, 2, 3], [3, 4, 4, 7, 2, 3, 1, 4, 4, 8, 5, 6], [3, 4, 4, 7, 2, 3, 5, 6, 1, 4, 4, 8], [3, 4, 4, 7, 5, 6, 1, 4, 2, 3, 4, 8], [3, 4, 4, 7, 5, 6, 1, 4, 4, 8, 2, 3], [3, 4, 4, 7, 5, 6, 2, 3, 1, 4, 4, 8], [3, 7, 1, 3, 3, 4, 2, 3, 4, 8, 5, 6], [3, 7, 1, 3, 3, 4, 4, 8, 2, 3, 5, 6], [3, 7, 1, 3, 3, 4, 4, 8, 5, 6, 2, 3], [3, 7, 1, 3, 5, 6, 3, 4, 2, 3, 4, 8], [3, 7, 1, 3, 5, 6, 3, 4, 4, 8, 2, 3], [3, 7, 2, 3, 1, 2, 2, 4, 4, 8, 5, 6], [3, 7, 2, 3, 1, 2, 5, 6, 2, 4, 4, 8], [3, 7, 2, 3, 5, 6, 1, 2, 2, 4, 4, 8], [3, 7, 5, 6, 1, 3, 3, 4, 2, 3, 4, 8], [3, 7, 5, 6, 1, 3, 3, 4, 4, 8, 2, 3], [3, 7, 5, 6, 2, 3, 1, 2, 2, 4, 4, 8], [5, 6, 1, 7, 3, 4, 2, 3, 7, 8, 4, 7], [5, 6, 1, 7, 3, 4, 7, 8, 2, 3, 4, 7], [5, 6, 1, 7, 3, 4, 7, 8, 4, 7, 2, 3], [5, 6, 1, 7, 7, 8, 3, 4, 2, 3, 4, 7], [5, 6, 1, 7, 7, 8, 3, 4, 4, 7, 2, 3], [5, 6, 3, 4, 1, 7, 2, 3, 7, 8, 4, 7], [5, 6, 3, 4, 1, 7, 7, 8, 2, 3, 4, 7], [5, 6, 3, 4, 1, 7, 7, 8, 4, 7, 2, 3], [5, 6, 3, 4, 2, 3, 1, 7, 7, 8, 4, 7], [5, 6, 3, 4, 2, 3, 4, 7, 1, 4, 4, 8], [5, 6, 3, 4, 4, 7, 1, 4, 2, 3, 4, 8], [5, 6, 3, 4, 4, 7, 1, 4, 4, 8, 2, 3], [5, 6, 3, 4, 4, 7, 2, 3, 1, 4, 4, 8], [5, 6, 3, 7, 1, 3, 3, 4, 2, 3, 4, 8], [5, 6, 3, 7, 1, 3, 3, 4, 4, 8, 2, 3], [5, 6, 3, 7, 2, 3, 1, 2, 2, 4, 4, 8]], 
     table([(0)=[{26}, {}, {}],(1)=[{24}, {[4, 24, 26]}, {}],(2)=[{19, 25}, {[3, 19, 24], [5, 24, 25]}, {}],(3)=[{20, 40}, {[2, 19, 40], [3, 20, 25], [5, 19, 20]}, {}],(4)=[{18, 37, 41, 42}, {[2, 20, 41], [3, 37, 40], [4, 18, 20], [4, 40, 42], [5, 40, 41]}, {}],(5)=[{10, 13, 23, 38}, {[2, 10, 18], [2, 13, 37], [2, 23, 42], [3, 38, 41], [5, 37, 38]}, {}],(6)=[{4, 14, 22, 34}, {[2, 14, 38], [3, 4, 10], [3, 22, 23], [4, 10, 14], [4, 22, 23], [4, 34, 38], [5, 13, 14]}, {}],(7)=[{21, 29}, {[2, 29, 34], [5, 21, 22]}, {}],(9)=[{8, 17, 30}, {[2, 8, 16], [4, 16, 17], [5, 16, 17], [5, 30, 31]}, {}],(8)=[{16, 31}, {[3, 16, 21], [3, 29, 31], [4, 29, 31]}, {}],(11)=[{3, 27, 33}, {[2, 28, 33], [3, 3, 9], [4, 27, 28], [5, 27, 28]}, {}],(10)=[{9, 28}, {[2, 9, 17], [3, 28, 30], [4, 8, 9], [5, 8, 9]}, {}],(13)=[{1, 35}, {[3, 1, 2], [3, 32, 35], [4, 1, 2]}, {}],(12)=[{2, 32}, {[2, 27, 32], [4, 32, 33], [5, 2, 3], [5, 32, 33]}, {}],(15)=[{6, 39}, {[3, 36, 39], [4, 5, 6], [4, 36, 39]}, {}],(14)=[{5, 36}, {[2, 1, 5], [5, 35, 36]}, {}],(16)=[{7, 11, 15}, {[2, 6, 11], [2, 15, 39], [3, 6, 11], [5, 6, 7]}, {}],(17)=[{12}, {[2, 7, 12], [3, 7, 12], [4, 12, 15], [5, 11, 12]}, {}]]) ], 

 NULL]:
