Isomorphism_Classes[6,40]:=[

#################################################################
### The symmetric function = s[4, 2] + s[4, 1, 1] + s[3, 3] + s[3, 2, 1]   has 8 graph isomorphism types.

  [ [[2, 5], [2, 4], [2, 3], [3, 5], [3, 4], [4, 5], [4], [3, 5], [3], [2, 4], [2, 5], [1, 3, 5], [1, 3, 4], [1, 4, 5], [1, 5], [1, 4], [1, 4], [1, 3, 5], [1, 3], [2, 4, 5], [2, 5], [2, 4], [3, 5], [3], [3, 4], [2, 4], [2, 5], [2], [2, 3, 5], [2, 3], [2, 4], [1, 3], [1, 4], [1, 5], [1, 2, 4], [1, 2, 5], [1, 2], [1, 3, 5], [1, 3], [1, 4]], 
     {[2, 1, 12], [2, 2, 13], [2, 3, 32], [2, 10, 33], [2, 11, 34], [2, 14, 20], [2, 15, 21], [2, 16, 22], [2, 17, 26], [2, 18, 27], [2, 19, 28], [2, 29, 38], [2, 30, 39], [2, 31, 40], [3, 1, 4], [3, 2, 5], [3, 8, 11], [3, 9, 10], [3, 12, 20], [3, 13, 26], [3, 18, 27], [3, 19, 28], [3, 21, 23], [3, 22, 24], [3, 25, 31], [3, 32, 35], [3, 36, 38], [3, 37, 39], [4, 2, 3], [4, 4, 6], [4, 7, 8], [4, 9, 10], [4, 12, 14], [4, 16, 19], [4, 17, 18], [4, 20, 23], [4, 22, 24], [4, 26, 29], [4, 30, 31], [4, 32, 33], [4, 35, 38], [4, 39, 40], [5, 1, 2], [5, 4, 5], [5, 7, 8], [5, 10, 11], [5, 12, 13], [5, 15, 16], [5, 17, 18], [5, 21, 22], [5, 23, 25], [5, 26, 27], [5, 29, 31], [5, 33, 34], [5, 35, 36], [5, 38, 40]}, 
     [[1, 2, 2, 8, 3, 4, 4, 5, 6, 7, 5, 6], [1, 2, 2, 8, 3, 4, 6, 7, 4, 5, 5, 6], [1, 2, 2, 8, 6, 7, 3, 4, 4, 5, 5, 6], [1, 2, 3, 4, 2, 8, 4, 5, 6, 7, 5, 6], [1, 2, 3, 4, 2, 8, 6, 7, 4, 5, 5, 6], [1, 2, 3, 4, 4, 5, 2, 8, 6, 7, 5, 6], [1, 2, 3, 4, 6, 7, 2, 8, 4, 5, 5, 6], [1, 2, 3, 4, 6, 7, 4, 5, 2, 8, 5, 6], [1, 2, 6, 7, 2, 8, 3, 4, 4, 5, 5, 6], [1, 2, 6, 7, 3, 4, 2, 8, 4, 5, 5, 6], [1, 2, 6, 7, 3, 4, 4, 5, 2, 8, 5, 6], [3, 4, 1, 2, 2, 8, 4, 5, 6, 7, 5, 6], [3, 4, 1, 2, 2, 8, 6, 7, 4, 5, 5, 6], [3, 4, 1, 2, 4, 5, 2, 8, 6, 7, 5, 6], [3, 4, 1, 2, 4, 5, 6, 7, 2, 8, 5, 6], [3, 4, 1, 2, 4, 5, 6, 7, 5, 6, 2, 8], [3, 4, 1, 2, 6, 7, 2, 8, 4, 5, 5, 6], [3, 4, 1, 2, 6, 7, 4, 5, 2, 8, 5, 6], [3, 4, 1, 2, 6, 7, 4, 5, 5, 6, 2, 8], [3, 4, 4, 5, 1, 2, 2, 8, 6, 7, 5, 6], [3, 4, 4, 5, 1, 2, 6, 7, 2, 8, 5, 6], [3, 4, 4, 5, 1, 2, 6, 7, 5, 6, 2, 8], [3, 4, 4, 5, 6, 7, 1, 2, 2, 8, 5, 6], [3, 4, 4, 5, 6, 7, 1, 2, 5, 6, 2, 8], [3, 4, 4, 5, 6, 7, 5, 6, 1, 2, 2, 8], [3, 4, 6, 7, 1, 2, 2, 8, 4, 5, 5, 6], [3, 4, 6, 7, 1, 2, 4, 5, 2, 8, 5, 6], [3, 4, 6, 7, 1, 2, 4, 5, 5, 6, 2, 8], [3, 4, 6, 7, 4, 5, 1, 2, 2, 8, 5, 6], [3, 4, 6, 7, 4, 5, 1, 2, 5, 6, 2, 8], [3, 4, 6, 7, 4, 5, 5, 6, 1, 2, 2, 8], [6, 7, 1, 2, 2, 8, 3, 4, 4, 5, 5, 6], [6, 7, 1, 2, 3, 4, 2, 8, 4, 5, 5, 6], [6, 7, 1, 2, 3, 4, 4, 5, 2, 8, 5, 6], [6, 7, 3, 4, 1, 2, 2, 8, 4, 5, 5, 6], [6, 7, 3, 4, 1, 2, 4, 5, 2, 8, 5, 6], [6, 7, 3, 4, 1, 2, 4, 5, 5, 6, 2, 8], [6, 7, 3, 4, 4, 5, 1, 2, 2, 8, 5, 6], [6, 7, 3, 4, 4, 5, 1, 2, 5, 6, 2, 8], [6, 7, 3, 4, 4, 5, 5, 6, 1, 2, 2, 8]], 
     table([(0)=[{37}, {}, {}],(1)=[{39}, {[3, 37, 39]}, {}],(2)=[{30, 40}, {[2, 30, 39], [4, 39, 40]}, {}],(3)=[{31, 38}, {[2, 31, 40], [4, 30, 31], [5, 38, 40]}, {}],(4)=[{25, 29, 35, 36}, {[2, 29, 38], [3, 25, 31], [3, 36, 38], [4, 35, 38], [5, 29, 31]}, {[5, 35, 36]}],(5)=[{23, 26, 32}, {[3, 32, 35], [4, 26, 29], [5, 23, 25]}, {}],(6)=[{3, 13, 17, 20, 21, 27, 33}, {[2, 3, 32], [2, 17, 26], [3, 13, 26], [3, 21, 23], [4, 20, 23], [4, 32, 33], [5, 26, 27]}, {}],(7)=[{2, 10, 12, 14, 15, 18, 22, 34}, {[2, 2, 13], [2, 10, 33], [2, 14, 20], [2, 15, 21], [2, 18, 27], [3, 12, 20], [3, 18, 27], [4, 2, 3], [4, 17, 18], [5, 12, 13], [5, 17, 18], [5, 21, 22], [5, 33, 34]}, {[4, 12, 14]}],(9)=[{4, 8, 19}, {[3, 1, 4], [3, 8, 11], [4, 16, 19], [5, 4, 5]}, {}],(8)=[{1, 5, 9, 11, 16, 24}, {[2, 1, 12], [2, 11, 34], [2, 16, 22], [3, 2, 5], [3, 9, 10], [3, 22, 24], [4, 9, 10], [4, 22, 24], [5, 1, 2], [5, 10, 11], [5, 15, 16]}, {}],(10)=[{6, 7, 28}, {[2, 19, 28], [3, 19, 28], [4, 4, 6], [4, 7, 8], [5, 7, 8]}, {}]]) ], 

  [ [[3, 4], [3, 5], [4, 5], [2, 4], [2, 5], [2, 3], [2, 3, 5], [2, 4], [2, 4], [2, 4, 5], [2, 5], [3], [3, 5], [3, 4], [3, 5], [4], [1, 4], [1, 5], [1, 3], [1, 3, 5], [1, 4], [1, 2], [1, 2, 5], [1, 2, 4], [1, 3], [1, 4], [1, 4, 5], [1, 5], [1, 3], [1, 3, 5], [1, 3, 4], [1, 3, 5], [1, 4], [2], [2, 5], [2, 4], [2, 3], [2, 5], [2, 4], [3]], 
     {[2, 4, 17], [2, 5, 18], [2, 6, 19], [2, 7, 20], [2, 8, 21], [2, 9, 26], [2, 10, 27], [2, 11, 28], [2, 25, 37], [2, 29, 34], [2, 30, 35], [2, 31, 36], [2, 32, 38], [2, 33, 39], [3, 1, 9], [3, 2, 10], [3, 4, 12], [3, 5, 13], [3, 8, 14], [3, 11, 15], [3, 19, 22], [3, 20, 23], [3, 24, 25], [3, 29, 34], [3, 30, 35], [3, 31, 36], [3, 32, 38], [3, 39, 40], [4, 2, 3], [4, 4, 6], [4, 7, 8], [4, 9, 12], [4, 10, 15], [4, 13, 16], [4, 17, 19], [4, 20, 21], [4, 24, 25], [4, 26, 29], [4, 27, 32], [4, 30, 33], [4, 36, 37], [4, 39, 40], [5, 1, 2], [5, 4, 5], [5, 7, 8], [5, 9, 11], [5, 13, 14], [5, 15, 16], [5, 17, 18], [5, 20, 21], [5, 23, 24], [5, 26, 28], [5, 30, 31], [5, 32, 33], [5, 35, 36], [5, 38, 39]}, 
     [[1, 2, 3, 4, 4, 8, 5, 6, 2, 4, 6, 7], [1, 2, 3, 4, 4, 8, 5, 6, 6, 7, 2, 4], [1, 2, 3, 4, 5, 6, 4, 8, 6, 7, 2, 4], [1, 2, 3, 8, 2, 3, 5, 6, 3, 4, 6, 7], [1, 2, 3, 8, 2, 3, 5, 6, 6, 7, 3, 4], [1, 2, 3, 8, 5, 6, 2, 3, 3, 4, 6, 7], [1, 2, 3, 8, 5, 6, 2, 3, 6, 7, 3, 4], [1, 2, 3, 8, 5, 6, 6, 7, 2, 3, 3, 4], [1, 2, 5, 6, 3, 4, 4, 8, 2, 4, 6, 7], [1, 2, 5, 6, 3, 4, 4, 8, 6, 7, 2, 4], [1, 2, 5, 6, 3, 4, 6, 7, 4, 8, 2, 4], [1, 2, 5, 6, 3, 8, 2, 3, 3, 4, 6, 7], [1, 2, 5, 6, 3, 8, 2, 3, 6, 7, 3, 4], [1, 2, 5, 6, 3, 8, 6, 7, 2, 3, 3, 4], [1, 2, 5, 6, 6, 7, 3, 4, 4, 8, 2, 4], [1, 2, 5, 6, 6, 7, 3, 8, 2, 3, 3, 4], [3, 8, 1, 2, 2, 3, 5, 6, 3, 4, 6, 7], [3, 8, 1, 2, 2, 3, 5, 6, 6, 7, 3, 4], [3, 8, 1, 2, 5, 6, 2, 3, 3, 4, 6, 7], [3, 8, 1, 2, 5, 6, 2, 3, 6, 7, 3, 4], [3, 8, 1, 2, 5, 6, 6, 7, 2, 3, 3, 4], [3, 8, 5, 6, 1, 2, 2, 3, 3, 4, 6, 7], [3, 8, 5, 6, 1, 2, 2, 3, 6, 7, 3, 4], [3, 8, 5, 6, 1, 2, 6, 7, 2, 3, 3, 4], [3, 8, 5, 6, 6, 7, 1, 2, 2, 3, 3, 4], [5, 6, 1, 2, 3, 4, 4, 8, 2, 4, 6, 7], [5, 6, 1, 2, 3, 4, 4, 8, 6, 7, 2, 4], [5, 6, 1, 2, 3, 4, 6, 7, 4, 8, 2, 4], [5, 6, 1, 2, 3, 8, 2, 3, 3, 4, 6, 7], [5, 6, 1, 2, 3, 8, 2, 3, 6, 7, 3, 4], [5, 6, 1, 2, 3, 8, 6, 7, 2, 3, 3, 4], [5, 6, 1, 2, 6, 7, 3, 4, 4, 8, 2, 4], [5, 6, 1, 2, 6, 7, 3, 8, 2, 3, 3, 4], [5, 6, 3, 8, 1, 2, 2, 3, 3, 4, 6, 7], [5, 6, 3, 8, 1, 2, 2, 3, 6, 7, 3, 4], [5, 6, 3, 8, 1, 2, 6, 7, 2, 3, 3, 4], [5, 6, 3, 8, 6, 7, 1, 2, 2, 3, 3, 4], [5, 6, 6, 7, 1, 2, 3, 4, 4, 8, 2, 4], [5, 6, 6, 7, 1, 2, 3, 8, 2, 3, 3, 4], [5, 6, 6, 7, 3, 8, 1, 2, 2, 3, 3, 4]], 
     table([(0)=[{22}, {}, {}],(1)=[{19}, {[3, 19, 22]}, {}],(2)=[{6, 17}, {[2, 6, 19], [4, 17, 19]}, {}],(3)=[{4, 18}, {[2, 4, 17], [4, 4, 6], [5, 17, 18]}, {}],(4)=[{5, 12}, {[2, 5, 18], [3, 4, 12], [5, 4, 5]}, {}],(5)=[{9, 13}, {[3, 5, 13], [4, 9, 12]}, {}],(6)=[{1, 11, 14, 16, 26}, {[2, 9, 26], [3, 1, 9], [4, 13, 16], [5, 9, 11], [5, 13, 14]}, {}],(7)=[{2, 8, 15, 28, 29}, {[2, 11, 28], [3, 8, 14], [3, 11, 15], [4, 26, 29], [5, 1, 2], [5, 15, 16], [5, 26, 28]}, {}],(9)=[{20, 27}, {[2, 7, 20], [2, 10, 27], [4, 20, 21], [5, 20, 21]}, {}],(8)=[{3, 7, 10, 21, 34}, {[2, 8, 21], [2, 29, 34], [3, 2, 10], [3, 29, 34], [4, 2, 3], [4, 7, 8], [4, 10, 15], [5, 7, 8]}, {}],(11)=[{24, 33, 38}, {[2, 32, 38], [3, 32, 38], [5, 23, 24], [5, 32, 33]}, {}],(10)=[{23, 32}, {[3, 20, 23], [4, 27, 32]}, {}],(13)=[{31, 35, 37, 40}, {[2, 25, 37], [2, 30, 35], [3, 30, 35], [3, 39, 40], [4, 39, 40], [5, 30, 31]}, {}],(12)=[{25, 30, 39}, {[2, 33, 39], [3, 24, 25], [4, 24, 25], [4, 30, 33], [5, 38, 39]}, {}],(14)=[{36}, {[2, 31, 36], [3, 31, 36], [4, 36, 37], [5, 35, 36]}, {}]]) ], 

  [ [[4, 5], [3, 5], [3, 4], [3, 5], [4], [2, 5], [2, 4], [2, 3], [2, 5], [2, 4], [3], [1, 3, 5], [1, 3, 4], [1, 4, 5], [1, 5], [1, 4], [1, 4], [1, 3, 5], [1, 3], [2, 4, 5], [2, 5], [2, 4], [3, 5], [3], [3, 4], [2, 4], [2, 5], [2], [2, 3, 5], [2, 3], [2, 4], [1, 5], [1, 4], [1, 3], [1, 2, 4], [1, 2, 5], [1, 2], [1, 3, 5], [1, 3], [1, 4]], 
     {[2, 6, 12], [2, 7, 13], [2, 8, 34], [2, 9, 32], [2, 10, 33], [2, 14, 20], [2, 15, 21], [2, 16, 22], [2, 17, 26], [2, 18, 27], [2, 19, 28], [2, 29, 38], [2, 30, 39], [2, 31, 40], [3, 2, 6], [3, 3, 10], [3, 4, 9], [3, 7, 11], [3, 12, 20], [3, 13, 26], [3, 18, 27], [3, 19, 28], [3, 21, 23], [3, 22, 24], [3, 25, 31], [3, 34, 35], [3, 36, 38], [3, 37, 39], [4, 1, 4], [4, 2, 5], [4, 7, 8], [4, 10, 11], [4, 12, 14], [4, 16, 19], [4, 17, 18], [4, 20, 23], [4, 22, 24], [4, 26, 29], [4, 30, 31], [4, 33, 34], [4, 35, 38], [4, 39, 40], [5, 2, 3], [5, 4, 5], [5, 6, 7], [5, 9, 10], [5, 12, 13], [5, 15, 16], [5, 17, 18], [5, 21, 22], [5, 23, 25], [5, 26, 27], [5, 29, 31], [5, 32, 33], [5, 35, 36], [5, 38, 40]}, 
     [[1, 3, 3, 4, 4, 5, 5, 8, 6, 7, 2, 5], [1, 3, 3, 4, 4, 8, 2, 4, 6, 7, 4, 5], [1, 3, 3, 4, 4, 8, 6, 7, 2, 4, 4, 5], [1, 3, 3, 4, 6, 7, 4, 5, 5, 8, 2, 5], [1, 3, 3, 4, 6, 7, 4, 8, 2, 4, 4, 5], [1, 3, 3, 8, 2, 3, 3, 4, 6, 7, 4, 5], [1, 3, 3, 8, 2, 3, 6, 7, 3, 4, 4, 5], [1, 3, 3, 8, 6, 7, 2, 3, 3, 4, 4, 5], [1, 3, 6, 7, 3, 4, 4, 5, 5, 8, 2, 5], [1, 3, 6, 7, 3, 4, 4, 8, 2, 4, 4, 5], [1, 3, 6, 7, 3, 8, 2, 3, 3, 4, 4, 5], [2, 3, 1, 2, 2, 8, 3, 4, 6, 7, 4, 5], [2, 3, 1, 2, 2, 8, 6, 7, 3, 4, 4, 5], [2, 3, 1, 2, 3, 4, 2, 8, 6, 7, 4, 5], [2, 3, 1, 2, 3, 4, 6, 7, 2, 8, 4, 5], [2, 3, 1, 2, 3, 4, 6, 7, 4, 5, 2, 8], [2, 3, 1, 2, 6, 7, 2, 8, 3, 4, 4, 5], [2, 3, 1, 2, 6, 7, 3, 4, 2, 8, 4, 5], [2, 3, 1, 2, 6, 7, 3, 4, 4, 5, 2, 8], [2, 3, 3, 4, 1, 2, 2, 8, 6, 7, 4, 5], [2, 3, 3, 4, 1, 2, 6, 7, 2, 8, 4, 5], [2, 3, 3, 4, 1, 2, 6, 7, 4, 5, 2, 8], [2, 3, 3, 4, 6, 7, 1, 2, 2, 8, 4, 5], [2, 3, 3, 4, 6, 7, 1, 2, 4, 5, 2, 8], [2, 3, 3, 4, 6, 7, 4, 5, 1, 2, 2, 8], [2, 3, 6, 7, 1, 2, 2, 8, 3, 4, 4, 5], [2, 3, 6, 7, 1, 2, 3, 4, 2, 8, 4, 5], [2, 3, 6, 7, 1, 2, 3, 4, 4, 5, 2, 8], [2, 3, 6, 7, 3, 4, 1, 2, 2, 8, 4, 5], [2, 3, 6, 7, 3, 4, 1, 2, 4, 5, 2, 8], [2, 3, 6, 7, 3, 4, 4, 5, 1, 2, 2, 8], [6, 7, 1, 3, 3, 4, 4, 5, 5, 8, 2, 5], [6, 7, 1, 3, 3, 4, 4, 8, 2, 4, 4, 5], [6, 7, 1, 3, 3, 8, 2, 3, 3, 4, 4, 5], [6, 7, 2, 3, 1, 2, 2, 8, 3, 4, 4, 5], [6, 7, 2, 3, 1, 2, 3, 4, 2, 8, 4, 5], [6, 7, 2, 3, 1, 2, 3, 4, 4, 5, 2, 8], [6, 7, 2, 3, 3, 4, 1, 2, 2, 8, 4, 5], [6, 7, 2, 3, 3, 4, 1, 2, 4, 5, 2, 8], [6, 7, 2, 3, 3, 4, 4, 5, 1, 2, 2, 8]], 
     table([(0)=[{37}, {}, {}],(1)=[{39}, {[3, 37, 39]}, {}],(2)=[{30, 40}, {[2, 30, 39], [4, 39, 40]}, {}],(3)=[{31, 38}, {[2, 31, 40], [4, 30, 31], [5, 38, 40]}, {}],(4)=[{25, 29, 35, 36}, {[2, 29, 38], [3, 25, 31], [3, 36, 38], [4, 35, 38], [5, 29, 31]}, {[5, 35, 36]}],(5)=[{23, 26, 34}, {[3, 34, 35], [4, 26, 29], [5, 23, 25]}, {}],(6)=[{8, 13, 17, 20, 21, 27, 33}, {[2, 8, 34], [2, 17, 26], [3, 13, 26], [3, 21, 23], [4, 20, 23], [4, 33, 34], [5, 26, 27]}, {}],(7)=[{7, 10, 12, 14, 15, 18, 22, 32}, {[2, 7, 13], [2, 10, 33], [2, 14, 20], [2, 15, 21], [2, 18, 27], [3, 12, 20], [3, 18, 27], [4, 7, 8], [4, 17, 18], [5, 12, 13], [5, 17, 18], [5, 21, 22], [5, 32, 33]}, {[4, 12, 14]}],(9)=[{2, 4, 19}, {[3, 2, 6], [3, 4, 9], [4, 16, 19], [5, 2, 3]}, {}],(8)=[{3, 6, 9, 11, 16, 24}, {[2, 6, 12], [2, 9, 32], [2, 16, 22], [3, 3, 10], [3, 7, 11], [3, 22, 24], [4, 10, 11], [4, 22, 24], [5, 6, 7], [5, 9, 10], [5, 15, 16]}, {}],(10)=[{1, 5, 28}, {[2, 19, 28], [3, 19, 28], [4, 1, 4], [4, 2, 5], [5, 4, 5]}, {}]]) ], 

  [ [[3, 5], [4, 5], [4], [3, 5], [3, 4], [2, 5], [2, 4], [2, 3], [2, 5], [2, 4], [3], [1, 3, 5], [1, 3, 4], [1, 4, 5], [1, 5], [1, 4], [1, 4], [1, 3, 5], [1, 3], [2, 4, 5], [2, 5], [2, 4], [3, 5], [3], [3, 4], [2, 4], [2, 5], [2], [2, 3, 5], [2, 3], [2, 4], [1, 5], [1, 4], [1, 3], [1, 2, 4], [1, 2, 5], [1, 2], [1, 3, 5], [1, 3], [1, 4]], 
     {[2, 6, 12], [2, 7, 13], [2, 8, 34], [2, 9, 32], [2, 10, 33], [2, 14, 20], [2, 15, 21], [2, 16, 22], [2, 17, 26], [2, 18, 27], [2, 19, 28], [2, 29, 38], [2, 30, 39], [2, 31, 40], [3, 1, 9], [3, 4, 6], [3, 5, 10], [3, 7, 11], [3, 12, 20], [3, 13, 26], [3, 18, 27], [3, 19, 28], [3, 21, 23], [3, 22, 24], [3, 25, 31], [3, 34, 35], [3, 36, 38], [3, 37, 39], [4, 1, 3], [4, 2, 4], [4, 7, 8], [4, 10, 11], [4, 12, 14], [4, 16, 19], [4, 17, 18], [4, 20, 23], [4, 22, 24], [4, 26, 29], [4, 30, 31], [4, 33, 34], [4, 35, 38], [4, 39, 40], [5, 1, 3], [5, 4, 5], [5, 6, 7], [5, 9, 10], [5, 12, 13], [5, 15, 16], [5, 17, 18], [5, 21, 22], [5, 23, 25], [5, 26, 27], [5, 29, 31], [5, 32, 33], [5, 35, 36], [5, 38, 40]}, 
     [[1, 3, 3, 4, 4, 7, 5, 6, 7, 8, 2, 7], [1, 3, 3, 4, 4, 7, 7, 8, 2, 7, 5, 6], [1, 3, 3, 4, 4, 7, 7, 8, 5, 6, 2, 7], [1, 3, 3, 4, 4, 8, 2, 4, 4, 7, 5, 6], [1, 3, 3, 4, 4, 8, 5, 6, 2, 4, 4, 7], [1, 3, 3, 8, 2, 3, 3, 4, 4, 7, 5, 6], [1, 3, 3, 8, 2, 3, 5, 6, 3, 4, 4, 7], [1, 3, 3, 8, 5, 6, 2, 3, 3, 4, 4, 7], [1, 3, 5, 6, 3, 4, 4, 7, 7, 8, 2, 7], [1, 3, 5, 6, 3, 4, 4, 8, 2, 4, 4, 7], [1, 3, 5, 6, 3, 8, 2, 3, 3, 4, 4, 7], [2, 3, 1, 2, 2, 8, 3, 4, 4, 7, 5, 6], [2, 3, 1, 2, 2, 8, 5, 6, 3, 4, 4, 7], [2, 3, 1, 2, 3, 4, 2, 8, 4, 7, 5, 6], [2, 3, 1, 2, 3, 4, 4, 7, 2, 8, 5, 6], [2, 3, 1, 2, 3, 4, 4, 7, 5, 6, 2, 8], [2, 3, 1, 2, 5, 6, 2, 8, 3, 4, 4, 7], [2, 3, 1, 2, 5, 6, 3, 4, 2, 8, 4, 7], [2, 3, 1, 2, 5, 6, 3, 4, 4, 7, 2, 8], [2, 3, 3, 4, 1, 2, 2, 8, 4, 7, 5, 6], [2, 3, 3, 4, 1, 2, 4, 7, 2, 8, 5, 6], [2, 3, 3, 4, 1, 2, 4, 7, 5, 6, 2, 8], [2, 3, 3, 4, 4, 7, 1, 2, 2, 8, 5, 6], [2, 3, 3, 4, 4, 7, 1, 2, 5, 6, 2, 8], [2, 3, 3, 4, 4, 7, 5, 6, 1, 2, 2, 8], [2, 3, 5, 6, 1, 2, 2, 8, 3, 4, 4, 7], [2, 3, 5, 6, 1, 2, 3, 4, 2, 8, 4, 7], [2, 3, 5, 6, 1, 2, 3, 4, 4, 7, 2, 8], [2, 3, 5, 6, 3, 4, 1, 2, 2, 8, 4, 7], [2, 3, 5, 6, 3, 4, 1, 2, 4, 7, 2, 8], [2, 3, 5, 6, 3, 4, 4, 7, 1, 2, 2, 8], [5, 6, 1, 3, 3, 4, 4, 7, 7, 8, 2, 7], [5, 6, 1, 3, 3, 4, 4, 8, 2, 4, 4, 7], [5, 6, 1, 3, 3, 8, 2, 3, 3, 4, 4, 7], [5, 6, 2, 3, 1, 2, 2, 8, 3, 4, 4, 7], [5, 6, 2, 3, 1, 2, 3, 4, 2, 8, 4, 7], [5, 6, 2, 3, 1, 2, 3, 4, 4, 7, 2, 8], [5, 6, 2, 3, 3, 4, 1, 2, 2, 8, 4, 7], [5, 6, 2, 3, 3, 4, 1, 2, 4, 7, 2, 8], [5, 6, 2, 3, 3, 4, 4, 7, 1, 2, 2, 8]], 
     table([(0)=[{37}, {}, {}],(1)=[{39}, {[3, 37, 39]}, {}],(2)=[{30, 40}, {[2, 30, 39], [4, 39, 40]}, {}],(3)=[{31, 38}, {[2, 31, 40], [4, 30, 31], [5, 38, 40]}, {}],(4)=[{25, 29, 35, 36}, {[2, 29, 38], [3, 25, 31], [3, 36, 38], [4, 35, 38], [5, 29, 31]}, {[5, 35, 36]}],(5)=[{23, 26, 34}, {[3, 34, 35], [4, 26, 29], [5, 23, 25]}, {}],(6)=[{8, 13, 17, 20, 21, 27, 33}, {[2, 8, 34], [2, 17, 26], [3, 13, 26], [3, 21, 23], [4, 20, 23], [4, 33, 34], [5, 26, 27]}, {}],(7)=[{7, 10, 12, 14, 15, 18, 22, 32}, {[2, 7, 13], [2, 10, 33], [2, 14, 20], [2, 15, 21], [2, 18, 27], [3, 12, 20], [3, 18, 27], [4, 7, 8], [4, 17, 18], [5, 12, 13], [5, 17, 18], [5, 21, 22], [5, 32, 33]}, {[4, 12, 14]}],(9)=[{1, 4, 19}, {[3, 1, 9], [3, 4, 6], [4, 16, 19], [5, 4, 5]}, {}],(8)=[{5, 6, 9, 11, 16, 24}, {[2, 6, 12], [2, 9, 32], [2, 16, 22], [3, 5, 10], [3, 7, 11], [3, 22, 24], [4, 10, 11], [4, 22, 24], [5, 6, 7], [5, 9, 10], [5, 15, 16]}, {}],(10)=[{2, 3, 28}, {[2, 19, 28], [3, 19, 28], [4, 1, 3], [4, 2, 4], [5, 1, 3]}, {}]]) ], 

  [ [[3, 4], [3, 5], [4, 5], [2, 4], [2, 5], [2, 3], [2, 3, 5], [2, 4], [2, 4], [2, 4, 5], [2, 5], [3], [3, 5], [3, 4], [3, 5], [4], [1, 4], [1, 5], [1, 3], [1, 3, 5], [1, 4], [1, 2], [1, 2, 5], [1, 2, 4], [1, 3], [1, 4], [1, 4, 5], [1, 5], [1, 3], [1, 3, 5], [1, 3, 4], [1, 3, 5], [1, 4], [2], [2, 5], [2, 4], [2, 3], [2, 5], [2, 4], [3]], 
     {[2, 4, 17], [2, 5, 18], [2, 6, 29], [2, 7, 30], [2, 8, 31], [2, 9, 26], [2, 10, 27], [2, 11, 28], [2, 19, 34], [2, 20, 35], [2, 21, 36], [2, 25, 37], [2, 32, 38], [2, 33, 39], [3, 1, 9], [3, 2, 10], [3, 4, 12], [3, 5, 13], [3, 8, 14], [3, 11, 15], [3, 19, 22], [3, 20, 23], [3, 24, 25], [3, 29, 34], [3, 30, 35], [3, 31, 39], [3, 32, 38], [3, 36, 40], [4, 2, 3], [4, 4, 6], [4, 7, 8], [4, 9, 12], [4, 10, 15], [4, 13, 16], [4, 17, 19], [4, 20, 21], [4, 24, 25], [4, 26, 29], [4, 27, 32], [4, 30, 33], [4, 36, 37], [4, 39, 40], [5, 1, 2], [5, 4, 5], [5, 7, 8], [5, 9, 11], [5, 13, 14], [5, 15, 16], [5, 17, 18], [5, 20, 21], [5, 23, 24], [5, 26, 28], [5, 30, 31], [5, 32, 33], [5, 35, 36], [5, 38, 39]}, 
     [[2, 3, 3, 4, 4, 8, 5, 6, 1, 4, 6, 7], [2, 3, 3, 4, 4, 8, 5, 6, 6, 7, 1, 4], [2, 3, 3, 4, 5, 6, 4, 8, 6, 7, 1, 4], [2, 3, 3, 8, 1, 3, 5, 6, 3, 4, 6, 7], [2, 3, 3, 8, 1, 3, 5, 6, 6, 7, 3, 4], [2, 3, 3, 8, 5, 6, 1, 3, 3, 4, 6, 7], [2, 3, 3, 8, 5, 6, 1, 3, 6, 7, 3, 4], [2, 3, 3, 8, 5, 6, 6, 7, 1, 3, 3, 4], [2, 3, 5, 6, 3, 4, 4, 8, 1, 4, 6, 7], [2, 3, 5, 6, 3, 4, 4, 8, 6, 7, 1, 4], [2, 3, 5, 6, 3, 4, 6, 7, 4, 8, 1, 4], [2, 3, 5, 6, 3, 8, 1, 3, 3, 4, 6, 7], [2, 3, 5, 6, 3, 8, 1, 3, 6, 7, 3, 4], [2, 3, 5, 6, 3, 8, 6, 7, 1, 3, 3, 4], [2, 3, 5, 6, 6, 7, 3, 4, 4, 8, 1, 4], [2, 3, 5, 6, 6, 7, 3, 8, 1, 3, 3, 4], [2, 8, 1, 2, 2, 3, 5, 6, 3, 4, 6, 7], [2, 8, 1, 2, 2, 3, 5, 6, 6, 7, 3, 4], [2, 8, 1, 2, 5, 6, 2, 3, 3, 4, 6, 7], [2, 8, 1, 2, 5, 6, 2, 3, 6, 7, 3, 4], [2, 8, 1, 2, 5, 6, 6, 7, 2, 3, 3, 4], [2, 8, 5, 6, 1, 2, 2, 3, 3, 4, 6, 7], [2, 8, 5, 6, 1, 2, 2, 3, 6, 7, 3, 4], [2, 8, 5, 6, 1, 2, 6, 7, 2, 3, 3, 4], [2, 8, 5, 6, 6, 7, 1, 2, 2, 3, 3, 4], [5, 6, 2, 3, 3, 4, 4, 8, 1, 4, 6, 7], [5, 6, 2, 3, 3, 4, 4, 8, 6, 7, 1, 4], [5, 6, 2, 3, 3, 4, 6, 7, 4, 8, 1, 4], [5, 6, 2, 3, 3, 8, 1, 3, 3, 4, 6, 7], [5, 6, 2, 3, 3, 8, 1, 3, 6, 7, 3, 4], [5, 6, 2, 3, 3, 8, 6, 7, 1, 3, 3, 4], [5, 6, 2, 3, 6, 7, 3, 4, 4, 8, 1, 4], [5, 6, 2, 3, 6, 7, 3, 8, 1, 3, 3, 4], [5, 6, 2, 8, 1, 2, 2, 3, 3, 4, 6, 7], [5, 6, 2, 8, 1, 2, 2, 3, 6, 7, 3, 4], [5, 6, 2, 8, 1, 2, 6, 7, 2, 3, 3, 4], [5, 6, 2, 8, 6, 7, 1, 2, 2, 3, 3, 4], [5, 6, 6, 7, 2, 3, 3, 4, 4, 8, 1, 4], [5, 6, 6, 7, 2, 3, 3, 8, 1, 3, 3, 4], [5, 6, 6, 7, 2, 8, 1, 2, 2, 3, 3, 4]], 
     table([(0)=[{22}, {}, {}],(1)=[{19}, {[3, 19, 22]}, {}],(2)=[{17, 34}, {[2, 19, 34], [4, 17, 19]}, {}],(3)=[{4, 18, 29}, {[2, 4, 17], [3, 29, 34], [5, 17, 18]}, {}],(4)=[{5, 6, 12, 26}, {[2, 5, 18], [2, 6, 29], [3, 4, 12], [4, 4, 6], [4, 26, 29], [5, 4, 5]}, {}],(5)=[{9, 13, 28}, {[2, 9, 26], [3, 5, 13], [4, 9, 12], [5, 26, 28]}, {}],(6)=[{1, 11, 14, 16}, {[2, 11, 28], [3, 1, 9], [4, 13, 16], [5, 9, 11], [5, 13, 14]}, {}],(7)=[{2, 8, 15}, {[3, 8, 14], [3, 11, 15], [5, 1, 2], [5, 15, 16]}, {}],(9)=[{27, 30, 39}, {[2, 7, 30], [2, 10, 27], [3, 31, 39], [5, 30, 31]}, {}],(8)=[{3, 7, 10, 31}, {[2, 8, 31], [3, 2, 10], [4, 2, 3], [4, 7, 8], [4, 10, 15], [5, 7, 8]}, {}],(11)=[{20, 36}, {[2, 20, 35], [3, 36, 40], [5, 35, 36]}, {}],(10)=[{32, 33, 35, 38, 40}, {[2, 33, 39], [3, 30, 35], [4, 27, 32], [4, 30, 33], [4, 39, 40], [5, 38, 39]}, {[2, 32, 38], [3, 32, 38], [5, 32, 33]}],(13)=[{24, 25}, {[2, 25, 37], [5, 23, 24]}, {[3, 24, 25], [4, 24, 25]}],(12)=[{21, 23, 37}, {[2, 21, 36], [3, 20, 23], [4, 20, 21], [4, 36, 37], [5, 20, 21]}, {}]]) ], 

  [ [[2, 4, 5], [3, 5], [3, 4], [2, 5], [2, 4], [2, 3, 5], [2, 4], [2, 3], [4, 5], [3, 5], [3, 4], [3, 5], [4], [2, 5], [2, 4], [3], [1, 5], [1, 4], [1, 3, 5], [1, 4], [1, 3], [1, 2, 5], [1, 2, 4], [1, 3], [1, 2], [1, 4, 5], [1, 3, 5], [1, 3, 4], [1, 3, 5], [1, 4], [2, 5], [2, 4], [2, 3], [2, 5], [2, 4], [3], [1, 5], [1, 4], [1, 3], [2]], 
     {[2, 1, 26], [2, 4, 17], [2, 5, 18], [2, 6, 27], [2, 7, 28], [2, 8, 39], [2, 14, 37], [2, 15, 38], [2, 19, 31], [2, 20, 32], [2, 21, 40], [2, 24, 33], [2, 29, 34], [2, 30, 35], [3, 1, 2], [3, 3, 15], [3, 4, 10], [3, 5, 16], [3, 7, 11], [3, 12, 14], [3, 19, 22], [3, 21, 25], [3, 23, 24], [3, 27, 31], [3, 28, 35], [3, 29, 34], [3, 32, 36], [3, 39, 40], [4, 1, 2], [4, 5, 8], [4, 6, 7], [4, 9, 12], [4, 10, 13], [4, 15, 16], [4, 18, 21], [4, 19, 20], [4, 23, 24], [4, 26, 29], [4, 27, 30], [4, 32, 33], [4, 35, 36], [4, 38, 39], [5, 2, 3], [5, 4, 5], [5, 6, 7], [5, 10, 11], [5, 12, 13], [5, 14, 15], [5, 17, 18], [5, 19, 20], [5, 22, 23], [5, 27, 28], [5, 29, 30], [5, 31, 32], [5, 34, 35], [5, 37, 38]}, 
     [[2, 3, 3, 6, 4, 5, 6, 7, 5, 6, 1, 5], [2, 3, 3, 6, 6, 7, 4, 5, 5, 6, 1, 5], [2, 3, 3, 6, 6, 7, 4, 6, 1, 4, 4, 5], [2, 3, 3, 7, 1, 3, 4, 5, 5, 6, 3, 5], [2, 3, 3, 7, 1, 3, 4, 6, 3, 4, 4, 5], [2, 3, 3, 7, 4, 5, 1, 3, 5, 6, 3, 5], [2, 3, 3, 7, 4, 5, 5, 6, 1, 3, 3, 5], [2, 3, 3, 7, 4, 6, 1, 3, 3, 4, 4, 5], [2, 3, 4, 5, 3, 6, 6, 7, 5, 6, 1, 5], [2, 3, 4, 5, 3, 7, 1, 3, 5, 6, 3, 5], [2, 3, 4, 5, 3, 7, 5, 6, 1, 3, 3, 5], [2, 3, 4, 5, 5, 6, 3, 5, 5, 7, 1, 5], [2, 3, 4, 5, 5, 6, 3, 7, 1, 3, 3, 5], [2, 3, 4, 6, 3, 4, 4, 5, 5, 7, 1, 5], [2, 3, 4, 6, 3, 4, 4, 7, 1, 4, 4, 5], [2, 3, 4, 6, 3, 7, 1, 3, 3, 4, 4, 5], [2, 7, 1, 2, 2, 3, 4, 5, 5, 6, 3, 5], [2, 7, 1, 2, 2, 3, 4, 6, 3, 4, 4, 5], [2, 7, 1, 2, 4, 5, 2, 3, 5, 6, 3, 5], [2, 7, 1, 2, 4, 5, 5, 6, 2, 3, 3, 5], [2, 7, 1, 2, 4, 6, 2, 3, 3, 4, 4, 5], [2, 7, 4, 5, 1, 2, 2, 3, 5, 6, 3, 5], [2, 7, 4, 5, 1, 2, 5, 6, 2, 3, 3, 5], [2, 7, 4, 5, 5, 6, 1, 2, 2, 3, 3, 5], [2, 7, 4, 6, 1, 2, 2, 3, 3, 4, 4, 5], [4, 5, 2, 3, 3, 6, 6, 7, 5, 6, 1, 5], [4, 5, 2, 3, 3, 7, 1, 3, 5, 6, 3, 5], [4, 5, 2, 3, 3, 7, 5, 6, 1, 3, 3, 5], [4, 5, 2, 3, 5, 6, 3, 5, 5, 7, 1, 5], [4, 5, 2, 3, 5, 6, 3, 7, 1, 3, 3, 5], [4, 5, 2, 7, 1, 2, 2, 3, 5, 6, 3, 5], [4, 5, 2, 7, 1, 2, 5, 6, 2, 3, 3, 5], [4, 5, 2, 7, 5, 6, 1, 2, 2, 3, 3, 5], [4, 5, 5, 6, 2, 3, 3, 5, 5, 7, 1, 5], [4, 5, 5, 6, 2, 3, 3, 7, 1, 3, 3, 5], [4, 5, 5, 6, 2, 7, 1, 2, 2, 3, 3, 5], [4, 6, 2, 3, 3, 4, 4, 5, 5, 7, 1, 5], [4, 6, 2, 3, 3, 4, 4, 7, 1, 4, 4, 5], [4, 6, 2, 3, 3, 7, 1, 3, 3, 4, 4, 5], [4, 6, 2, 7, 1, 2, 2, 3, 3, 4, 4, 5]], 
     table([(0)=[{25}, {}, {}],(1)=[{21}, {[3, 21, 25]}, {}],(2)=[{18, 40}, {[2, 21, 40], [4, 18, 21]}, {}],(3)=[{5, 17, 39}, {[2, 5, 18], [3, 39, 40], [5, 17, 18]}, {}],(4)=[{4, 8, 16, 38}, {[2, 4, 17], [2, 8, 39], [3, 5, 16], [4, 5, 8], [4, 38, 39], [5, 4, 5]}, {}],(5)=[{10, 15, 37}, {[2, 15, 38], [3, 4, 10], [4, 15, 16], [5, 37, 38]}, {}],(6)=[{3, 11, 13, 14}, {[2, 14, 37], [3, 3, 15], [4, 10, 13], [5, 10, 11], [5, 14, 15]}, {}],(7)=[{2, 7, 12}, {[3, 7, 11], [3, 12, 14], [5, 2, 3], [5, 12, 13]}, {}],(9)=[{26, 27, 35}, {[2, 1, 26], [2, 6, 27], [3, 28, 35], [5, 27, 28]}, {}],(8)=[{1, 6, 9, 28}, {[2, 7, 28], [3, 1, 2], [4, 1, 2], [4, 6, 7], [4, 9, 12], [5, 6, 7]}, {}],(11)=[{19, 32}, {[2, 19, 31], [3, 32, 36], [5, 31, 32]}, {}],(10)=[{29, 30, 31, 34, 36}, {[2, 30, 35], [3, 27, 31], [4, 26, 29], [4, 27, 30], [4, 35, 36], [5, 34, 35]}, {[2, 29, 34], [3, 29, 34], [5, 29, 30]}],(13)=[{23, 24}, {[2, 24, 33], [5, 22, 23]}, {[3, 23, 24], [4, 23, 24]}],(12)=[{20, 22, 33}, {[2, 20, 32], [3, 19, 22], [4, 19, 20], [4, 32, 33], [5, 19, 20]}, {}]]) ], 

  [ [[2, 5], [2, 4, 5], [2, 4], [3, 4], [3, 5], [3], [2, 4], [2, 5], [2, 3, 5], [2, 3], [2, 4], [3, 5], [4, 5], [4], [3, 5], [3, 4], [1, 4], [1, 5], [1, 3, 5], [1, 3], [1, 4], [1, 2, 5], [1, 2], [1, 2, 4], [1, 3], [1, 3, 5], [1, 4, 5], [1, 4], [1, 3, 5], [1, 3], [1, 3, 4], [1, 5], [1, 4], [2, 5], [2], [2, 4], [2, 3], [2, 5], [2, 4], [3]], 
     {[2, 1, 26], [2, 2, 27], [2, 3, 28], [2, 7, 17], [2, 8, 18], [2, 9, 29], [2, 10, 30], [2, 11, 31], [2, 19, 34], [2, 20, 35], [2, 21, 36], [2, 25, 37], [2, 32, 38], [2, 33, 39], [3, 1, 12], [3, 2, 5], [3, 3, 6], [3, 4, 7], [3, 8, 15], [3, 11, 16], [3, 19, 22], [3, 20, 23], [3, 24, 25], [3, 26, 38], [3, 29, 34], [3, 30, 35], [3, 31, 39], [3, 36, 40], [4, 2, 5], [4, 3, 6], [4, 7, 9], [4, 10, 11], [4, 12, 14], [4, 13, 15], [4, 17, 19], [4, 20, 21], [4, 24, 25], [4, 26, 28], [4, 27, 29], [4, 30, 33], [4, 36, 37], [4, 39, 40], [5, 1, 3], [5, 4, 5], [5, 7, 8], [5, 9, 11], [5, 12, 14], [5, 15, 16], [5, 17, 18], [5, 19, 21], [5, 22, 24], [5, 26, 28], [5, 29, 31], [5, 32, 33], [5, 34, 36], [5, 38, 39]}, 
     [[2, 3, 3, 7, 4, 5, 5, 6, 7, 8, 1, 7], [2, 3, 3, 7, 4, 5, 7, 8, 1, 7, 5, 6], [2, 3, 3, 7, 4, 5, 7, 8, 5, 6, 1, 7], [2, 3, 3, 7, 7, 8, 1, 7, 4, 5, 5, 6], [2, 3, 3, 7, 7, 8, 4, 5, 1, 7, 5, 6], [2, 3, 3, 7, 7, 8, 4, 5, 5, 6, 1, 7], [2, 3, 3, 8, 1, 3, 3, 7, 4, 5, 5, 6], [2, 3, 3, 8, 1, 3, 4, 5, 3, 7, 5, 6], [2, 3, 3, 8, 4, 5, 1, 3, 3, 7, 5, 6], [2, 3, 3, 8, 4, 5, 1, 3, 5, 6, 3, 7], [2, 3, 3, 8, 4, 5, 5, 6, 1, 3, 3, 7], [2, 3, 4, 5, 3, 7, 5, 6, 7, 8, 1, 7], [2, 3, 4, 5, 3, 7, 7, 8, 1, 7, 5, 6], [2, 3, 4, 5, 3, 7, 7, 8, 5, 6, 1, 7], [2, 3, 4, 5, 3, 8, 1, 3, 3, 7, 5, 6], [2, 3, 4, 5, 3, 8, 5, 6, 1, 3, 3, 7], [2, 8, 1, 2, 2, 3, 3, 7, 4, 5, 5, 6], [2, 8, 1, 2, 2, 3, 4, 5, 3, 7, 5, 6], [2, 8, 1, 2, 4, 5, 2, 3, 3, 7, 5, 6], [2, 8, 1, 2, 4, 5, 2, 3, 5, 6, 3, 7], [2, 8, 1, 2, 4, 5, 5, 6, 2, 3, 3, 7], [2, 8, 4, 5, 1, 2, 2, 3, 3, 7, 5, 6], [2, 8, 4, 5, 1, 2, 2, 3, 5, 6, 3, 7], [2, 8, 4, 5, 1, 2, 5, 6, 2, 3, 3, 7], [2, 8, 4, 5, 5, 6, 1, 2, 2, 3, 3, 7], [4, 5, 2, 3, 3, 7, 5, 6, 7, 8, 1, 7], [4, 5, 2, 3, 3, 7, 7, 8, 1, 7, 5, 6], [4, 5, 2, 3, 3, 7, 7, 8, 5, 6, 1, 7], [4, 5, 2, 3, 3, 8, 1, 3, 3, 7, 5, 6], [4, 5, 2, 3, 3, 8, 1, 3, 5, 6, 3, 7], [4, 5, 2, 3, 3, 8, 5, 6, 1, 3, 3, 7], [4, 5, 2, 3, 5, 6, 3, 7, 7, 8, 1, 7], [4, 5, 2, 3, 5, 6, 3, 8, 1, 3, 3, 7], [4, 5, 2, 8, 1, 2, 2, 3, 3, 7, 5, 6], [4, 5, 2, 8, 1, 2, 2, 3, 5, 6, 3, 7], [4, 5, 2, 8, 1, 2, 5, 6, 2, 3, 3, 7], [4, 5, 2, 8, 5, 6, 1, 2, 2, 3, 3, 7], [4, 5, 5, 6, 2, 3, 3, 7, 7, 8, 1, 7], [4, 5, 5, 6, 2, 3, 3, 8, 1, 3, 3, 7], [4, 5, 5, 6, 2, 8, 1, 2, 2, 3, 3, 7]], 
     table([(0)=[{23}, {}, {}],(1)=[{20}, {[3, 20, 23]}, {}],(2)=[{21, 35}, {[2, 20, 35], [4, 20, 21]}, {}],(3)=[{19, 30, 36}, {[2, 21, 36], [3, 30, 35], [5, 19, 21]}, {}],(4)=[{10, 17, 22, 33, 34, 37, 40}, {[2, 10, 30], [2, 19, 34], [3, 19, 22], [3, 36, 40], [4, 17, 19], [4, 30, 33], [4, 36, 37], [5, 34, 36]}, {}],(5)=[{7, 11, 18, 24, 25, 29, 32, 39}, {[2, 7, 17], [2, 25, 37], [2, 33, 39], [3, 29, 34], [4, 10, 11], [4, 39, 40], [5, 17, 18], [5, 22, 24], [5, 32, 33]}, {[3, 24, 25], [4, 24, 25]}],(6)=[{4, 8, 9, 16, 27, 31, 38}, {[2, 8, 18], [2, 9, 29], [2, 11, 31], [2, 32, 38], [3, 4, 7], [3, 11, 16], [3, 31, 39], [4, 7, 9], [4, 27, 29], [5, 7, 8], [5, 9, 11], [5, 29, 31], [5, 38, 39]}, {}],(7)=[{2, 5, 15, 26}, {[2, 2, 27], [3, 8, 15], [3, 26, 38], [5, 4, 5], [5, 15, 16]}, {[3, 2, 5], [4, 2, 5]}],(9)=[{3, 12}, {[2, 3, 28], [3, 1, 12], [5, 1, 3]}, {}],(8)=[{1, 13, 28}, {[2, 1, 26], [4, 13, 15], [4, 26, 28], [5, 26, 28]}, {}],(10)=[{6, 14}, {[3, 3, 6], [4, 3, 6], [4, 12, 14], [5, 12, 14]}, {}]]) ], 

  [ [[4, 5], [3, 4], [3, 5], [2, 4], [2, 4, 5], [2, 5], [2, 3, 5], [2, 3], [2, 4], [3, 5], [3, 4], [1, 4], [1, 4, 5], [1, 5], [1, 3, 5], [1, 3], [1, 4], [1, 3, 5], [1, 3, 4], [1, 2, 5], [1, 2], [1, 2, 4], [1, 3], [2, 5], [2, 4], [2, 3], [2, 5], [2, 4], [3, 5], [4], [3], [1, 5], [1, 4], [1, 3, 5], [1, 3], [1, 4], [2, 5], [2], [2, 4], [3]], 
     {[2, 4, 12], [2, 5, 13], [2, 6, 14], [2, 7, 34], [2, 8, 35], [2, 9, 36], [2, 15, 37], [2, 16, 38], [2, 17, 39], [2, 18, 24], [2, 19, 25], [2, 23, 26], [2, 27, 32], [2, 28, 33], [3, 2, 4], [3, 3, 5], [3, 6, 10], [3, 9, 11], [3, 15, 20], [3, 16, 21], [3, 18, 24], [3, 19, 25], [3, 22, 23], [3, 27, 29], [3, 28, 31], [3, 34, 37], [3, 35, 38], [3, 39, 40], [4, 1, 3], [4, 4, 7], [4, 5, 10], [4, 8, 9], [4, 12, 15], [4, 13, 18], [4, 16, 17], [4, 22, 23], [4, 25, 26], [4, 28, 31], [4, 29, 30], [4, 33, 34], [4, 35, 36], [4, 39, 40], [5, 2, 3], [5, 4, 6], [5, 7, 9], [5, 10, 11], [5, 12, 14], [5, 15, 17], [5, 18, 19], [5, 20, 22], [5, 24, 25], [5, 27, 28], [5, 29, 30], [5, 32, 33], [5, 34, 36], [5, 37, 39]}, 
     [[2, 4, 1, 5, 5, 6, 6, 7, 4, 6, 3, 4], [2, 4, 1, 5, 5, 7, 4, 5, 3, 4, 5, 6], [2, 4, 1, 5, 5, 7, 4, 5, 5, 6, 3, 4], [2, 4, 4, 5, 1, 4, 4, 7, 3, 4, 5, 6], [2, 4, 4, 5, 1, 4, 4, 7, 5, 6, 3, 4], [2, 4, 4, 5, 1, 4, 5, 6, 4, 7, 3, 4], [2, 4, 4, 5, 3, 4, 1, 3, 3, 7, 5, 6], [2, 4, 4, 5, 3, 4, 1, 3, 5, 6, 3, 7], [2, 4, 4, 5, 3, 4, 5, 6, 1, 3, 3, 7], [2, 4, 4, 5, 5, 6, 1, 4, 4, 7, 3, 4], [2, 4, 4, 5, 5, 6, 3, 4, 1, 3, 3, 7], [2, 5, 1, 2, 2, 4, 4, 7, 3, 4, 5, 6], [2, 5, 1, 2, 2, 4, 4, 7, 5, 6, 3, 4], [2, 5, 1, 2, 2, 4, 5, 6, 4, 7, 3, 4], [2, 5, 1, 2, 3, 4, 2, 3, 3, 7, 5, 6], [2, 5, 1, 2, 3, 4, 2, 3, 5, 6, 3, 7], [2, 5, 1, 2, 3, 4, 5, 6, 2, 3, 3, 7], [2, 5, 1, 2, 5, 6, 2, 4, 4, 7, 3, 4], [2, 5, 1, 2, 5, 6, 3, 4, 2, 3, 3, 7], [2, 5, 3, 4, 1, 2, 2, 3, 3, 7, 5, 6], [2, 5, 3, 4, 1, 2, 2, 3, 5, 6, 3, 7], [2, 5, 3, 4, 1, 2, 5, 6, 2, 3, 3, 7], [2, 5, 3, 4, 5, 6, 1, 2, 2, 3, 3, 7], [2, 5, 5, 6, 1, 2, 2, 4, 4, 7, 3, 4], [2, 5, 5, 6, 1, 2, 3, 4, 2, 3, 3, 7], [2, 5, 5, 6, 3, 4, 1, 2, 2, 3, 3, 7], [3, 4, 1, 5, 2, 3, 5, 6, 6, 7, 3, 6], [3, 4, 1, 5, 2, 3, 5, 7, 3, 5, 5, 6], [3, 4, 1, 5, 5, 6, 2, 3, 6, 7, 3, 6], [3, 4, 1, 5, 5, 6, 6, 7, 2, 3, 3, 6], [3, 4, 1, 5, 5, 7, 2, 3, 3, 5, 5, 6], [3, 4, 2, 3, 1, 5, 5, 6, 6, 7, 3, 6], [3, 4, 2, 3, 1, 5, 5, 7, 3, 5, 5, 6], [3, 4, 2, 3, 3, 5, 1, 3, 3, 7, 5, 6], [3, 4, 2, 3, 3, 5, 1, 3, 5, 6, 3, 7], [3, 4, 2, 3, 3, 5, 5, 6, 1, 3, 3, 7], [3, 4, 2, 5, 1, 2, 2, 3, 3, 7, 5, 6], [3, 4, 2, 5, 1, 2, 2, 3, 5, 6, 3, 7], [3, 4, 2, 5, 1, 2, 5, 6, 2, 3, 3, 7], [3, 4, 2, 5, 5, 6, 1, 2, 2, 3, 3, 7]], 
     table([(0)=[{21}, {}, {}],(1)=[{16}, {[3, 16, 21]}, {}],(2)=[{17, 38}, {[2, 16, 38], [4, 16, 17]}, {}],(3)=[{15, 35, 39}, {[2, 17, 39], [3, 35, 38], [5, 15, 17]}, {}],(4)=[{8, 12, 20, 36, 37, 40}, {[2, 8, 35], [2, 15, 37], [3, 15, 20], [3, 39, 40], [4, 12, 15], [4, 35, 36], [4, 39, 40], [5, 37, 39]}, {}],(5)=[{4, 9, 14, 22, 34}, {[2, 4, 12], [2, 9, 36], [3, 34, 37], [4, 8, 9], [5, 12, 14], [5, 20, 22], [5, 34, 36]}, {}],(6)=[{2, 6, 7, 11, 23, 33}, {[2, 6, 14], [2, 7, 34], [3, 2, 4], [3, 9, 11], [3, 22, 23], [4, 4, 7], [4, 22, 23], [4, 33, 34], [5, 4, 6], [5, 7, 9]}, {}],(7)=[{3, 10, 26, 28, 32}, {[2, 23, 26], [2, 28, 33], [3, 6, 10], [5, 2, 3], [5, 10, 11], [5, 32, 33]}, {}],(9)=[{13, 19, 24, 29}, {[2, 5, 13], [2, 19, 25], [3, 19, 25], [3, 27, 29], [5, 24, 25]}, {}],(8)=[{1, 5, 25, 27, 31}, {[2, 27, 32], [3, 3, 5], [3, 28, 31], [4, 1, 3], [4, 5, 10], [4, 25, 26], [4, 28, 31], [5, 27, 28]}, {}],(10)=[{18, 30}, {[2, 18, 24], [3, 18, 24], [4, 13, 18], [4, 29, 30], [5, 18, 19], [5, 29, 30]}, {}]]) ], 

#################################################################
### The symmetric function = s[3, 2, 1] + s[2, 2, 2] + s[3, 1, 1, 1] + s[2, 2, 1, 1]   has 8 graph isomorphism types.

  [ [[3, 4, 5], [2, 3, 5], [2, 4], [2, 4, 5], [2, 3, 4], [2, 3, 5], [2, 4, 5], [3, 4], [3, 5], [1, 3, 5], [1, 3, 4], [1, 3, 4, 5], [1, 4], [1, 4, 5], [1, 3, 5], [1, 2, 4, 5], [1, 2, 5], [1, 2, 4], [1, 3, 5], [1, 3], [1, 3, 4], [2, 4], [2, 4, 5], [2, 5], [2, 3, 5], [2, 3], [2, 4], [2, 3, 5], [2, 3, 4], [1, 4, 5], [1, 3, 4], [1, 3, 5], [1, 2, 4], [1, 2, 4, 5], [1, 2, 5], [1, 2, 3, 5], [1, 2, 3], [1, 2, 4], [1, 3, 5], [1, 3, 4]], 
     {[2, 2, 10], [2, 3, 11], [2, 4, 12], [2, 5, 31], [2, 6, 32], [2, 7, 30], [2, 13, 22], [2, 14, 23], [2, 15, 24], [2, 19, 25], [2, 20, 26], [2, 21, 27], [2, 28, 39], [2, 29, 40], [3, 1, 7], [3, 3, 8], [3, 4, 9], [3, 10, 16], [3, 11, 22], [3, 12, 23], [3, 15, 24], [3, 17, 19], [3, 18, 20], [3, 21, 27], [3, 31, 33], [3, 32, 34], [3, 35, 39], [3, 38, 40], [4, 2, 3], [4, 4, 6], [4, 7, 9], [4, 10, 13], [4, 14, 15], [4, 16, 19], [4, 18, 20], [4, 22, 25], [4, 23, 28], [4, 26, 27], [4, 30, 32], [4, 33, 36], [4, 34, 39], [4, 37, 38], [5, 2, 3], [5, 5, 6], [5, 8, 9], [5, 10, 11], [5, 13, 15], [5, 17, 18], [5, 19, 21], [5, 22, 24], [5, 25, 27], [5, 28, 29], [5, 31, 32], [5, 33, 35], [5, 36, 38], [5, 39, 40]}, 
     [[1, 4, 4, 5, 5, 8, 6, 7, 3, 5, 2, 3], [1, 4, 4, 8, 3, 4, 2, 3, 6, 7, 4, 5], [1, 4, 4, 8, 3, 4, 6, 7, 2, 3, 4, 5], [1, 4, 4, 8, 3, 4, 6, 7, 4, 5, 2, 3], [1, 4, 4, 8, 6, 7, 3, 4, 2, 3, 4, 5], [1, 4, 4, 8, 6, 7, 3, 4, 4, 5, 2, 3], [1, 4, 6, 7, 4, 5, 5, 8, 3, 5, 2, 3], [1, 4, 6, 7, 4, 8, 3, 4, 2, 3, 4, 5], [1, 4, 6, 7, 4, 8, 3, 4, 4, 5, 2, 3], [3, 4, 1, 3, 3, 8, 2, 3, 6, 7, 4, 5], [3, 4, 1, 3, 3, 8, 6, 7, 2, 3, 4, 5], [3, 4, 1, 3, 3, 8, 6, 7, 4, 5, 2, 3], [3, 4, 1, 3, 6, 7, 3, 8, 2, 3, 4, 5], [3, 4, 1, 3, 6, 7, 3, 8, 4, 5, 2, 3], [3, 4, 1, 3, 6, 7, 4, 5, 3, 8, 2, 3], [3, 4, 2, 3, 1, 2, 2, 8, 6, 7, 4, 5], [3, 4, 2, 3, 1, 2, 6, 7, 2, 8, 4, 5], [3, 4, 2, 3, 1, 2, 6, 7, 4, 5, 2, 8], [3, 4, 2, 3, 6, 7, 1, 2, 2, 8, 4, 5], [3, 4, 2, 3, 6, 7, 1, 2, 4, 5, 2, 8], [3, 4, 2, 3, 6, 7, 4, 5, 1, 2, 2, 8], [3, 4, 6, 7, 1, 3, 3, 8, 2, 3, 4, 5], [3, 4, 6, 7, 1, 3, 3, 8, 4, 5, 2, 3], [3, 4, 6, 7, 1, 3, 4, 5, 3, 8, 2, 3], [3, 4, 6, 7, 2, 3, 1, 2, 2, 8, 4, 5], [3, 4, 6, 7, 2, 3, 1, 2, 4, 5, 2, 8], [3, 4, 6, 7, 2, 3, 4, 5, 1, 2, 2, 8], [3, 4, 6, 7, 4, 5, 1, 3, 3, 8, 2, 3], [3, 4, 6, 7, 4, 5, 2, 3, 1, 2, 2, 8], [6, 7, 1, 4, 4, 5, 5, 8, 3, 5, 2, 3], [6, 7, 1, 4, 4, 8, 3, 4, 2, 3, 4, 5], [6, 7, 1, 4, 4, 8, 3, 4, 4, 5, 2, 3], [6, 7, 3, 4, 1, 3, 3, 8, 2, 3, 4, 5], [6, 7, 3, 4, 1, 3, 3, 8, 4, 5, 2, 3], [6, 7, 3, 4, 1, 3, 4, 5, 3, 8, 2, 3], [6, 7, 3, 4, 2, 3, 1, 2, 2, 8, 4, 5], [6, 7, 3, 4, 2, 3, 1, 2, 4, 5, 2, 8], [6, 7, 3, 4, 2, 3, 4, 5, 1, 2, 2, 8], [6, 7, 3, 4, 4, 5, 1, 3, 3, 8, 2, 3], [6, 7, 3, 4, 4, 5, 2, 3, 1, 2, 2, 8]], 
     table([(0)=[{37}, {}, {}],(1)=[{38}, {[4, 37, 38]}, {}],(2)=[{36, 40}, {[3, 38, 40], [5, 36, 38]}, {}],(3)=[{29, 33, 39}, {[2, 29, 40], [4, 33, 36], [5, 39, 40]}, {}],(4)=[{28, 31, 34, 35}, {[2, 28, 39], [3, 31, 33], [3, 35, 39], [4, 34, 39], [5, 28, 29], [5, 33, 35]}, {}],(5)=[{5, 23, 32}, {[2, 5, 31], [3, 32, 34], [4, 23, 28], [5, 31, 32]}, {}],(6)=[{6, 12, 14, 30}, {[2, 6, 32], [2, 14, 23], [3, 12, 23], [4, 30, 32], [5, 5, 6]}, {}],(7)=[{4, 7, 15}, {[2, 4, 12], [2, 7, 30], [4, 4, 6], [4, 14, 15]}, {}],(9)=[{8, 10, 22}, {[2, 13, 22], [4, 10, 13], [5, 8, 9], [5, 22, 24]}, {}],(8)=[{1, 9, 13, 24}, {[2, 15, 24], [3, 1, 7], [3, 4, 9], [3, 15, 24], [4, 7, 9], [5, 13, 15]}, {}],(11)=[{19, 27}, {[2, 19, 25], [4, 16, 19], [5, 25, 27]}, {}],(10)=[{2, 3, 11, 16, 25}, {[2, 2, 10], [3, 3, 8], [3, 10, 16], [3, 11, 22], [4, 22, 25], [5, 10, 11]}, {[2, 3, 11], [4, 2, 3], [5, 2, 3]}],(13)=[{18, 20}, {[2, 20, 26], [5, 17, 18]}, {[3, 18, 20], [4, 18, 20]}],(12)=[{17, 21, 26}, {[2, 21, 27], [3, 17, 19], [3, 21, 27], [4, 26, 27], [5, 19, 21]}, {}]]) ], 

  [ [[2, 4, 5], [3, 4], [3, 4, 5], [3, 5], [2, 3, 5], [2, 4], [2, 4, 5], [2, 3, 4], [2, 3, 5], [1, 3, 5], [1, 3, 4], [1, 3, 4, 5], [1, 4], [1, 4, 5], [1, 3, 5], [1, 2, 4, 5], [1, 2, 5], [1, 2, 4], [1, 3, 5], [1, 3], [1, 3, 4], [2, 4], [2, 4, 5], [2, 5], [2, 3, 5], [2, 3], [2, 4], [2, 3, 5], [2, 3, 4], [1, 4, 5], [1, 3, 4], [1, 3, 5], [1, 2, 4], [1, 2, 4, 5], [1, 2, 5], [1, 2, 3, 5], [1, 2, 3], [1, 2, 4], [1, 3, 5], [1, 3, 4]], 
     {[2, 1, 30], [2, 5, 10], [2, 6, 11], [2, 7, 12], [2, 8, 31], [2, 9, 32], [2, 13, 22], [2, 14, 23], [2, 15, 24], [2, 19, 25], [2, 20, 26], [2, 21, 27], [2, 28, 39], [2, 29, 40], [3, 1, 4], [3, 2, 6], [3, 3, 7], [3, 10, 16], [3, 11, 22], [3, 12, 23], [3, 15, 24], [3, 17, 19], [3, 18, 20], [3, 21, 27], [3, 31, 33], [3, 32, 34], [3, 35, 39], [3, 38, 40], [4, 1, 4], [4, 5, 6], [4, 7, 9], [4, 10, 13], [4, 14, 15], [4, 16, 19], [4, 18, 20], [4, 22, 25], [4, 23, 28], [4, 26, 27], [4, 30, 32], [4, 33, 36], [4, 34, 39], [4, 37, 38], [5, 2, 4], [5, 5, 6], [5, 8, 9], [5, 10, 11], [5, 13, 15], [5, 17, 18], [5, 19, 21], [5, 22, 24], [5, 25, 27], [5, 28, 29], [5, 31, 32], [5, 33, 35], [5, 36, 38], [5, 39, 40]}, 
     [[1, 4, 4, 7, 5, 6, 7, 8, 3, 7, 2, 3], [1, 4, 4, 7, 7, 8, 3, 7, 2, 3, 5, 6], [1, 4, 4, 7, 7, 8, 3, 7, 5, 6, 2, 3], [1, 4, 4, 7, 7, 8, 5, 6, 3, 7, 2, 3], [1, 4, 4, 8, 3, 4, 2, 3, 4, 7, 5, 6], [1, 4, 4, 8, 3, 4, 4, 7, 2, 3, 5, 6], [1, 4, 4, 8, 3, 4, 4, 7, 5, 6, 2, 3], [1, 4, 4, 8, 5, 6, 3, 4, 2, 3, 4, 7], [1, 4, 4, 8, 5, 6, 3, 4, 4, 7, 2, 3], [3, 4, 1, 3, 3, 8, 2, 3, 4, 7, 5, 6], [3, 4, 1, 3, 3, 8, 4, 7, 2, 3, 5, 6], [3, 4, 1, 3, 3, 8, 4, 7, 5, 6, 2, 3], [3, 4, 1, 3, 4, 7, 3, 8, 2, 3, 5, 6], [3, 4, 1, 3, 4, 7, 3, 8, 5, 6, 2, 3], [3, 4, 1, 3, 4, 7, 5, 6, 3, 8, 2, 3], [3, 4, 2, 3, 1, 2, 2, 8, 4, 7, 5, 6], [3, 4, 2, 3, 1, 2, 4, 7, 2, 8, 5, 6], [3, 4, 2, 3, 1, 2, 4, 7, 5, 6, 2, 8], [3, 4, 2, 3, 4, 7, 1, 2, 2, 8, 5, 6], [3, 4, 2, 3, 4, 7, 1, 2, 5, 6, 2, 8], [3, 4, 2, 3, 4, 7, 5, 6, 1, 2, 2, 8], [3, 4, 4, 7, 1, 3, 3, 8, 2, 3, 5, 6], [3, 4, 4, 7, 1, 3, 3, 8, 5, 6, 2, 3], [3, 4, 4, 7, 1, 3, 5, 6, 3, 8, 2, 3], [3, 4, 4, 7, 2, 3, 1, 2, 2, 8, 5, 6], [3, 4, 4, 7, 2, 3, 1, 2, 5, 6, 2, 8], [3, 4, 4, 7, 2, 3, 5, 6, 1, 2, 2, 8], [3, 4, 4, 7, 5, 6, 1, 3, 3, 8, 2, 3], [3, 4, 4, 7, 5, 6, 2, 3, 1, 2, 2, 8], [5, 6, 1, 4, 4, 7, 7, 8, 3, 7, 2, 3], [5, 6, 1, 4, 4, 8, 3, 4, 2, 3, 4, 7], [5, 6, 1, 4, 4, 8, 3, 4, 4, 7, 2, 3], [5, 6, 3, 4, 1, 3, 3, 8, 2, 3, 4, 7], [5, 6, 3, 4, 1, 3, 3, 8, 4, 7, 2, 3], [5, 6, 3, 4, 1, 3, 4, 7, 3, 8, 2, 3], [5, 6, 3, 4, 2, 3, 1, 2, 2, 8, 4, 7], [5, 6, 3, 4, 2, 3, 1, 2, 4, 7, 2, 8], [5, 6, 3, 4, 2, 3, 4, 7, 1, 2, 2, 8], [5, 6, 3, 4, 4, 7, 1, 3, 3, 8, 2, 3], [5, 6, 3, 4, 4, 7, 2, 3, 1, 2, 2, 8]], 
     table([(0)=[{37}, {}, {}],(1)=[{38}, {[4, 37, 38]}, {}],(2)=[{36, 40}, {[3, 38, 40], [5, 36, 38]}, {}],(3)=[{29, 33, 39}, {[2, 29, 40], [4, 33, 36], [5, 39, 40]}, {}],(4)=[{28, 31, 34, 35}, {[2, 28, 39], [3, 31, 33], [3, 35, 39], [4, 34, 39], [5, 28, 29], [5, 33, 35]}, {}],(5)=[{8, 23, 32}, {[2, 8, 31], [3, 32, 34], [4, 23, 28], [5, 31, 32]}, {}],(6)=[{9, 12, 14, 30}, {[2, 9, 32], [2, 14, 23], [3, 12, 23], [4, 30, 32], [5, 8, 9]}, {}],(7)=[{1, 7, 15}, {[2, 1, 30], [2, 7, 12], [4, 7, 9], [4, 14, 15]}, {}],(9)=[{2, 10, 22}, {[2, 13, 22], [4, 10, 13], [5, 2, 4], [5, 22, 24]}, {}],(8)=[{3, 4, 13, 24}, {[2, 15, 24], [3, 1, 4], [3, 3, 7], [3, 15, 24], [4, 1, 4], [5, 13, 15]}, {}],(11)=[{19, 27}, {[2, 19, 25], [4, 16, 19], [5, 25, 27]}, {}],(10)=[{5, 6, 11, 16, 25}, {[2, 5, 10], [3, 2, 6], [3, 10, 16], [3, 11, 22], [4, 22, 25], [5, 10, 11]}, {[2, 6, 11], [4, 5, 6], [5, 5, 6]}],(13)=[{18, 20}, {[2, 20, 26], [5, 17, 18]}, {[3, 18, 20], [4, 18, 20]}],(12)=[{17, 21, 26}, {[2, 21, 27], [3, 17, 19], [3, 21, 27], [4, 26, 27], [5, 19, 21]}, {}]]) ], 

  [ [[3, 4, 5], [2, 3, 5], [2, 4], [2, 4, 5], [2, 3, 4], [2, 3, 5], [2, 4, 5], [3, 4], [3, 5], [1, 2, 4, 5], [1, 2, 5], [1, 2, 4], [1, 3, 5], [1, 3, 4], [1, 3, 4, 5], [1, 3, 5], [1, 3], [1, 4], [1, 4, 5], [1, 3, 4], [1, 3, 5], [2, 3, 5], [2, 3], [2, 4], [2, 4, 5], [2, 4], [2, 5], [2, 3, 4], [2, 3, 5], [1, 4, 5], [1, 3, 4], [1, 3, 5], [1, 2, 3, 5], [1, 2, 3], [1, 2, 4], [1, 2, 4, 5], [1, 2, 4], [1, 2, 5], [1, 3, 4], [1, 3, 5]], 
     {[2, 2, 13], [2, 3, 14], [2, 4, 15], [2, 5, 31], [2, 6, 32], [2, 7, 30], [2, 16, 22], [2, 17, 23], [2, 18, 24], [2, 19, 25], [2, 20, 26], [2, 21, 27], [2, 28, 39], [2, 29, 40], [3, 1, 7], [3, 3, 8], [3, 4, 9], [3, 10, 13], [3, 11, 16], [3, 12, 17], [3, 14, 24], [3, 15, 25], [3, 20, 26], [3, 21, 27], [3, 31, 35], [3, 32, 36], [3, 37, 39], [3, 38, 40], [4, 2, 3], [4, 4, 6], [4, 7, 9], [4, 10, 13], [4, 12, 17], [4, 16, 18], [4, 19, 21], [4, 22, 24], [4, 23, 26], [4, 25, 29], [4, 30, 32], [4, 33, 35], [4, 34, 37], [4, 36, 40], [5, 2, 3], [5, 5, 6], [5, 8, 9], [5, 11, 12], [5, 13, 14], [5, 16, 18], [5, 20, 21], [5, 22, 24], [5, 26, 27], [5, 28, 29], [5, 31, 32], [5, 33, 35], [5, 37, 38], [5, 39, 40]}, 
     [[1, 5, 5, 6, 6, 9, 7, 8, 4, 6, 2, 3], [1, 5, 5, 9, 4, 5, 2, 3, 7, 8, 5, 6], [1, 5, 5, 9, 4, 5, 7, 8, 2, 3, 5, 6], [1, 5, 5, 9, 4, 5, 7, 8, 5, 6, 2, 3], [1, 5, 5, 9, 7, 8, 4, 5, 2, 3, 5, 6], [1, 5, 5, 9, 7, 8, 4, 5, 5, 6, 2, 3], [1, 5, 7, 8, 5, 6, 6, 9, 4, 6, 2, 3], [1, 5, 7, 8, 5, 9, 4, 5, 2, 3, 5, 6], [1, 5, 7, 8, 5, 9, 4, 5, 5, 6, 2, 3], [4, 5, 1, 4, 2, 3, 4, 9, 7, 8, 5, 6], [4, 5, 1, 4, 2, 3, 7, 8, 4, 9, 5, 6], [4, 5, 1, 4, 2, 3, 7, 8, 5, 6, 4, 9], [4, 5, 1, 4, 4, 9, 2, 3, 7, 8, 5, 6], [4, 5, 1, 4, 4, 9, 7, 8, 2, 3, 5, 6], [4, 5, 1, 4, 4, 9, 7, 8, 5, 6, 2, 3], [4, 5, 1, 4, 7, 8, 2, 3, 4, 9, 5, 6], [4, 5, 1, 4, 7, 8, 2, 3, 5, 6, 4, 9], [4, 5, 1, 4, 7, 8, 4, 9, 2, 3, 5, 6], [4, 5, 1, 4, 7, 8, 4, 9, 5, 6, 2, 3], [4, 5, 1, 4, 7, 8, 5, 6, 2, 3, 4, 9], [4, 5, 1, 4, 7, 8, 5, 6, 4, 9, 2, 3], [4, 5, 7, 8, 1, 4, 2, 3, 4, 9, 5, 6], [4, 5, 7, 8, 1, 4, 2, 3, 5, 6, 4, 9], [4, 5, 7, 8, 1, 4, 4, 9, 2, 3, 5, 6], [4, 5, 7, 8, 1, 4, 4, 9, 5, 6, 2, 3], [4, 5, 7, 8, 1, 4, 5, 6, 2, 3, 4, 9], [4, 5, 7, 8, 1, 4, 5, 6, 4, 9, 2, 3], [4, 5, 7, 8, 5, 6, 1, 4, 2, 3, 4, 9], [4, 5, 7, 8, 5, 6, 1, 4, 4, 9, 2, 3], [7, 8, 1, 5, 5, 6, 6, 9, 4, 6, 2, 3], [7, 8, 1, 5, 5, 9, 4, 5, 2, 3, 5, 6], [7, 8, 1, 5, 5, 9, 4, 5, 5, 6, 2, 3], [7, 8, 4, 5, 1, 4, 2, 3, 4, 9, 5, 6], [7, 8, 4, 5, 1, 4, 2, 3, 5, 6, 4, 9], [7, 8, 4, 5, 1, 4, 4, 9, 2, 3, 5, 6], [7, 8, 4, 5, 1, 4, 4, 9, 5, 6, 2, 3], [7, 8, 4, 5, 1, 4, 5, 6, 2, 3, 4, 9], [7, 8, 4, 5, 1, 4, 5, 6, 4, 9, 2, 3], [7, 8, 4, 5, 5, 6, 1, 4, 2, 3, 4, 9], [7, 8, 4, 5, 5, 6, 1, 4, 4, 9, 2, 3]], 
     table([(0)=[{34}, {}, {}],(1)=[{37}, {[4, 34, 37]}, {}],(2)=[{38, 39}, {[3, 37, 39], [5, 37, 38]}, {}],(3)=[{28, 40}, {[2, 28, 39], [3, 38, 40], [5, 39, 40]}, {}],(4)=[{29, 36}, {[2, 29, 40], [4, 36, 40], [5, 28, 29]}, {}],(5)=[{25, 32}, {[3, 32, 36], [4, 25, 29]}, {}],(6)=[{6, 15, 19, 30, 31}, {[2, 6, 32], [2, 19, 25], [3, 15, 25], [4, 30, 32], [5, 31, 32]}, {}],(7)=[{4, 5, 7, 21, 35}, {[2, 4, 15], [2, 5, 31], [2, 7, 30], [3, 31, 35], [4, 4, 6], [4, 19, 21], [5, 5, 6]}, {}],(9)=[{8, 26}, {[2, 20, 26], [3, 20, 26], [5, 8, 9], [5, 26, 27]}, {}],(8)=[{1, 9, 20, 27, 33}, {[2, 21, 27], [3, 1, 7], [3, 4, 9], [3, 21, 27], [4, 7, 9], [4, 33, 35], [5, 20, 21], [5, 33, 35]}, {}],(11)=[{2, 14, 17}, {[2, 3, 14], [2, 17, 23], [4, 2, 3], [5, 2, 3]}, {}],(10)=[{3, 23}, {[3, 3, 8], [4, 23, 26]}, {}],(13)=[{10, 11, 18, 22}, {[2, 18, 24], [3, 10, 13], [4, 10, 13], [4, 22, 24], [5, 11, 12], [5, 22, 24]}, {}],(12)=[{12, 13, 24}, {[2, 2, 13], [3, 12, 17], [3, 14, 24], [4, 12, 17], [5, 13, 14]}, {}],(14)=[{16}, {[2, 16, 22], [3, 11, 16], [4, 16, 18], [5, 16, 18]}, {}]]) ], 

  [ [[1, 3, 4, 5], [1, 2, 4, 5], [1, 3, 5], [1, 3, 4], [2, 4, 5], [2, 3, 5], [2, 3, 4], [2, 3, 5], [2, 4], [3, 4, 5], [2, 4, 5], [2, 3, 5], [2, 3, 4], [1, 4, 5], [1, 3, 5], [1, 3, 4], [1, 3, 5], [1, 4], [1, 2, 4, 5], [1, 2, 5], [1, 2, 4], [1, 3, 5], [1, 3], [1, 3, 4], [1, 2, 5], [1, 2, 4], [1, 2, 3, 5], [1, 2, 3], [1, 2, 4], [2, 4, 5], [3, 5], [3, 4], [1, 4, 5], [1, 3, 5], [1, 3, 4], [2, 5], [2, 4], [2, 3, 5], [2, 3], [2, 4]], 
     {[2, 1, 5], [2, 3, 8], [2, 4, 9], [2, 6, 15], [2, 7, 16], [2, 11, 14], [2, 12, 34], [2, 13, 35], [2, 17, 36], [2, 18, 37], [2, 22, 38], [2, 23, 39], [2, 24, 40], [2, 30, 33], [3, 1, 5], [3, 2, 3], [3, 4, 9], [3, 10, 11], [3, 15, 19], [3, 16, 26], [3, 17, 25], [3, 20, 22], [3, 21, 23], [3, 24, 29], [3, 30, 31], [3, 32, 37], [3, 34, 36], [3, 35, 40], [4, 2, 3], [4, 5, 8], [4, 6, 9], [4, 11, 12], [4, 14, 17], [4, 15, 18], [4, 19, 22], [4, 21, 23], [4, 26, 27], [4, 28, 29], [4, 30, 31], [4, 33, 34], [4, 37, 38], [4, 39, 40], [5, 3, 4], [5, 6, 7], [5, 8, 9], [5, 12, 13], [5, 15, 16], [5, 17, 18], [5, 20, 21], [5, 22, 24], [5, 25, 26], [5, 27, 29], [5, 31, 32], [5, 34, 35], [5, 36, 37], [5, 38, 40]}, 
     [[1, 6, 3, 5, 6, 7, 5, 6, 4, 5, 2, 4], [1, 6, 4, 5, 3, 4, 6, 7, 4, 6, 2, 4], [1, 6, 4, 5, 6, 7, 3, 4, 4, 6, 2, 4], [1, 6, 4, 5, 6, 7, 3, 6, 2, 3, 3, 4], [1, 6, 6, 7, 3, 5, 5, 6, 4, 5, 2, 4], [1, 6, 6, 7, 3, 6, 2, 3, 4, 5, 3, 4], [1, 6, 6, 7, 3, 6, 4, 5, 2, 3, 3, 4], [1, 6, 6, 7, 4, 5, 3, 4, 4, 6, 2, 4], [1, 6, 6, 7, 4, 5, 3, 6, 2, 3, 3, 4], [3, 5, 1, 6, 6, 7, 5, 6, 4, 5, 2, 4], [3, 5, 5, 6, 1, 5, 5, 7, 4, 5, 2, 4], [3, 5, 5, 6, 4, 5, 1, 4, 4, 7, 2, 4], [3, 5, 5, 6, 4, 5, 2, 4, 1, 2, 2, 7], [3, 6, 1, 3, 3, 5, 5, 7, 4, 5, 2, 4], [3, 6, 1, 3, 3, 7, 2, 3, 4, 5, 3, 4], [3, 6, 1, 3, 3, 7, 4, 5, 2, 3, 3, 4], [3, 6, 1, 3, 4, 5, 3, 4, 4, 7, 2, 4], [3, 6, 1, 3, 4, 5, 3, 7, 2, 3, 3, 4], [3, 6, 2, 3, 1, 2, 2, 7, 4, 5, 3, 4], [3, 6, 2, 3, 1, 2, 4, 5, 2, 7, 3, 4], [3, 6, 2, 3, 1, 2, 4, 5, 3, 4, 2, 7], [3, 6, 2, 3, 4, 5, 1, 2, 2, 7, 3, 4], [3, 6, 2, 3, 4, 5, 1, 2, 3, 4, 2, 7], [3, 6, 2, 3, 4, 5, 3, 4, 1, 2, 2, 7], [3, 6, 4, 5, 1, 3, 3, 4, 4, 7, 2, 4], [3, 6, 4, 5, 1, 3, 3, 7, 2, 3, 3, 4], [3, 6, 4, 5, 2, 3, 1, 2, 2, 7, 3, 4], [3, 6, 4, 5, 2, 3, 1, 2, 3, 4, 2, 7], [3, 6, 4, 5, 2, 3, 3, 4, 1, 2, 2, 7], [4, 5, 1, 6, 3, 4, 6, 7, 4, 6, 2, 4], [4, 5, 1, 6, 6, 7, 3, 4, 4, 6, 2, 4], [4, 5, 1, 6, 6, 7, 3, 6, 2, 3, 3, 4], [4, 5, 3, 4, 1, 6, 6, 7, 4, 6, 2, 4], [4, 5, 3, 4, 4, 6, 1, 4, 4, 7, 2, 4], [4, 5, 3, 4, 4, 6, 2, 4, 1, 2, 2, 7], [4, 5, 3, 6, 1, 3, 3, 4, 4, 7, 2, 4], [4, 5, 3, 6, 1, 3, 3, 7, 2, 3, 3, 4], [4, 5, 3, 6, 2, 3, 1, 2, 2, 7, 3, 4], [4, 5, 3, 6, 2, 3, 1, 2, 3, 4, 2, 7], [4, 5, 3, 6, 2, 3, 3, 4, 1, 2, 2, 7]], 
     table([(0)=[{28}, {}, {}],(1)=[{29}, {[4, 28, 29]}, {}],(2)=[{24, 27}, {[3, 24, 29], [5, 27, 29]}, {}],(3)=[{22, 26, 40}, {[2, 24, 40], [4, 26, 27], [5, 22, 24]}, {}],(4)=[{16, 19, 20, 25, 35, 38, 39}, {[2, 22, 38], [3, 16, 26], [3, 20, 22], [3, 35, 40], [4, 19, 22], [4, 39, 40], [5, 25, 26], [5, 38, 40]}, {}],(5)=[{7, 13, 15, 17, 21, 23, 34, 37}, {[2, 7, 16], [2, 13, 35], [2, 23, 39], [3, 15, 19], [3, 17, 25], [4, 37, 38], [5, 15, 16], [5, 20, 21], [5, 34, 35]}, {[3, 21, 23], [4, 21, 23]}],(6)=[{6, 12, 14, 18, 32, 33, 36}, {[2, 6, 15], [2, 12, 34], [2, 17, 36], [2, 18, 37], [3, 32, 37], [3, 34, 36], [4, 14, 17], [4, 15, 18], [4, 33, 34], [5, 6, 7], [5, 12, 13], [5, 17, 18], [5, 36, 37]}, {}],(7)=[{9, 11, 30, 31}, {[2, 11, 14], [2, 30, 33], [4, 6, 9], [4, 11, 12], [5, 31, 32]}, {[3, 30, 31], [4, 30, 31]}],(9)=[{3, 5}, {[2, 3, 8], [4, 5, 8], [5, 3, 4]}, {}],(8)=[{4, 8, 10}, {[2, 4, 9], [3, 4, 9], [3, 10, 11], [5, 8, 9]}, {}],(10)=[{1, 2}, {[2, 1, 5], [3, 1, 5], [3, 2, 3], [4, 2, 3]}, {}]]) ], 

  [ [[2, 3, 4], [2, 3, 5], [2, 4, 5], [3, 4, 5], [1, 3, 4], [1, 3, 5], [1, 4, 5], [1, 2, 4], [1, 2, 5], [1, 2, 4, 5], [1, 2, 3], [1, 2, 3, 5], [1, 2, 4], [1, 3, 5], [1, 3, 4], [1, 3, 4], [1, 3, 5], [1, 3, 4, 5], [1, 4, 5], [2, 4], [2, 5], [2, 4, 5], [2, 3], [2, 3, 5], [2, 4], [2, 3, 5], [2, 3, 4], [1, 2, 4], [1, 2, 4, 5], [1, 2, 5], [1, 3], [1, 3, 5], [1, 3, 4], [1, 3, 5], [1, 4], [2, 4, 5], [3, 5], [3, 4], [2, 3, 5], [2, 4]], 
     {[2, 1, 16], [2, 2, 17], [2, 3, 18], [2, 5, 20], [2, 6, 21], [2, 7, 22], [2, 14, 26], [2, 15, 27], [2, 19, 36], [2, 23, 31], [2, 24, 32], [2, 25, 33], [2, 34, 39], [2, 35, 40], [3, 3, 4], [3, 5, 8], [3, 6, 9], [3, 10, 14], [3, 13, 15], [3, 16, 28], [3, 17, 29], [3, 18, 36], [3, 20, 31], [3, 21, 32], [3, 22, 37], [3, 25, 33], [3, 30, 34], [3, 38, 40], [4, 2, 3], [4, 6, 7], [4, 8, 11], [4, 10, 14], [4, 12, 13], [4, 17, 19], [4, 20, 23], [4, 22, 26], [4, 24, 25], [4, 28, 31], [4, 29, 34], [4, 32, 35], [4, 36, 39], [4, 37, 40], [5, 1, 2], [5, 5, 6], [5, 8, 9], [5, 12, 13], [5, 14, 15], [5, 16, 17], [5, 20, 21], [5, 24, 25], [5, 26, 27], [5, 28, 30], [5, 32, 33], [5, 34, 35], [5, 37, 38], [5, 39, 40]}, 
     [[2, 4, 4, 8, 5, 6, 3, 4, 1, 3, 6, 7], [2, 4, 4, 8, 5, 6, 3, 4, 6, 7, 1, 3], [2, 4, 4, 8, 5, 6, 6, 7, 3, 4, 1, 3], [2, 4, 5, 6, 4, 8, 6, 7, 3, 4, 1, 3], [2, 8, 1, 2, 5, 6, 3, 4, 2, 3, 6, 7], [2, 8, 1, 2, 5, 6, 3, 4, 6, 7, 2, 3], [2, 8, 1, 2, 5, 6, 6, 7, 3, 4, 2, 3], [2, 8, 5, 6, 1, 2, 3, 4, 2, 3, 6, 7], [2, 8, 5, 6, 1, 2, 3, 4, 6, 7, 2, 3], [2, 8, 5, 6, 1, 2, 6, 7, 3, 4, 2, 3], [2, 8, 5, 6, 3, 4, 1, 2, 2, 3, 6, 7], [2, 8, 5, 6, 3, 4, 1, 2, 6, 7, 2, 3], [2, 8, 5, 6, 3, 4, 6, 7, 1, 2, 2, 3], [2, 8, 5, 6, 6, 7, 1, 2, 3, 4, 2, 3], [2, 8, 5, 6, 6, 7, 3, 4, 1, 2, 2, 3], [5, 6, 2, 4, 4, 8, 3, 4, 1, 3, 6, 7], [5, 6, 2, 4, 4, 8, 3, 4, 6, 7, 1, 3], [5, 6, 2, 4, 4, 8, 6, 7, 3, 4, 1, 3], [5, 6, 2, 4, 6, 7, 4, 8, 3, 4, 1, 3], [5, 6, 2, 8, 1, 2, 3, 4, 2, 3, 6, 7], [5, 6, 2, 8, 1, 2, 3, 4, 6, 7, 2, 3], [5, 6, 2, 8, 1, 2, 6, 7, 3, 4, 2, 3], [5, 6, 2, 8, 3, 4, 1, 2, 2, 3, 6, 7], [5, 6, 2, 8, 3, 4, 1, 2, 6, 7, 2, 3], [5, 6, 2, 8, 3, 4, 6, 7, 1, 2, 2, 3], [5, 6, 2, 8, 6, 7, 1, 2, 3, 4, 2, 3], [5, 6, 2, 8, 6, 7, 3, 4, 1, 2, 2, 3], [5, 6, 3, 4, 2, 3, 3, 8, 1, 3, 6, 7], [5, 6, 3, 4, 2, 3, 3, 8, 6, 7, 1, 3], [5, 6, 3, 4, 2, 3, 6, 7, 3, 8, 1, 3], [5, 6, 3, 4, 2, 8, 1, 2, 2, 3, 6, 7], [5, 6, 3, 4, 2, 8, 1, 2, 6, 7, 2, 3], [5, 6, 3, 4, 2, 8, 6, 7, 1, 2, 2, 3], [5, 6, 3, 4, 6, 7, 2, 3, 3, 8, 1, 3], [5, 6, 3, 4, 6, 7, 2, 8, 1, 2, 2, 3], [5, 6, 6, 7, 2, 4, 4, 8, 3, 4, 1, 3], [5, 6, 6, 7, 2, 8, 1, 2, 3, 4, 2, 3], [5, 6, 6, 7, 2, 8, 3, 4, 1, 2, 2, 3], [5, 6, 6, 7, 3, 4, 2, 3, 3, 8, 1, 3], [5, 6, 6, 7, 3, 4, 2, 8, 1, 2, 2, 3]], 
     table([(0)=[{11}, {}, {}],(1)=[{8}, {[4, 8, 11]}, {}],(2)=[{5, 9}, {[3, 5, 8], [5, 8, 9]}, {}],(3)=[{6, 20}, {[2, 5, 20], [3, 6, 9], [5, 5, 6]}, {}],(4)=[{7, 21, 23, 31}, {[2, 6, 21], [3, 20, 31], [4, 6, 7], [4, 20, 23], [5, 20, 21]}, {[2, 23, 31]}],(5)=[{22, 28, 32}, {[2, 7, 22], [3, 21, 32], [4, 28, 31]}, {}],(6)=[{16, 24, 26, 30, 33, 35, 37}, {[2, 24, 32], [3, 16, 28], [3, 22, 37], [4, 22, 26], [4, 32, 35], [5, 28, 30], [5, 32, 33]}, {}],(7)=[{1, 14, 17, 25, 27, 34, 38, 40}, {[2, 1, 16], [2, 14, 26], [2, 25, 33], [2, 35, 40], [3, 25, 33], [3, 30, 34], [4, 24, 25], [4, 37, 40], [5, 16, 17], [5, 24, 25], [5, 26, 27], [5, 34, 35], [5, 37, 38]}, {[3, 38, 40]}],(9)=[{3, 13, 36}, {[2, 19, 36], [3, 13, 15], [4, 2, 3], [4, 36, 39]}, {}],(8)=[{2, 10, 15, 19, 29, 39}, {[2, 2, 17], [2, 15, 27], [2, 34, 39], [3, 10, 14], [3, 17, 29], [4, 10, 14], [4, 17, 19], [4, 29, 34], [5, 1, 2], [5, 14, 15], [5, 39, 40]}, {}],(10)=[{4, 12, 18}, {[2, 3, 18], [3, 3, 4], [3, 18, 36], [4, 12, 13], [5, 12, 13]}, {}]]) ], 

  [ [[1, 3, 4, 5], [2, 4, 5], [2, 3, 5], [2, 3, 4], [1, 4, 5], [1, 3, 5], [1, 3, 4], [1, 2, 4, 5], [1, 3, 5], [1, 3, 4], [1, 2, 5], [1, 2, 4], [1, 2, 3, 5], [1, 2, 4], [1, 2, 3], [3, 4, 5], [2, 4, 5], [2, 3, 5], [2, 3, 4], [2, 4, 5], [3, 5], [3, 4], [2, 3, 5], [2, 4], [1, 2, 4, 5], [1, 3, 5], [1, 3, 4], [2, 5], [2, 4], [2, 3, 5], [2, 4], [2, 3], [1, 4, 5], [1, 3, 5], [1, 3, 4], [1, 3, 5], [1, 4], [1, 2, 5], [1, 2, 4], [1, 3]], 
     {[2, 1, 2], [2, 3, 26], [2, 4, 27], [2, 5, 17], [2, 6, 28], [2, 7, 29], [2, 9, 18], [2, 10, 19], [2, 20, 33], [2, 23, 36], [2, 24, 37], [2, 30, 34], [2, 31, 35], [2, 32, 40], [3, 1, 2], [3, 6, 11], [3, 7, 12], [3, 8, 9], [3, 10, 14], [3, 16, 20], [3, 17, 21], [3, 22, 24], [3, 25, 26], [3, 27, 39], [3, 28, 34], [3, 29, 40], [3, 31, 35], [3, 36, 38], [4, 2, 3], [4, 5, 6], [4, 8, 9], [4, 12, 15], [4, 13, 14], [4, 17, 18], [4, 20, 23], [4, 21, 24], [4, 25, 26], [4, 29, 32], [4, 30, 31], [4, 33, 36], [4, 34, 37], [4, 39, 40], [5, 3, 4], [5, 6, 7], [5, 9, 10], [5, 11, 12], [5, 13, 14], [5, 18, 19], [5, 21, 22], [5, 23, 24], [5, 26, 27], [5, 28, 29], [5, 30, 31], [5, 34, 35], [5, 36, 37], [5, 38, 39]}, 
     [[2, 5, 3, 4, 5, 8, 6, 7, 4, 5, 1, 4], [2, 5, 5, 8, 3, 4, 6, 7, 4, 5, 1, 4], [2, 5, 5, 8, 6, 7, 3, 4, 4, 5, 1, 4], [2, 5, 5, 8, 6, 7, 3, 5, 1, 3, 3, 4], [2, 8, 1, 2, 3, 4, 6, 7, 4, 5, 2, 4], [2, 8, 1, 2, 6, 7, 3, 4, 4, 5, 2, 4], [2, 8, 1, 2, 6, 7, 3, 5, 2, 3, 3, 4], [2, 8, 3, 4, 1, 2, 6, 7, 4, 5, 2, 4], [2, 8, 3, 4, 6, 7, 1, 2, 4, 5, 2, 4], [2, 8, 3, 4, 6, 7, 4, 5, 1, 2, 2, 4], [2, 8, 6, 7, 1, 2, 3, 4, 4, 5, 2, 4], [2, 8, 6, 7, 1, 2, 3, 5, 2, 3, 3, 4], [2, 8, 6, 7, 3, 4, 1, 2, 4, 5, 2, 4], [2, 8, 6, 7, 3, 4, 4, 5, 1, 2, 2, 4], [2, 8, 6, 7, 3, 5, 1, 2, 2, 3, 3, 4], [3, 4, 2, 5, 5, 8, 6, 7, 4, 5, 1, 4], [3, 4, 2, 8, 1, 2, 6, 7, 4, 5, 2, 4], [3, 4, 2, 8, 6, 7, 1, 2, 4, 5, 2, 4], [3, 4, 2, 8, 6, 7, 4, 5, 1, 2, 2, 4], [3, 4, 6, 7, 2, 5, 5, 8, 4, 5, 1, 4], [3, 4, 6, 7, 2, 8, 1, 2, 4, 5, 2, 4], [3, 4, 6, 7, 2, 8, 4, 5, 1, 2, 2, 4], [3, 4, 6, 7, 4, 5, 2, 4, 4, 8, 1, 4], [3, 4, 6, 7, 4, 5, 2, 8, 1, 2, 2, 4], [6, 7, 2, 5, 3, 4, 5, 8, 4, 5, 1, 4], [6, 7, 2, 5, 5, 8, 3, 4, 4, 5, 1, 4], [6, 7, 2, 5, 5, 8, 3, 5, 1, 3, 3, 4], [6, 7, 2, 8, 1, 2, 3, 4, 4, 5, 2, 4], [6, 7, 2, 8, 1, 2, 3, 5, 2, 3, 3, 4], [6, 7, 2, 8, 3, 4, 1, 2, 4, 5, 2, 4], [6, 7, 2, 8, 3, 4, 4, 5, 1, 2, 2, 4], [6, 7, 2, 8, 3, 5, 1, 2, 2, 3, 3, 4], [6, 7, 3, 4, 2, 5, 5, 8, 4, 5, 1, 4], [6, 7, 3, 4, 2, 8, 1, 2, 4, 5, 2, 4], [6, 7, 3, 4, 2, 8, 4, 5, 1, 2, 2, 4], [6, 7, 3, 4, 4, 5, 2, 4, 4, 8, 1, 4], [6, 7, 3, 4, 4, 5, 2, 8, 1, 2, 2, 4], [6, 7, 3, 5, 2, 3, 3, 4, 4, 8, 1, 4], [6, 7, 3, 5, 2, 3, 3, 8, 1, 3, 3, 4], [6, 7, 3, 5, 2, 8, 1, 2, 2, 3, 3, 4]], 
     table([(0)=[{15}, {}, {}],(1)=[{12}, {[4, 12, 15]}, {}],(2)=[{7, 11}, {[3, 7, 12], [5, 11, 12]}, {}],(3)=[{6, 29}, {[2, 7, 29], [3, 6, 11], [5, 6, 7]}, {}],(4)=[{5, 28, 32, 40}, {[2, 6, 28], [3, 29, 40], [4, 5, 6], [4, 29, 32], [5, 28, 29]}, {[2, 32, 40]}],(5)=[{17, 34, 39}, {[2, 5, 17], [3, 28, 34], [4, 39, 40]}, {}],(6)=[{18, 21, 27, 30, 35, 37, 38}, {[2, 30, 34], [3, 17, 21], [3, 27, 39], [4, 17, 18], [4, 34, 37], [5, 34, 35], [5, 38, 39]}, {}],(7)=[{4, 9, 19, 22, 24, 26, 31, 36}, {[2, 4, 27], [2, 9, 18], [2, 24, 37], [2, 31, 35], [3, 31, 35], [3, 36, 38], [4, 21, 24], [4, 30, 31], [5, 18, 19], [5, 21, 22], [5, 26, 27], [5, 30, 31], [5, 36, 37]}, {[3, 22, 24]}],(9)=[{2, 14, 20}, {[2, 20, 33], [3, 10, 14], [4, 2, 3], [4, 20, 23]}, {}],(8)=[{3, 8, 10, 23, 25, 33}, {[2, 3, 26], [2, 10, 19], [2, 23, 36], [3, 8, 9], [3, 25, 26], [4, 8, 9], [4, 25, 26], [4, 33, 36], [5, 3, 4], [5, 9, 10], [5, 23, 24]}, {}],(10)=[{1, 13, 16}, {[2, 1, 2], [3, 1, 2], [3, 16, 20], [4, 13, 14], [5, 13, 14]}, {}]]) ], 

  [ [[1, 3, 4, 5], [2, 4, 5], [2, 3, 4], [2, 3, 5], [1, 4, 5], [1, 3, 4], [1, 3, 5], [1, 2, 4, 5], [1, 3, 5], [1, 3, 4], [1, 2, 4], [1, 2, 5], [1, 2, 3], [1, 2, 3, 5], [1, 2, 4], [3, 4, 5], [2, 4, 5], [2, 3, 5], [2, 3, 4], [2, 4, 5], [3, 5], [3, 4], [2, 3, 5], [2, 4], [1, 4, 5], [1, 3, 4], [1, 3, 5], [2, 4], [2, 5], [2, 3], [2, 3, 5], [2, 4], [1, 2, 4], [1, 2, 4, 5], [1, 2, 5], [1, 3], [1, 3, 5], [1, 3, 4], [1, 3, 5], [1, 4]], 
     {[2, 1, 2], [2, 3, 26], [2, 4, 27], [2, 5, 17], [2, 6, 28], [2, 7, 29], [2, 9, 18], [2, 10, 19], [2, 20, 25], [2, 23, 39], [2, 24, 40], [2, 30, 36], [2, 31, 37], [2, 32, 38], [3, 1, 2], [3, 6, 11], [3, 7, 12], [3, 8, 9], [3, 10, 15], [3, 16, 20], [3, 17, 21], [3, 22, 24], [3, 26, 33], [3, 27, 34], [3, 28, 36], [3, 29, 37], [3, 32, 38], [3, 35, 39], [4, 2, 4], [4, 5, 7], [4, 8, 9], [4, 11, 13], [4, 14, 15], [4, 17, 18], [4, 20, 23], [4, 21, 24], [4, 25, 27], [4, 28, 30], [4, 31, 32], [4, 33, 36], [4, 34, 39], [4, 37, 40], [5, 3, 4], [5, 6, 7], [5, 9, 10], [5, 11, 12], [5, 14, 15], [5, 18, 19], [5, 21, 22], [5, 23, 24], [5, 26, 27], [5, 28, 29], [5, 31, 32], [5, 33, 35], [5, 37, 38], [5, 39, 40]}, 
     [[2, 6, 4, 5, 6, 7, 5, 6, 3, 5, 1, 3], [2, 6, 6, 7, 4, 5, 5, 6, 3, 5, 1, 3], [2, 6, 6, 7, 4, 6, 3, 4, 1, 3, 4, 5], [2, 6, 6, 7, 4, 6, 3, 4, 4, 5, 1, 3], [2, 7, 1, 2, 4, 5, 5, 6, 3, 5, 2, 3], [2, 7, 1, 2, 4, 6, 3, 4, 2, 3, 4, 5], [2, 7, 1, 2, 4, 6, 3, 4, 4, 5, 2, 3], [2, 7, 4, 5, 1, 2, 5, 6, 3, 5, 2, 3], [2, 7, 4, 5, 5, 6, 1, 2, 3, 5, 2, 3], [2, 7, 4, 5, 5, 6, 3, 5, 1, 2, 2, 3], [2, 7, 4, 6, 1, 2, 3, 4, 2, 3, 4, 5], [2, 7, 4, 6, 1, 2, 3, 4, 4, 5, 2, 3], [2, 7, 4, 6, 3, 4, 1, 2, 2, 3, 4, 5], [2, 7, 4, 6, 3, 4, 1, 2, 4, 5, 2, 3], [2, 7, 4, 6, 3, 4, 4, 5, 1, 2, 2, 3], [4, 5, 2, 6, 6, 7, 5, 6, 3, 5, 1, 3], [4, 5, 2, 7, 1, 2, 5, 6, 3, 5, 2, 3], [4, 5, 2, 7, 5, 6, 1, 2, 3, 5, 2, 3], [4, 5, 2, 7, 5, 6, 3, 5, 1, 2, 2, 3], [4, 5, 5, 6, 2, 5, 5, 7, 3, 5, 1, 3], [4, 5, 5, 6, 2, 7, 1, 2, 3, 5, 2, 3], [4, 5, 5, 6, 2, 7, 3, 5, 1, 2, 2, 3], [4, 5, 5, 6, 3, 5, 2, 3, 3, 7, 1, 3], [4, 5, 5, 6, 3, 5, 2, 7, 1, 2, 2, 3], [4, 6, 2, 4, 4, 5, 5, 7, 3, 5, 1, 3], [4, 6, 2, 4, 4, 7, 3, 4, 1, 3, 4, 5], [4, 6, 2, 4, 4, 7, 3, 4, 4, 5, 1, 3], [4, 6, 2, 7, 1, 2, 3, 4, 2, 3, 4, 5], [4, 6, 2, 7, 1, 2, 3, 4, 4, 5, 2, 3], [4, 6, 2, 7, 3, 4, 1, 2, 2, 3, 4, 5], [4, 6, 2, 7, 3, 4, 1, 2, 4, 5, 2, 3], [4, 6, 2, 7, 3, 4, 4, 5, 1, 2, 2, 3], [4, 6, 3, 4, 2, 3, 3, 7, 1, 3, 4, 5], [4, 6, 3, 4, 2, 3, 3, 7, 4, 5, 1, 3], [4, 6, 3, 4, 2, 3, 4, 5, 3, 7, 1, 3], [4, 6, 3, 4, 2, 7, 1, 2, 2, 3, 4, 5], [4, 6, 3, 4, 2, 7, 1, 2, 4, 5, 2, 3], [4, 6, 3, 4, 2, 7, 4, 5, 1, 2, 2, 3], [4, 6, 3, 4, 4, 5, 2, 3, 3, 7, 1, 3], [4, 6, 3, 4, 4, 5, 2, 7, 1, 2, 2, 3]], 
     table([(0)=[{13}, {}, {}],(1)=[{11}, {[4, 11, 13]}, {}],(2)=[{6, 12}, {[3, 6, 11], [5, 11, 12]}, {}],(3)=[{7, 28}, {[2, 6, 28], [3, 7, 12], [5, 6, 7]}, {}],(4)=[{5, 29, 30, 36}, {[2, 7, 29], [3, 28, 36], [4, 5, 7], [4, 28, 30], [5, 28, 29]}, {[2, 30, 36]}],(5)=[{17, 33, 37}, {[2, 5, 17], [3, 29, 37], [4, 33, 36]}, {}],(6)=[{18, 21, 26, 31, 35, 38, 40}, {[2, 31, 37], [3, 17, 21], [3, 26, 33], [4, 17, 18], [4, 37, 40], [5, 33, 35], [5, 37, 38]}, {}],(7)=[{3, 9, 19, 22, 24, 27, 32, 39}, {[2, 3, 26], [2, 9, 18], [2, 24, 40], [2, 32, 38], [3, 32, 38], [3, 35, 39], [4, 21, 24], [4, 31, 32], [5, 18, 19], [5, 21, 22], [5, 26, 27], [5, 31, 32], [5, 39, 40]}, {[3, 22, 24]}],(9)=[{2, 15, 20}, {[2, 20, 25], [3, 10, 15], [4, 2, 4], [4, 20, 23]}, {}],(8)=[{4, 8, 10, 23, 25, 34}, {[2, 4, 27], [2, 10, 19], [2, 23, 39], [3, 8, 9], [3, 27, 34], [4, 8, 9], [4, 25, 27], [4, 34, 39], [5, 3, 4], [5, 9, 10], [5, 23, 24]}, {}],(10)=[{1, 14, 16}, {[2, 1, 2], [3, 1, 2], [3, 16, 20], [4, 14, 15], [5, 14, 15]}, {}]]) ], 

  [ [[3, 4, 5], [2, 4, 5], [2, 3, 5], [2, 4], [2, 3, 5], [2, 3, 4], [2, 4, 5], [3, 5], [3, 4], [1, 3, 4, 5], [2, 4, 5], [2, 3, 4], [2, 3, 5], [1, 4, 5], [1, 3, 5], [1, 3, 4], [1, 2, 5], [1, 2, 4, 5], [1, 2, 4], [1, 3, 5], [1, 4], [1, 3, 5], [1, 3], [1, 3, 4], [1, 2, 5], [1, 2, 4], [1, 2, 3, 5], [1, 2, 3], [1, 2, 4], [1, 4, 5], [1, 3, 5], [1, 3, 4], [1, 2, 4, 5], [1, 3, 4], [1, 3, 5], [2, 5], [2, 4], [2, 3, 5], [2, 3], [2, 4]], 
     {[2, 2, 14], [2, 3, 20], [2, 4, 21], [2, 5, 31], [2, 6, 32], [2, 7, 30], [2, 10, 11], [2, 12, 34], [2, 13, 35], [2, 15, 36], [2, 16, 37], [2, 22, 38], [2, 23, 39], [2, 24, 40], [3, 1, 7], [3, 2, 8], [3, 4, 9], [3, 10, 11], [3, 15, 25], [3, 16, 26], [3, 17, 20], [3, 18, 22], [3, 19, 23], [3, 24, 29], [3, 31, 36], [3, 32, 40], [3, 33, 35], [3, 34, 37], [4, 2, 5], [4, 3, 4], [4, 7, 8], [4, 11, 13], [4, 14, 15], [4, 18, 22], [4, 19, 23], [4, 20, 21], [4, 26, 27], [4, 28, 29], [4, 30, 31], [4, 33, 35], [4, 37, 38], [4, 39, 40], [5, 3, 4], [5, 5, 6], [5, 8, 9], [5, 12, 13], [5, 15, 16], [5, 17, 19], [5, 20, 21], [5, 22, 24], [5, 25, 26], [5, 27, 29], [5, 31, 32], [5, 34, 35], [5, 36, 37], [5, 38, 40]}, 
     [[3, 4, 4, 5, 5, 8, 6, 7, 1, 5, 2, 4], [3, 4, 4, 8, 1, 4, 6, 7, 4, 5, 2, 4], [3, 4, 4, 8, 2, 4, 1, 2, 6, 7, 2, 5], [3, 4, 4, 8, 2, 4, 6, 7, 1, 2, 2, 5], [3, 4, 4, 8, 6, 7, 1, 4, 4, 5, 2, 4], [3, 4, 4, 8, 6, 7, 2, 4, 1, 2, 2, 5], [3, 4, 6, 7, 4, 5, 5, 8, 1, 5, 2, 4], [3, 4, 6, 7, 4, 8, 1, 4, 4, 5, 2, 4], [3, 4, 6, 7, 4, 8, 2, 4, 1, 2, 2, 5], [3, 5, 2, 3, 5, 8, 6, 7, 1, 5, 3, 4], [3, 5, 5, 8, 2, 3, 6, 7, 1, 5, 3, 4], [3, 5, 5, 8, 6, 7, 1, 5, 2, 3, 3, 4], [3, 5, 5, 8, 6, 7, 2, 3, 1, 5, 3, 4], [3, 8, 1, 3, 3, 4, 6, 7, 4, 5, 2, 4], [3, 8, 1, 3, 6, 7, 3, 4, 4, 5, 2, 4], [3, 8, 1, 3, 6, 7, 3, 5, 2, 3, 3, 4], [3, 8, 2, 3, 1, 2, 3, 4, 6, 7, 2, 5], [3, 8, 2, 3, 1, 2, 6, 7, 2, 5, 3, 4], [3, 8, 2, 3, 1, 2, 6, 7, 3, 4, 2, 5], [3, 8, 2, 3, 3, 4, 1, 2, 6, 7, 2, 5], [3, 8, 2, 3, 3, 4, 6, 7, 1, 2, 2, 5], [3, 8, 2, 3, 6, 7, 1, 2, 2, 5, 3, 4], [3, 8, 2, 3, 6, 7, 1, 2, 3, 4, 2, 5], [3, 8, 2, 3, 6, 7, 3, 4, 1, 2, 2, 5], [3, 8, 6, 7, 1, 3, 3, 4, 4, 5, 2, 4], [3, 8, 6, 7, 1, 3, 3, 5, 2, 3, 3, 4], [3, 8, 6, 7, 2, 3, 1, 2, 2, 5, 3, 4], [3, 8, 6, 7, 2, 3, 1, 2, 3, 4, 2, 5], [3, 8, 6, 7, 2, 3, 3, 4, 1, 2, 2, 5], [6, 7, 3, 4, 4, 5, 5, 8, 1, 5, 2, 4], [6, 7, 3, 4, 4, 8, 1, 4, 4, 5, 2, 4], [6, 7, 3, 4, 4, 8, 2, 4, 1, 2, 2, 5], [6, 7, 3, 5, 2, 3, 5, 8, 1, 5, 3, 4], [6, 7, 3, 5, 5, 8, 1, 5, 2, 3, 3, 4], [6, 7, 3, 5, 5, 8, 2, 3, 1, 5, 3, 4], [6, 7, 3, 8, 1, 3, 3, 4, 4, 5, 2, 4], [6, 7, 3, 8, 1, 3, 3, 5, 2, 3, 3, 4], [6, 7, 3, 8, 2, 3, 1, 2, 2, 5, 3, 4], [6, 7, 3, 8, 2, 3, 1, 2, 3, 4, 2, 5], [6, 7, 3, 8, 2, 3, 3, 4, 1, 2, 2, 5]], 
     table([(0)=[{28}, {}, {}],(1)=[{29}, {[4, 28, 29]}, {}],(2)=[{24, 27}, {[3, 24, 29], [5, 27, 29]}, {}],(3)=[{22, 26, 40}, {[2, 24, 40], [4, 26, 27], [5, 22, 24]}, {}],(4)=[{16, 18, 25, 32, 38, 39}, {[2, 22, 38], [3, 16, 26], [3, 18, 22], [3, 32, 40], [4, 18, 22], [4, 39, 40], [5, 25, 26], [5, 38, 40]}, {}],(5)=[{6, 15, 23, 31, 37}, {[2, 6, 32], [2, 16, 37], [2, 23, 39], [3, 15, 25], [4, 37, 38], [5, 15, 16], [5, 31, 32]}, {}],(6)=[{5, 14, 19, 30, 34, 36}, {[2, 5, 31], [2, 15, 36], [3, 19, 23], [3, 31, 36], [3, 34, 37], [4, 14, 15], [4, 19, 23], [4, 30, 31], [5, 5, 6], [5, 36, 37]}, {}],(7)=[{2, 7, 12, 17, 35}, {[2, 2, 14], [2, 7, 30], [2, 12, 34], [4, 2, 5], [5, 17, 19], [5, 34, 35]}, {}],(9)=[{3, 9, 11, 21}, {[2, 3, 20], [4, 11, 13], [4, 20, 21], [5, 8, 9], [5, 20, 21]}, {}],(8)=[{1, 8, 13, 20, 33}, {[2, 13, 35], [3, 1, 7], [3, 2, 8], [3, 17, 20], [3, 33, 35], [4, 7, 8], [4, 33, 35], [5, 12, 13]}, {}],(10)=[{4, 10}, {[2, 4, 21], [2, 10, 11], [3, 4, 9], [3, 10, 11], [4, 3, 4], [5, 3, 4]}, {}]]) ], 

#################################################################
### The symmetric function = s[5, 1] + s[4, 2] + s[4, 1, 1] + s[3, 2, 1]   has 2 graph isomorphism types.

  [ [[4, 5], [3, 4], [3, 5], [2, 4], [2, 4, 5], [2, 5], [2], [2, 5], [2, 4], [2, 3, 5], [2, 3], [2, 4], [3, 5], [3], [3, 4], [5], [4], [3, 5], [3], [4], [1, 4], [1, 4, 5], [1, 5], [1], [1, 5], [1, 4], [1, 3, 5], [1, 3], [1, 4], [1, 3, 5], [1, 3], [1, 3, 4], [1, 2, 5], [1, 2], [1, 2, 4], [1, 3], [2, 5], [2], [2, 4], [2, 3]], 
     {[2, 4, 21], [2, 5, 22], [2, 6, 23], [2, 7, 24], [2, 8, 25], [2, 9, 26], [2, 10, 27], [2, 11, 28], [2, 12, 29], [2, 30, 37], [2, 31, 38], [2, 32, 39], [2, 36, 40], [3, 2, 4], [3, 3, 5], [3, 6, 18], [3, 7, 19], [3, 8, 13], [3, 9, 14], [3, 12, 15], [3, 27, 33], [3, 28, 34], [3, 30, 37], [3, 31, 38], [3, 32, 39], [3, 35, 36], [4, 1, 3], [4, 4, 10], [4, 5, 13], [4, 9, 14], [4, 11, 12], [4, 17, 18], [4, 19, 20], [4, 21, 27], [4, 22, 30], [4, 26, 31], [4, 28, 29], [4, 35, 36], [4, 39, 40], [5, 2, 3], [5, 4, 6], [5, 8, 9], [5, 10, 12], [5, 13, 15], [5, 16, 17], [5, 18, 20], [5, 21, 23], [5, 25, 26], [5, 27, 29], [5, 30, 32], [5, 33, 35], [5, 37, 39]}, 
     [[1, 2, 2, 6, 6, 7, 7, 8, 3, 7, 4, 5], [1, 2, 2, 6, 6, 8, 3, 6, 4, 5, 6, 7], [1, 2, 2, 6, 6, 8, 3, 6, 6, 7, 4, 5], [1, 2, 3, 6, 2, 3, 3, 8, 4, 5, 6, 7], [1, 2, 3, 6, 2, 3, 3, 8, 6, 7, 4, 5], [1, 2, 3, 6, 2, 3, 4, 5, 3, 8, 6, 7], [1, 2, 3, 6, 2, 3, 4, 5, 6, 7, 3, 8], [1, 2, 3, 6, 2, 3, 6, 7, 3, 8, 4, 5], [1, 2, 3, 6, 2, 3, 6, 7, 4, 5, 3, 8], [1, 2, 3, 6, 4, 5, 2, 3, 3, 8, 6, 7], [1, 2, 3, 6, 4, 5, 2, 3, 6, 7, 3, 8], [1, 2, 3, 6, 4, 5, 6, 7, 2, 3, 3, 8], [1, 2, 3, 6, 6, 7, 2, 3, 3, 8, 4, 5], [1, 2, 3, 6, 6, 7, 2, 3, 4, 5, 3, 8], [1, 2, 3, 6, 6, 7, 4, 5, 2, 3, 3, 8], [1, 2, 4, 5, 2, 6, 6, 7, 7, 8, 3, 7], [1, 2, 4, 5, 2, 6, 6, 8, 3, 6, 6, 7], [1, 2, 4, 5, 3, 6, 2, 3, 3, 8, 6, 7], [1, 2, 4, 5, 3, 6, 2, 3, 6, 7, 3, 8], [1, 2, 4, 5, 3, 6, 6, 7, 2, 3, 3, 8], [3, 6, 1, 2, 2, 3, 3, 8, 4, 5, 6, 7], [3, 6, 1, 2, 2, 3, 3, 8, 6, 7, 4, 5], [3, 6, 1, 2, 2, 3, 4, 5, 3, 8, 6, 7], [3, 6, 1, 2, 2, 3, 4, 5, 6, 7, 3, 8], [3, 6, 1, 2, 2, 3, 6, 7, 3, 8, 4, 5], [3, 6, 1, 2, 2, 3, 6, 7, 4, 5, 3, 8], [3, 6, 1, 2, 4, 5, 2, 3, 3, 8, 6, 7], [3, 6, 1, 2, 4, 5, 2, 3, 6, 7, 3, 8], [3, 6, 1, 2, 4, 5, 6, 7, 2, 3, 3, 8], [3, 6, 1, 2, 6, 7, 2, 3, 3, 8, 4, 5], [3, 6, 1, 2, 6, 7, 2, 3, 4, 5, 3, 8], [3, 6, 1, 2, 6, 7, 4, 5, 2, 3, 3, 8], [3, 6, 4, 5, 1, 2, 2, 3, 3, 8, 6, 7], [3, 6, 4, 5, 1, 2, 2, 3, 6, 7, 3, 8], [3, 6, 4, 5, 1, 2, 6, 7, 2, 3, 3, 8], [3, 6, 4, 5, 6, 7, 1, 2, 2, 3, 3, 8], [3, 6, 6, 7, 1, 2, 2, 3, 3, 8, 4, 5], [3, 6, 6, 7, 1, 2, 2, 3, 4, 5, 3, 8], [3, 6, 6, 7, 1, 2, 4, 5, 2, 3, 3, 8], [3, 6, 6, 7, 4, 5, 1, 2, 2, 3, 3, 8]], 
     table([(0)=[{24}, {}, {}],(1)=[{7}, {[2, 7, 24]}, {}],(2)=[{19}, {[3, 7, 19]}, {}],(3)=[{20}, {[4, 19, 20]}, {}],(4)=[{18}, {[5, 18, 20]}, {}],(5)=[{6, 17}, {[3, 6, 18], [4, 17, 18]}, {}],(6)=[{4, 16, 23}, {[2, 6, 23], [5, 4, 6], [5, 16, 17]}, {}],(7)=[{2, 10, 21}, {[2, 4, 21], [3, 2, 4], [4, 4, 10], [5, 21, 23]}, {}],(9)=[{1, 5, 11, 15, 29, 33}, {[2, 12, 29], [3, 3, 5], [3, 12, 15], [3, 27, 33], [4, 1, 3], [4, 11, 12], [5, 27, 29]}, {}],(8)=[{3, 12, 27}, {[2, 10, 27], [4, 21, 27], [5, 2, 3], [5, 10, 12]}, {}],(11)=[{8, 30, 34, 36}, {[3, 8, 13], [3, 28, 34], [3, 35, 36], [4, 22, 30], [4, 35, 36]}, {}],(10)=[{13, 22, 28, 35}, {[2, 5, 22], [2, 11, 28], [4, 5, 13], [4, 28, 29], [5, 13, 15], [5, 33, 35]}, {}],(13)=[{14, 26, 39}, {[2, 9, 26], [2, 32, 39], [3, 9, 14], [3, 32, 39], [4, 9, 14], [4, 39, 40], [5, 25, 26], [5, 37, 39]}, {}],(12)=[{9, 25, 32, 37, 40}, {[2, 8, 25], [2, 30, 37], [2, 36, 40], [3, 30, 37], [5, 8, 9], [5, 30, 32]}, {}],(15)=[{38}, {[2, 31, 38], [3, 31, 38]}, {}],(14)=[{31}, {[4, 26, 31]}, {}]]) ], 

  [ [[3, 4], [3, 5], [4, 5], [2, 3], [2, 3, 5], [2, 4], [2, 5], [2, 4], [2, 4, 5], [3, 4], [3, 5], [1, 3], [1, 3, 5], [1, 3, 4], [1, 3, 5], [1, 4], [1, 4, 5], [1, 4], [1, 5], [1], [1, 4], [1, 5], [1, 3], [1, 2, 4], [1, 2, 5], [1, 2], [1, 3], [2, 4], [2, 5], [2], [2, 3], [4], [5], [3], [3, 5], [4], [2, 4], [2, 5], [2], [3]], 
     {[2, 4, 12], [2, 5, 13], [2, 6, 14], [2, 7, 15], [2, 8, 16], [2, 9, 17], [2, 18, 37], [2, 19, 38], [2, 20, 39], [2, 21, 28], [2, 22, 29], [2, 23, 30], [2, 27, 31], [3, 1, 6], [3, 2, 7], [3, 8, 10], [3, 9, 11], [3, 12, 24], [3, 13, 25], [3, 14, 28], [3, 15, 29], [3, 23, 30], [3, 26, 27], [3, 34, 37], [3, 35, 38], [3, 39, 40], [4, 2, 3], [4, 4, 6], [4, 5, 8], [4, 9, 11], [4, 12, 18], [4, 13, 16], [4, 15, 17], [4, 21, 23], [4, 24, 27], [4, 28, 31], [4, 32, 34], [4, 35, 36], [4, 37, 40], [5, 1, 2], [5, 5, 8], [5, 6, 7], [5, 10, 11], [5, 13, 16], [5, 14, 15], [5, 18, 19], [5, 21, 22], [5, 24, 25], [5, 28, 29], [5, 32, 33], [5, 35, 36], [5, 37, 38]}, 
     [[1, 5, 5, 6, 6, 7, 2, 6, 3, 4, 7, 8], [1, 5, 5, 6, 6, 7, 2, 6, 7, 8, 3, 4], [1, 5, 5, 6, 6, 7, 7, 8, 2, 6, 3, 4], [1, 5, 5, 7, 2, 5, 3, 4, 5, 6, 7, 8], [1, 5, 5, 7, 2, 5, 3, 4, 7, 8, 5, 6], [1, 5, 5, 7, 2, 5, 5, 6, 3, 4, 7, 8], [1, 5, 5, 7, 2, 5, 5, 6, 7, 8, 3, 4], [1, 5, 5, 7, 2, 5, 7, 8, 3, 4, 5, 6], [1, 5, 5, 7, 2, 5, 7, 8, 5, 6, 3, 4], [1, 5, 5, 7, 7, 8, 2, 5, 3, 4, 5, 6], [1, 5, 5, 7, 7, 8, 2, 5, 5, 6, 3, 4], [2, 5, 1, 2, 2, 7, 3, 4, 5, 6, 7, 8], [2, 5, 1, 2, 2, 7, 3, 4, 7, 8, 5, 6], [2, 5, 1, 2, 2, 7, 5, 6, 3, 4, 7, 8], [2, 5, 1, 2, 2, 7, 5, 6, 7, 8, 3, 4], [2, 5, 1, 2, 2, 7, 7, 8, 3, 4, 5, 6], [2, 5, 1, 2, 2, 7, 7, 8, 5, 6, 3, 4], [2, 5, 1, 2, 3, 4, 2, 7, 5, 6, 7, 8], [2, 5, 1, 2, 3, 4, 2, 7, 7, 8, 5, 6], [2, 5, 1, 2, 3, 4, 5, 6, 2, 7, 7, 8], [2, 5, 1, 2, 5, 6, 2, 7, 3, 4, 7, 8], [2, 5, 1, 2, 5, 6, 2, 7, 7, 8, 3, 4], [2, 5, 1, 2, 5, 6, 3, 4, 2, 7, 7, 8], [2, 5, 3, 4, 1, 2, 2, 7, 5, 6, 7, 8], [2, 5, 3, 4, 1, 2, 2, 7, 7, 8, 5, 6], [2, 5, 3, 4, 1, 2, 5, 6, 2, 7, 7, 8], [2, 5, 3, 4, 5, 6, 1, 2, 2, 7, 7, 8], [2, 5, 5, 6, 1, 2, 2, 7, 3, 4, 7, 8], [2, 5, 5, 6, 1, 2, 2, 7, 7, 8, 3, 4], [2, 5, 5, 6, 1, 2, 3, 4, 2, 7, 7, 8], [2, 5, 5, 6, 3, 4, 1, 2, 2, 7, 7, 8], [3, 4, 1, 5, 5, 6, 6, 7, 2, 6, 7, 8], [3, 4, 1, 5, 5, 6, 6, 7, 7, 8, 2, 6], [3, 4, 1, 5, 5, 7, 2, 5, 5, 6, 7, 8], [3, 4, 1, 5, 5, 7, 2, 5, 7, 8, 5, 6], [3, 4, 1, 5, 5, 7, 7, 8, 2, 5, 5, 6], [3, 4, 2, 5, 1, 2, 2, 7, 5, 6, 7, 8], [3, 4, 2, 5, 1, 2, 2, 7, 7, 8, 5, 6], [3, 4, 2, 5, 1, 2, 5, 6, 2, 7, 7, 8], [3, 4, 2, 5, 5, 6, 1, 2, 2, 7, 7, 8]], 
     table([(0)=[{20}, {}, {}],(1)=[{39}, {[2, 20, 39]}, {}],(2)=[{40}, {[3, 39, 40]}, {}],(3)=[{37}, {[4, 37, 40]}, {}],(4)=[{18, 34, 38}, {[2, 18, 37], [3, 34, 37], [5, 37, 38]}, {}],(5)=[{12, 19, 32, 35}, {[2, 19, 38], [3, 35, 38], [4, 12, 18], [4, 32, 34], [5, 18, 19]}, {}],(6)=[{4, 24, 33, 36}, {[2, 4, 12], [3, 12, 24], [4, 35, 36], [5, 32, 33], [5, 35, 36]}, {}],(7)=[{6, 25, 27}, {[4, 4, 6], [4, 24, 27], [5, 24, 25]}, {}],(9)=[{2, 5, 15, 16, 28}, {[2, 5, 13], [2, 7, 15], [3, 2, 7], [3, 14, 28], [4, 13, 16], [4, 28, 31], [5, 1, 2], [5, 13, 16], [5, 14, 15]}, {}],(8)=[{1, 7, 13, 14, 26, 31}, {[2, 6, 14], [2, 27, 31], [3, 1, 6], [3, 13, 25], [3, 26, 27], [5, 6, 7]}, {}],(11)=[{9, 10, 22, 23}, {[2, 9, 17], [2, 22, 29], [3, 8, 10], [4, 21, 23], [5, 21, 22]}, {}],(10)=[{3, 8, 17, 21, 29}, {[2, 8, 16], [2, 21, 28], [3, 15, 29], [4, 2, 3], [4, 5, 8], [4, 15, 17], [5, 5, 8], [5, 28, 29]}, {}],(12)=[{11, 30}, {[2, 23, 30], [3, 9, 11], [3, 23, 30], [4, 9, 11], [5, 10, 11]}, {}]]) ], 

#################################################################
### The symmetric function = s[3, 2, 1] + s[3, 1, 1, 1] + s[2, 2, 1, 1] + s[2, 1, 1, 1, 1]   has 2 graph isomorphism types.

  [ [[1, 3, 4, 5], [1, 2, 5], [1, 2, 4, 5], [1, 2, 4], [1, 2, 3, 5], [1, 2, 4], [1, 2, 3, 5], [1, 2, 3], [1, 2, 3, 4], [1, 4, 5], [1, 3, 5], [1, 3, 4], [1, 3, 5], [1, 4], [1, 2, 4, 5], [1, 3, 5], [1, 3], [1, 3, 4], [1, 2, 5], [1, 2, 4], [2, 3, 4, 5], [2, 4, 5], [2, 3, 5], [2, 3, 4], [2, 3, 5], [2, 4], [3, 4, 5], [3, 5], [3, 4], [2, 4, 5], [2, 4, 5], [2, 3, 5], [2, 3], [2, 3, 4], [2, 5], [2, 4], [1, 3, 4, 5], [1, 3, 5], [1, 3, 4], [1, 4, 5]], 
     {[2, 1, 21], [2, 10, 22], [2, 11, 23], [2, 12, 24], [2, 13, 25], [2, 14, 26], [2, 16, 32], [2, 17, 33], [2, 18, 34], [2, 30, 40], [2, 31, 37], [2, 35, 38], [2, 36, 39], [3, 1, 15], [3, 2, 11], [3, 3, 16], [3, 4, 17], [3, 6, 12], [3, 13, 19], [3, 18, 20], [3, 22, 27], [3, 26, 29], [3, 28, 30], [3, 31, 37], [3, 35, 38], [3, 36, 39], [4, 3, 7], [4, 4, 8], [4, 5, 6], [4, 10, 13], [4, 11, 14], [4, 15, 16], [4, 17, 20], [4, 22, 25], [4, 23, 26], [4, 28, 30], [4, 31, 32], [4, 33, 36], [4, 38, 40], [5, 2, 4], [5, 5, 6], [5, 7, 9], [5, 11, 12], [5, 13, 14], [5, 16, 18], [5, 19, 20], [5, 23, 24], [5, 25, 26], [5, 28, 29], [5, 32, 34], [5, 35, 36], [5, 38, 39]}, 
     [[1, 9, 3, 7, 7, 8, 6, 7, 2, 6, 4, 5], [1, 9, 3, 8, 2, 3, 4, 5, 6, 7, 3, 6], [1, 9, 3, 8, 2, 3, 6, 7, 3, 6, 4, 5], [1, 9, 3, 8, 2, 3, 6, 7, 4, 5, 3, 6], [1, 9, 3, 8, 4, 5, 2, 3, 6, 7, 3, 6], [1, 9, 3, 8, 4, 5, 6, 7, 2, 3, 3, 6], [1, 9, 3, 8, 6, 7, 2, 3, 3, 6, 4, 5], [1, 9, 3, 8, 6, 7, 2, 3, 4, 5, 3, 6], [1, 9, 3, 8, 6, 7, 4, 5, 2, 3, 3, 6], [1, 9, 4, 5, 3, 7, 7, 8, 6, 7, 2, 6], [1, 9, 4, 5, 3, 8, 2, 3, 6, 7, 3, 6], [1, 9, 4, 5, 3, 8, 6, 7, 2, 3, 3, 6], [1, 9, 4, 5, 6, 7, 3, 6, 6, 8, 2, 6], [1, 9, 4, 5, 6, 7, 3, 8, 2, 3, 3, 6], [1, 9, 6, 7, 3, 6, 6, 8, 2, 6, 4, 5], [1, 9, 6, 7, 3, 8, 2, 3, 3, 6, 4, 5], [1, 9, 6, 7, 3, 8, 2, 3, 4, 5, 3, 6], [1, 9, 6, 7, 3, 8, 4, 5, 2, 3, 3, 6], [1, 9, 6, 7, 4, 5, 3, 6, 6, 8, 2, 6], [1, 9, 6, 7, 4, 5, 3, 8, 2, 3, 3, 6], [3, 7, 1, 9, 7, 8, 6, 7, 2, 6, 4, 5], [4, 5, 1, 9, 3, 7, 7, 8, 6, 7, 2, 6], [4, 5, 1, 9, 3, 8, 2, 3, 6, 7, 3, 6], [4, 5, 1, 9, 3, 8, 6, 7, 2, 3, 3, 6], [4, 5, 1, 9, 6, 7, 3, 6, 6, 8, 2, 6], [4, 5, 1, 9, 6, 7, 3, 8, 2, 3, 3, 6], [4, 5, 3, 7, 1, 9, 7, 8, 6, 7, 2, 6], [4, 5, 6, 7, 1, 9, 3, 6, 6, 8, 2, 6], [4, 5, 6, 7, 1, 9, 3, 8, 2, 3, 3, 6], [4, 5, 6, 7, 3, 6, 1, 9, 6, 8, 2, 6], [6, 7, 1, 9, 3, 6, 6, 8, 2, 6, 4, 5], [6, 7, 1, 9, 3, 8, 2, 3, 3, 6, 4, 5], [6, 7, 1, 9, 3, 8, 2, 3, 4, 5, 3, 6], [6, 7, 1, 9, 3, 8, 4, 5, 2, 3, 3, 6], [6, 7, 1, 9, 4, 5, 3, 6, 6, 8, 2, 6], [6, 7, 1, 9, 4, 5, 3, 8, 2, 3, 3, 6], [6, 7, 3, 6, 1, 9, 6, 8, 2, 6, 4, 5], [6, 7, 4, 5, 1, 9, 3, 6, 6, 8, 2, 6], [6, 7, 4, 5, 1, 9, 3, 8, 2, 3, 3, 6], [6, 7, 4, 5, 3, 6, 1, 9, 6, 8, 2, 6]], 
     table([(0)=[{8}, {}, {}],(1)=[{4}, {[4, 4, 8]}, {}],(2)=[{2, 17}, {[3, 4, 17], [5, 2, 4]}, {}],(3)=[{11, 20, 33}, {[2, 17, 33], [3, 2, 11], [4, 17, 20]}, {}],(4)=[{12, 14, 18, 19, 23, 36}, {[2, 11, 23], [3, 18, 20], [4, 11, 14], [4, 33, 36], [5, 11, 12], [5, 19, 20]}, {}],(5)=[{6, 13, 16, 24, 26, 34, 35, 39}, {[2, 12, 24], [2, 14, 26], [2, 18, 34], [2, 36, 39], [3, 6, 12], [3, 13, 19], [3, 36, 39], [4, 23, 26], [5, 13, 14], [5, 16, 18], [5, 23, 24], [5, 35, 36]}, {}],(6)=[{3, 5, 10, 15, 25, 29, 32, 38}, {[2, 13, 25], [2, 16, 32], [2, 35, 38], [3, 3, 16], [3, 26, 29], [3, 35, 38], [4, 5, 6], [4, 10, 13], [4, 15, 16], [5, 5, 6], [5, 25, 26], [5, 32, 34], [5, 38, 39]}, {}],(7)=[{1, 7, 22, 28, 31, 40}, {[2, 10, 22], [3, 1, 15], [4, 3, 7], [4, 22, 25], [4, 31, 32], [4, 38, 40], [5, 28, 29]}, {}],(8)=[{9, 21, 27, 30, 37}, {[2, 1, 21], [2, 30, 40], [2, 31, 37], [3, 22, 27], [3, 28, 30], [3, 31, 37], [4, 28, 30], [5, 7, 9]}, {}]]) ], 

  [ [[2, 3, 4, 5], [1, 2, 5], [1, 2, 4], [1, 3, 5], [1, 4], [1, 4, 5], [1, 3], [1, 3, 4, 5], [1, 3, 4], [1, 3, 5], [1, 2, 3, 5], [1, 2, 4], [1, 2, 4, 5], [1, 3, 4], [1, 3, 5], [1, 2, 3], [1, 2, 4, 5], [1, 2, 4], [1, 2, 5], [1, 2, 3, 4], [1, 2, 3, 5], [3, 4, 5], [2, 3, 5], [2, 4], [2, 4, 5], [2, 3, 4], [2, 3, 5], [2, 4, 5], [3, 4], [3, 5], [1, 3, 4, 5], [2, 3], [2, 4, 5], [2, 4], [2, 5], [2, 3, 4], [2, 3, 5], [1, 4, 5], [1, 3, 4], [1, 3, 5]], 
     {[2, 1, 31], [2, 4, 23], [2, 5, 24], [2, 6, 25], [2, 7, 32], [2, 8, 33], [2, 9, 34], [2, 10, 35], [2, 14, 26], [2, 15, 27], [2, 28, 38], [2, 36, 39], [2, 37, 40], [3, 2, 4], [3, 3, 7], [3, 8, 17], [3, 9, 18], [3, 10, 19], [3, 12, 14], [3, 13, 15], [3, 22, 28], [3, 24, 29], [3, 25, 30], [3, 31, 33], [3, 34, 39], [3, 35, 40], [4, 3, 7], [4, 4, 5], [4, 6, 10], [4, 11, 12], [4, 13, 15], [4, 16, 18], [4, 17, 21], [4, 23, 24], [4, 25, 27], [4, 28, 30], [4, 32, 34], [4, 33, 37], [4, 38, 40], [5, 2, 3], [5, 4, 5], [5, 9, 10], [5, 11, 12], [5, 14, 15], [5, 18, 19], [5, 20, 21], [5, 23, 24], [5, 26, 27], [5, 29, 30], [5, 34, 35], [5, 36, 37], [5, 39, 40]}, 
     [[3, 6, 6, 9, 7, 8, 2, 6, 4, 5, 1, 2], [3, 9, 2, 3, 1, 2, 4, 5, 7, 8, 3, 6], [3, 9, 2, 3, 1, 2, 7, 8, 4, 5, 3, 6], [3, 9, 2, 3, 4, 5, 1, 2, 7, 8, 3, 6], [3, 9, 2, 3, 4, 5, 7, 8, 1, 2, 3, 6], [3, 9, 2, 3, 4, 5, 7, 8, 3, 6, 1, 2], [3, 9, 2, 3, 7, 8, 1, 2, 4, 5, 3, 6], [3, 9, 2, 3, 7, 8, 3, 6, 4, 5, 1, 2], [3, 9, 2, 3, 7, 8, 4, 5, 1, 2, 3, 6], [3, 9, 2, 3, 7, 8, 4, 5, 3, 6, 1, 2], [3, 9, 4, 5, 2, 3, 1, 2, 7, 8, 3, 6], [3, 9, 4, 5, 2, 3, 7, 8, 1, 2, 3, 6], [3, 9, 4, 5, 2, 3, 7, 8, 3, 6, 1, 2], [3, 9, 4, 5, 7, 8, 2, 3, 1, 2, 3, 6], [3, 9, 4, 5, 7, 8, 2, 3, 3, 6, 1, 2], [3, 9, 7, 8, 2, 3, 1, 2, 4, 5, 3, 6], [3, 9, 7, 8, 2, 3, 3, 6, 4, 5, 1, 2], [3, 9, 7, 8, 2, 3, 4, 5, 1, 2, 3, 6], [3, 9, 7, 8, 2, 3, 4, 5, 3, 6, 1, 2], [3, 9, 7, 8, 4, 5, 2, 3, 1, 2, 3, 6], [3, 9, 7, 8, 4, 5, 2, 3, 3, 6, 1, 2], [4, 5, 3, 6, 6, 9, 7, 8, 2, 6, 1, 2], [4, 5, 3, 9, 2, 3, 1, 2, 7, 8, 3, 6], [4, 5, 3, 9, 2, 3, 7, 8, 1, 2, 3, 6], [4, 5, 3, 9, 2, 3, 7, 8, 3, 6, 1, 2], [4, 5, 3, 9, 7, 8, 2, 3, 1, 2, 3, 6], [4, 5, 3, 9, 7, 8, 2, 3, 3, 6, 1, 2], [4, 5, 7, 8, 3, 6, 6, 9, 2, 6, 1, 2], [4, 5, 7, 8, 3, 9, 2, 3, 1, 2, 3, 6], [4, 5, 7, 8, 3, 9, 2, 3, 3, 6, 1, 2], [7, 8, 3, 6, 6, 9, 2, 6, 4, 5, 1, 2], [7, 8, 3, 9, 2, 3, 1, 2, 4, 5, 3, 6], [7, 8, 3, 9, 2, 3, 3, 6, 4, 5, 1, 2], [7, 8, 3, 9, 2, 3, 4, 5, 1, 2, 3, 6], [7, 8, 3, 9, 2, 3, 4, 5, 3, 6, 1, 2], [7, 8, 3, 9, 4, 5, 2, 3, 1, 2, 3, 6], [7, 8, 3, 9, 4, 5, 2, 3, 3, 6, 1, 2], [7, 8, 4, 5, 3, 6, 6, 9, 2, 6, 1, 2], [7, 8, 4, 5, 3, 9, 2, 3, 1, 2, 3, 6], [7, 8, 4, 5, 3, 9, 2, 3, 3, 6, 1, 2]], 
     table([(0)=[{16}, {}, {}],(1)=[{18}, {[4, 16, 18]}, {}],(2)=[{9, 19}, {[3, 9, 18], [5, 18, 19]}, {}],(3)=[{10, 34}, {[2, 9, 34], [3, 10, 19], [5, 9, 10]}, {}],(4)=[{6, 32, 35, 39}, {[2, 10, 35], [3, 34, 39], [4, 6, 10], [4, 32, 34], [5, 34, 35]}, {}],(5)=[{7, 25, 36, 40}, {[2, 6, 25], [2, 7, 32], [2, 36, 39], [3, 35, 40], [5, 39, 40]}, {}],(6)=[{3, 27, 30, 37, 38}, {[2, 37, 40], [3, 3, 7], [3, 25, 30], [4, 3, 7], [4, 25, 27], [4, 38, 40], [5, 36, 37]}, {}],(7)=[{2, 15, 26, 28, 29, 33}, {[2, 15, 27], [2, 28, 38], [4, 28, 30], [4, 33, 37], [5, 2, 3], [5, 26, 27], [5, 29, 30]}, {}],(9)=[{1, 5, 12, 17, 23}, {[2, 1, 31], [2, 4, 23], [2, 5, 24], [3, 8, 17], [3, 12, 14], [4, 4, 5], [4, 23, 24], [5, 4, 5], [5, 23, 24]}, {}],(8)=[{4, 8, 13, 14, 22, 24, 31}, {[2, 8, 33], [2, 14, 26], [3, 2, 4], [3, 13, 15], [3, 22, 28], [3, 24, 29], [3, 31, 33], [4, 13, 15], [5, 14, 15]}, {}],(11)=[{20}, {[5, 20, 21]}, {}],(10)=[{11, 21}, {[4, 11, 12], [4, 17, 21], [5, 11, 12]}, {}]]) ], 

 NULL]:
