Isomorphism_Classes[6,54]:=[

#################################################################
### The symmetric function = s[5, 1] + 2 s[4, 2] + s[4, 1, 1] + s[3, 3] + s[3, 2, 1]   has 1 graph isomorphism type.

  [ [[4, 5], [3, 4], [3, 5], [2, 4], [2, 4, 5], [2, 5], [2], [2, 5], [2, 4], [2, 3, 5], [2, 3], [2, 4], [3, 5], [3], [3, 4], [5], [4], [3, 5], [3], [4], [1, 4], [1, 4, 5], [1, 5], [1], [1, 5], [1, 4], [1, 3, 5], [1, 3], [1, 4], [1, 3, 5], [1, 3], [1, 3, 4], [1, 2, 5], [1, 2], [1, 2, 4], [1, 3], [2, 5], [2], [2, 4], [2, 3], [2, 5], [2, 4], [3, 5], [4], [3], [1, 5], [1, 4], [1, 3, 5], [1, 3], [1, 4], [2, 5], [2], [2, 4], [3]], 
     {[2, 4, 21], [2, 5, 22], [2, 6, 23], [2, 7, 24], [2, 8, 25], [2, 9, 26], [2, 10, 48], [2, 11, 49], [2, 12, 50], [2, 27, 51], [2, 28, 52], [2, 29, 53], [2, 30, 37], [2, 31, 38], [2, 32, 39], [2, 36, 40], [2, 41, 46], [2, 42, 47], [3, 2, 4], [3, 3, 5], [3, 6, 18], [3, 7, 19], [3, 8, 13], [3, 9, 14], [3, 12, 15], [3, 27, 33], [3, 28, 34], [3, 30, 37], [3, 31, 38], [3, 32, 39], [3, 35, 36], [3, 41, 43], [3, 42, 45], [3, 48, 51], [3, 49, 52], [3, 53, 54], [4, 1, 3], [4, 4, 10], [4, 5, 13], [4, 9, 14], [4, 11, 12], [4, 17, 18], [4, 19, 20], [4, 21, 27], [4, 22, 30], [4, 26, 31], [4, 28, 29], [4, 35, 36], [4, 39, 40], [4, 42, 45], [4, 43, 44], [4, 47, 48], [4, 49, 50], [4, 53, 54], [5, 2, 3], [5, 4, 6], [5, 8, 9], [5, 10, 12], [5, 13, 15], [5, 16, 17], [5, 18, 20], [5, 21, 23], [5, 25, 26], [5, 27, 29], [5, 30, 32], [5, 33, 35], [5, 37, 39], [5, 41, 42], [5, 43, 44], [5, 46, 47], [5, 48, 50], [5, 51, 53]}, 
     [[2, 3, 1, 6, 6, 7, 7, 8, 3, 7, 4, 5], [2, 3, 1, 6, 6, 8, 3, 6, 4, 5, 6, 7], [2, 3, 1, 6, 6, 8, 3, 6, 6, 7, 4, 5], [2, 3, 3, 6, 1, 3, 3, 8, 4, 5, 6, 7], [2, 3, 3, 6, 1, 3, 3, 8, 6, 7, 4, 5], [2, 3, 3, 6, 1, 3, 4, 5, 3, 8, 6, 7], [2, 3, 3, 6, 1, 3, 4, 5, 6, 7, 3, 8], [2, 3, 3, 6, 1, 3, 6, 7, 3, 8, 4, 5], [2, 3, 3, 6, 1, 3, 6, 7, 4, 5, 3, 8], [2, 3, 3, 6, 4, 5, 1, 3, 3, 8, 6, 7], [2, 3, 3, 6, 4, 5, 1, 3, 6, 7, 3, 8], [2, 3, 3, 6, 4, 5, 6, 7, 1, 3, 3, 8], [2, 3, 3, 6, 6, 7, 1, 3, 3, 8, 4, 5], [2, 3, 3, 6, 6, 7, 1, 3, 4, 5, 3, 8], [2, 3, 3, 6, 6, 7, 4, 5, 1, 3, 3, 8], [2, 3, 4, 5, 1, 6, 6, 7, 7, 8, 3, 7], [2, 3, 4, 5, 1, 6, 6, 8, 3, 6, 6, 7], [2, 3, 4, 5, 3, 6, 1, 3, 3, 8, 6, 7], [2, 3, 4, 5, 3, 6, 1, 3, 6, 7, 3, 8], [2, 3, 4, 5, 3, 6, 6, 7, 1, 3, 3, 8], [2, 6, 1, 2, 2, 3, 3, 8, 4, 5, 6, 7], [2, 6, 1, 2, 2, 3, 3, 8, 6, 7, 4, 5], [2, 6, 1, 2, 2, 3, 4, 5, 3, 8, 6, 7], [2, 6, 1, 2, 2, 3, 4, 5, 6, 7, 3, 8], [2, 6, 1, 2, 2, 3, 6, 7, 3, 8, 4, 5], [2, 6, 1, 2, 2, 3, 6, 7, 4, 5, 3, 8], [2, 6, 1, 2, 4, 5, 2, 3, 3, 8, 6, 7], [2, 6, 1, 2, 4, 5, 2, 3, 6, 7, 3, 8], [2, 6, 1, 2, 4, 5, 6, 7, 2, 3, 3, 8], [2, 6, 1, 2, 6, 7, 2, 3, 3, 8, 4, 5], [2, 6, 1, 2, 6, 7, 2, 3, 4, 5, 3, 8], [2, 6, 1, 2, 6, 7, 4, 5, 2, 3, 3, 8], [2, 6, 4, 5, 1, 2, 2, 3, 3, 8, 6, 7], [2, 6, 4, 5, 1, 2, 2, 3, 6, 7, 3, 8], [2, 6, 4, 5, 1, 2, 6, 7, 2, 3, 3, 8], [2, 6, 4, 5, 6, 7, 1, 2, 2, 3, 3, 8], [2, 6, 6, 7, 1, 2, 2, 3, 3, 8, 4, 5], [2, 6, 6, 7, 1, 2, 2, 3, 4, 5, 3, 8], [2, 6, 6, 7, 1, 2, 4, 5, 2, 3, 3, 8], [2, 6, 6, 7, 4, 5, 1, 2, 2, 3, 3, 8], [4, 5, 1, 6, 2, 3, 6, 7, 7, 8, 3, 7], [4, 5, 1, 6, 2, 3, 6, 8, 3, 6, 6, 7], [4, 5, 1, 6, 6, 7, 2, 3, 7, 8, 3, 7], [4, 5, 1, 6, 6, 7, 7, 8, 2, 3, 3, 7], [4, 5, 1, 6, 6, 8, 2, 3, 3, 6, 6, 7], [4, 5, 2, 3, 1, 6, 6, 7, 7, 8, 3, 7], [4, 5, 2, 3, 1, 6, 6, 8, 3, 6, 6, 7], [4, 5, 2, 3, 3, 6, 1, 3, 3, 8, 6, 7], [4, 5, 2, 3, 3, 6, 1, 3, 6, 7, 3, 8], [4, 5, 2, 3, 3, 6, 6, 7, 1, 3, 3, 8], [4, 5, 2, 6, 1, 2, 2, 3, 3, 8, 6, 7], [4, 5, 2, 6, 1, 2, 2, 3, 6, 7, 3, 8], [4, 5, 2, 6, 1, 2, 6, 7, 2, 3, 3, 8], [4, 5, 2, 6, 6, 7, 1, 2, 2, 3, 3, 8]], 
     table([(0)=[{24}, {}, {}],(1)=[{7}, {[2, 7, 24]}, {}],(2)=[{19}, {[3, 7, 19]}, {}],(3)=[{20}, {[4, 19, 20]}, {}],(4)=[{18}, {[5, 18, 20]}, {}],(5)=[{6, 17}, {[3, 6, 18], [4, 17, 18]}, {}],(6)=[{4, 16, 23}, {[2, 6, 23], [5, 4, 6], [5, 16, 17]}, {}],(7)=[{2, 10, 21}, {[2, 4, 21], [3, 2, 4], [4, 4, 10], [5, 21, 23]}, {}],(9)=[{1, 5, 11, 15, 29, 33, 47, 50, 51}, {[2, 12, 50], [2, 27, 51], [3, 3, 5], [3, 12, 15], [3, 27, 33], [3, 48, 51], [4, 1, 3], [4, 11, 12], [4, 47, 48], [5, 27, 29], [5, 48, 50]}, {}],(8)=[{3, 12, 27, 48}, {[2, 10, 48], [4, 21, 27], [5, 2, 3], [5, 10, 12]}, {}],(11)=[{8, 30, 34, 36, 41, 45, 52, 54}, {[2, 28, 52], [2, 41, 46], [3, 8, 13], [3, 28, 34], [3, 35, 36], [3, 42, 45], [3, 49, 52], [3, 53, 54], [4, 22, 30], [4, 35, 36], [4, 42, 45], [4, 53, 54], [5, 41, 42]}, {}],(10)=[{13, 22, 28, 35, 42, 46, 49, 53}, {[2, 5, 22], [2, 11, 49], [2, 29, 53], [2, 42, 47], [4, 5, 13], [4, 28, 29], [4, 49, 50], [5, 13, 15], [5, 33, 35], [5, 46, 47], [5, 51, 53]}, {}],(13)=[{14, 26, 39, 44}, {[2, 9, 26], [2, 32, 39], [3, 9, 14], [3, 32, 39], [4, 9, 14], [4, 39, 40], [4, 43, 44], [5, 25, 26], [5, 37, 39], [5, 43, 44]}, {}],(12)=[{9, 25, 32, 37, 40, 43}, {[2, 8, 25], [2, 30, 37], [2, 36, 40], [3, 30, 37], [3, 41, 43], [5, 8, 9], [5, 30, 32]}, {}],(15)=[{38}, {[2, 31, 38], [3, 31, 38]}, {}],(14)=[{31}, {[4, 26, 31]}, {}]]) ], 

#################################################################
### The symmetric function = s[3, 2, 1] + s[2, 2, 2] + s[3, 1, 1, 1] + 2 s[2, 2, 1, 1] + s[2, 1, 1, 1, 1]   has 1 graph isomorphism type.

  [ [[1, 3, 4, 5], [2, 4, 5], [2, 3, 4], [2, 3, 4, 5], [2, 3, 5], [1, 4, 5], [1, 3, 4], [1, 3, 4, 5], [1, 3, 5], [1, 2, 5], [1, 2, 4, 5], [1, 2, 4], [1, 3, 5], [1, 4], [1, 3, 5], [1, 3], [1, 3, 4], [1, 2, 4, 5], [1, 2, 3, 5], [1, 2, 4], [1, 3, 5], [1, 3, 4], [1, 2, 4], [1, 2, 4, 5], [1, 2, 5], [1, 2, 3, 5], [1, 2, 3], [1, 2, 4], [1, 2, 3, 5], [1, 2, 3, 4], [3, 4, 5], [2, 4, 5], [2, 3, 5], [2, 4], [2, 3, 5], [2, 3, 4], [2, 4, 5], [3, 5], [3, 4], [1, 2, 4, 5], [1, 3, 4], [1, 3, 4, 5], [1, 3, 5], [2, 4], [2, 4, 5], [2, 5], [2, 3, 5], [2, 3], [2, 4], [2, 3, 5], [2, 3, 4], [1, 4, 5], [1, 3, 5], [1, 3, 4]], 
     {[2, 1, 2], [2, 3, 41], [2, 4, 42], [2, 5, 43], [2, 6, 32], [2, 7, 44], [2, 8, 45], [2, 9, 46], [2, 13, 33], [2, 14, 34], [2, 15, 47], [2, 16, 48], [2, 17, 49], [2, 21, 35], [2, 22, 36], [2, 37, 52], [2, 50, 53], [2, 51, 54], [3, 1, 2], [3, 7, 23], [3, 8, 24], [3, 9, 25], [3, 10, 13], [3, 11, 15], [3, 12, 16], [3, 17, 28], [3, 18, 21], [3, 20, 22], [3, 31, 37], [3, 32, 38], [3, 34, 39], [3, 40, 43], [3, 41, 44], [3, 42, 45], [3, 46, 53], [3, 49, 54], [4, 2, 5], [4, 6, 9], [4, 11, 15], [4, 12, 16], [4, 13, 14], [4, 18, 21], [4, 19, 20], [4, 23, 26], [4, 24, 29], [4, 27, 28], [4, 32, 35], [4, 33, 34], [4, 37, 38], [4, 40, 43], [4, 44, 47], [4, 45, 50], [4, 48, 49], [4, 52, 53], [5, 3, 5], [5, 7, 9], [5, 10, 12], [5, 13, 14], [5, 15, 17], [5, 19, 20], [5, 21, 22], [5, 23, 25], [5, 26, 28], [5, 29, 30], [5, 33, 34], [5, 35, 36], [5, 38, 39], [5, 41, 43], [5, 44, 46], [5, 47, 49], [5, 50, 51], [5, 53, 54]}, 
     [[3, 6, 2, 3, 6, 9, 7, 8, 1, 6, 4, 5], [3, 6, 6, 9, 2, 3, 7, 8, 1, 6, 4, 5], [3, 6, 6, 9, 7, 8, 1, 6, 2, 3, 4, 5], [3, 6, 6, 9, 7, 8, 1, 6, 4, 5, 2, 3], [3, 6, 6, 9, 7, 8, 2, 3, 1, 6, 4, 5], [3, 9, 1, 3, 4, 5, 7, 8, 3, 6, 2, 3], [3, 9, 1, 3, 7, 8, 3, 6, 2, 3, 4, 5], [3, 9, 1, 3, 7, 8, 3, 6, 4, 5, 2, 3], [3, 9, 1, 3, 7, 8, 4, 5, 3, 6, 2, 3], [3, 9, 2, 3, 1, 2, 4, 5, 7, 8, 2, 6], [3, 9, 2, 3, 1, 2, 7, 8, 2, 6, 4, 5], [3, 9, 2, 3, 1, 2, 7, 8, 4, 5, 2, 6], [3, 9, 2, 3, 4, 5, 1, 2, 7, 8, 2, 6], [3, 9, 2, 3, 4, 5, 7, 8, 1, 2, 2, 6], [3, 9, 2, 3, 7, 8, 1, 2, 2, 6, 4, 5], [3, 9, 2, 3, 7, 8, 1, 2, 4, 5, 2, 6], [3, 9, 2, 3, 7, 8, 4, 5, 1, 2, 2, 6], [3, 9, 4, 5, 1, 3, 7, 8, 3, 6, 2, 3], [3, 9, 4, 5, 2, 3, 1, 2, 7, 8, 2, 6], [3, 9, 4, 5, 2, 3, 7, 8, 1, 2, 2, 6], [3, 9, 4, 5, 7, 8, 1, 3, 3, 6, 2, 3], [3, 9, 4, 5, 7, 8, 2, 3, 1, 2, 2, 6], [3, 9, 7, 8, 1, 3, 3, 6, 2, 3, 4, 5], [3, 9, 7, 8, 1, 3, 3, 6, 4, 5, 2, 3], [3, 9, 7, 8, 1, 3, 4, 5, 3, 6, 2, 3], [3, 9, 7, 8, 2, 3, 1, 2, 2, 6, 4, 5], [3, 9, 7, 8, 2, 3, 1, 2, 4, 5, 2, 6], [3, 9, 7, 8, 2, 3, 4, 5, 1, 2, 2, 6], [3, 9, 7, 8, 4, 5, 1, 3, 3, 6, 2, 3], [3, 9, 7, 8, 4, 5, 2, 3, 1, 2, 2, 6], [4, 5, 3, 6, 6, 9, 7, 8, 1, 6, 2, 3], [4, 5, 3, 9, 1, 3, 7, 8, 3, 6, 2, 3], [4, 5, 3, 9, 2, 3, 1, 2, 7, 8, 2, 6], [4, 5, 3, 9, 2, 3, 7, 8, 1, 2, 2, 6], [4, 5, 3, 9, 7, 8, 1, 3, 3, 6, 2, 3], [4, 5, 3, 9, 7, 8, 2, 3, 1, 2, 2, 6], [4, 5, 7, 8, 3, 6, 6, 9, 1, 6, 2, 3], [4, 5, 7, 8, 3, 9, 1, 3, 3, 6, 2, 3], [4, 5, 7, 8, 3, 9, 2, 3, 1, 2, 2, 6], [7, 8, 3, 6, 2, 3, 6, 9, 1, 6, 4, 5], [7, 8, 3, 6, 6, 9, 1, 6, 2, 3, 4, 5], [7, 8, 3, 6, 6, 9, 1, 6, 4, 5, 2, 3], [7, 8, 3, 6, 6, 9, 2, 3, 1, 6, 4, 5], [7, 8, 3, 9, 1, 3, 3, 6, 2, 3, 4, 5], [7, 8, 3, 9, 1, 3, 3, 6, 4, 5, 2, 3], [7, 8, 3, 9, 1, 3, 4, 5, 3, 6, 2, 3], [7, 8, 3, 9, 2, 3, 1, 2, 2, 6, 4, 5], [7, 8, 3, 9, 2, 3, 1, 2, 4, 5, 2, 6], [7, 8, 3, 9, 2, 3, 4, 5, 1, 2, 2, 6], [7, 8, 3, 9, 4, 5, 1, 3, 3, 6, 2, 3], [7, 8, 3, 9, 4, 5, 2, 3, 1, 2, 2, 6], [7, 8, 4, 5, 3, 6, 6, 9, 1, 6, 2, 3], [7, 8, 4, 5, 3, 9, 1, 3, 3, 6, 2, 3], [7, 8, 4, 5, 3, 9, 2, 3, 1, 2, 2, 6]], 
     table([(0)=[{27}, {}, {}],(1)=[{28}, {[4, 27, 28]}, {}],(2)=[{17, 26}, {[3, 17, 28], [5, 26, 28]}, {}],(3)=[{15, 23, 49}, {[2, 17, 49], [4, 23, 26], [5, 15, 17]}, {}],(4)=[{7, 11, 25, 47, 48, 54}, {[2, 15, 47], [3, 7, 23], [3, 11, 15], [3, 49, 54], [4, 11, 15], [4, 48, 49], [5, 23, 25], [5, 47, 49]}, {}],(5)=[{9, 16, 44, 51, 53}, {[2, 7, 44], [2, 16, 48], [2, 51, 54], [3, 9, 25], [4, 44, 47], [5, 7, 9], [5, 53, 54]}, {}],(6)=[{6, 12, 41, 46, 50, 52}, {[2, 9, 46], [2, 50, 53], [3, 12, 16], [3, 41, 44], [3, 46, 53], [4, 6, 9], [4, 12, 16], [4, 52, 53], [5, 44, 46], [5, 50, 51]}, {}],(7)=[{3, 10, 32, 37, 43, 45}, {[2, 3, 41], [2, 6, 32], [2, 37, 52], [4, 45, 50], [5, 10, 12], [5, 41, 43]}, {}],(9)=[{2, 4, 14, 21, 24, 33, 36, 39}, {[2, 4, 42], [2, 13, 33], [2, 21, 35], [3, 8, 24], [4, 2, 5], [4, 13, 14], [5, 13, 14], [5, 35, 36], [5, 38, 39]}, {}],(8)=[{5, 8, 13, 31, 35, 38, 40, 42}, {[2, 5, 43], [2, 8, 45], [3, 10, 13], [3, 31, 37], [3, 32, 38], [3, 40, 43], [3, 42, 45], [4, 32, 35], [4, 37, 38], [4, 40, 43], [5, 3, 5]}, {}],(11)=[{20, 30}, {[3, 20, 22], [5, 29, 30]}, {}],(10)=[{1, 18, 22, 29, 34}, {[2, 1, 2], [2, 14, 34], [2, 22, 36], [3, 1, 2], [3, 18, 21], [3, 34, 39], [4, 18, 21], [4, 24, 29], [4, 33, 34], [5, 21, 22], [5, 33, 34]}, {}],(12)=[{19}, {[4, 19, 20], [5, 19, 20]}, {}]]) ], 

#################################################################
### The symmetric function = s[4, 2] + s[4, 1, 1] + s[3, 2, 1] + s[3, 1, 1, 1] + s[2, 2, 1, 1]   has 1 graph isomorphism type.

  [ [[1, 3, 4, 5], [2, 3, 5], [2, 3, 4], [2, 4, 5], [1, 3, 5], [1, 3, 4], [1, 4, 5], [1, 5], [1, 4], [1, 4], [1, 3, 5], [1, 3], [1, 2, 4, 5], [1, 2, 5], [1, 2, 4], [1, 3, 5], [1, 3], [1, 3, 4], [1, 2, 4], [1, 2, 5], [1, 2], [1, 2, 3, 5], [1, 2, 3], [1, 2, 4], [3, 4, 5], [2, 4, 5], [2, 5], [2, 4], [2, 3, 5], [2, 3], [2, 3, 4], [3, 5], [4, 5], [4], [3, 5], [3], [3, 4], [2, 5], [2, 4], [2, 4, 5], [3, 4], [3, 5], [2, 4], [2, 5], [2], [2, 3, 5], [2, 3], [2, 4], [1, 4, 5], [1, 3, 5], [1, 3], [1, 3, 4], [1, 5], [1, 4]], 
     {[2, 1, 4], [2, 2, 5], [2, 3, 6], [2, 7, 26], [2, 8, 27], [2, 9, 28], [2, 10, 43], [2, 11, 44], [2, 12, 45], [2, 16, 29], [2, 17, 30], [2, 18, 31], [2, 38, 53], [2, 39, 54], [2, 40, 49], [2, 46, 50], [2, 47, 51], [2, 48, 52], [3, 1, 4], [3, 5, 13], [3, 6, 19], [3, 11, 20], [3, 12, 21], [3, 14, 16], [3, 15, 17], [3, 18, 24], [3, 25, 26], [3, 27, 35], [3, 28, 36], [3, 32, 38], [3, 37, 39], [3, 40, 42], [3, 41, 43], [3, 44, 50], [3, 45, 51], [3, 48, 52], [4, 2, 4], [4, 5, 7], [4, 9, 12], [4, 10, 11], [4, 13, 16], [4, 15, 17], [4, 19, 22], [4, 23, 24], [4, 26, 29], [4, 28, 30], [4, 32, 34], [4, 33, 35], [4, 36, 39], [4, 40, 42], [4, 43, 46], [4, 47, 48], [4, 49, 50], [4, 51, 54], [5, 2, 3], [5, 5, 6], [5, 8, 9], [5, 10, 11], [5, 14, 15], [5, 16, 18], [5, 19, 20], [5, 22, 24], [5, 27, 28], [5, 29, 31], [5, 32, 34], [5, 35, 37], [5, 38, 39], [5, 41, 42], [5, 43, 44], [5, 46, 48], [5, 50, 52], [5, 53, 54]}, 
     [[1, 7, 3, 4, 7, 8, 2, 7, 5, 6, 4, 5], [1, 7, 7, 8, 2, 7, 3, 4, 5, 6, 4, 5], [1, 7, 7, 8, 2, 7, 5, 6, 3, 4, 4, 5], [1, 7, 7, 8, 3, 4, 2, 7, 5, 6, 4, 5], [2, 7, 1, 2, 2, 8, 3, 4, 5, 6, 4, 5], [2, 7, 1, 2, 2, 8, 5, 6, 3, 4, 4, 5], [2, 7, 1, 2, 3, 4, 2, 8, 5, 6, 4, 5], [2, 7, 1, 2, 3, 4, 5, 6, 2, 8, 4, 5], [2, 7, 1, 2, 3, 4, 5, 6, 4, 5, 2, 8], [2, 7, 1, 2, 5, 6, 2, 8, 3, 4, 4, 5], [2, 7, 1, 2, 5, 6, 3, 4, 2, 8, 4, 5], [2, 7, 1, 2, 5, 6, 3, 4, 4, 5, 2, 8], [2, 7, 3, 4, 1, 2, 2, 8, 5, 6, 4, 5], [2, 7, 3, 4, 1, 2, 5, 6, 2, 8, 4, 5], [2, 7, 3, 4, 1, 2, 5, 6, 4, 5, 2, 8], [2, 7, 3, 4, 5, 6, 1, 2, 2, 8, 4, 5], [2, 7, 3, 4, 5, 6, 1, 2, 4, 5, 2, 8], [2, 7, 3, 4, 5, 6, 4, 5, 1, 2, 2, 8], [2, 7, 5, 6, 1, 2, 2, 8, 3, 4, 4, 5], [2, 7, 5, 6, 1, 2, 3, 4, 2, 8, 4, 5], [2, 7, 5, 6, 1, 2, 3, 4, 4, 5, 2, 8], [2, 7, 5, 6, 3, 4, 1, 2, 2, 8, 4, 5], [2, 7, 5, 6, 3, 4, 1, 2, 4, 5, 2, 8], [2, 7, 5, 6, 3, 4, 4, 5, 1, 2, 2, 8], [3, 4, 1, 7, 7, 8, 2, 7, 5, 6, 4, 5], [3, 4, 2, 7, 1, 2, 2, 8, 5, 6, 4, 5], [3, 4, 2, 7, 1, 2, 5, 6, 2, 8, 4, 5], [3, 4, 2, 7, 1, 2, 5, 6, 4, 5, 2, 8], [3, 4, 2, 7, 5, 6, 1, 2, 2, 8, 4, 5], [3, 4, 2, 7, 5, 6, 1, 2, 4, 5, 2, 8], [3, 4, 2, 7, 5, 6, 4, 5, 1, 2, 2, 8], [3, 4, 5, 6, 1, 7, 4, 5, 7, 8, 2, 7], [3, 4, 5, 6, 1, 7, 7, 8, 2, 7, 4, 5], [3, 4, 5, 6, 1, 7, 7, 8, 4, 5, 2, 7], [3, 4, 5, 6, 2, 7, 1, 2, 2, 8, 4, 5], [3, 4, 5, 6, 2, 7, 1, 2, 4, 5, 2, 8], [3, 4, 5, 6, 2, 7, 4, 5, 1, 2, 2, 8], [3, 4, 5, 6, 4, 5, 1, 7, 7, 8, 2, 7], [3, 4, 5, 6, 4, 5, 2, 7, 1, 2, 2, 8], [5, 6, 1, 7, 3, 4, 7, 8, 2, 7, 4, 5], [5, 6, 1, 7, 7, 8, 2, 7, 3, 4, 4, 5], [5, 6, 1, 7, 7, 8, 3, 4, 2, 7, 4, 5], [5, 6, 2, 7, 1, 2, 2, 8, 3, 4, 4, 5], [5, 6, 2, 7, 1, 2, 3, 4, 2, 8, 4, 5], [5, 6, 2, 7, 1, 2, 3, 4, 4, 5, 2, 8], [5, 6, 2, 7, 3, 4, 1, 2, 2, 8, 4, 5], [5, 6, 2, 7, 3, 4, 1, 2, 4, 5, 2, 8], [5, 6, 2, 7, 3, 4, 4, 5, 1, 2, 2, 8], [5, 6, 3, 4, 1, 7, 7, 8, 2, 7, 4, 5], [5, 6, 3, 4, 2, 7, 1, 2, 2, 8, 4, 5], [5, 6, 3, 4, 2, 7, 1, 2, 4, 5, 2, 8], [5, 6, 3, 4, 2, 7, 4, 5, 1, 2, 2, 8], [5, 6, 3, 4, 4, 5, 1, 7, 7, 8, 2, 7], [5, 6, 3, 4, 4, 5, 2, 7, 1, 2, 2, 8]], 
     table([(0)=[{21}, {}, {}],(1)=[{12}, {[3, 12, 21]}, {}],(2)=[{9, 45}, {[2, 12, 45], [4, 9, 12]}, {}],(3)=[{8, 28, 51}, {[2, 9, 28], [3, 45, 51], [5, 8, 9]}, {}],(4)=[{27, 30, 36, 47, 54}, {[2, 8, 27], [2, 47, 51], [3, 28, 36], [4, 28, 30], [4, 51, 54], [5, 27, 28]}, {}],(5)=[{17, 35, 39, 48, 53}, {[2, 17, 30], [2, 39, 54], [3, 27, 35], [4, 36, 39], [4, 47, 48], [5, 53, 54]}, {}],(6)=[{15, 33, 37, 38, 46, 52}, {[2, 38, 53], [2, 48, 52], [3, 15, 17], [3, 37, 39], [3, 48, 52], [4, 15, 17], [4, 33, 35], [5, 35, 37], [5, 38, 39], [5, 46, 48]}, {}],(7)=[{14, 32, 43, 50}, {[2, 46, 50], [3, 32, 38], [4, 43, 46], [5, 14, 15], [5, 50, 52]}, {}],(9)=[{11, 13, 18, 29, 40, 42}, {[2, 11, 44], [2, 16, 29], [2, 40, 49], [4, 10, 11], [4, 13, 16], [5, 10, 11], [5, 16, 18], [5, 41, 42]}, {[3, 40, 42], [4, 40, 42]}],(8)=[{10, 16, 34, 41, 44, 49}, {[2, 10, 43], [3, 14, 16], [3, 41, 43], [3, 44, 50], [4, 32, 34], [4, 49, 50], [5, 32, 34], [5, 43, 44]}, {}],(11)=[{2, 6, 7, 19, 22, 23, 25}, {[2, 2, 5], [2, 7, 26], [3, 25, 26], [4, 5, 7], [4, 23, 24], [5, 5, 6], [5, 19, 20], [5, 22, 24]}, {[3, 6, 19], [4, 19, 22]}],(10)=[{5, 20, 24, 26, 31}, {[2, 18, 31], [3, 5, 13], [3, 11, 20], [3, 18, 24], [4, 26, 29], [5, 29, 31]}, {}],(13)=[{1}, {[2, 1, 4], [3, 1, 4]}, {}],(12)=[{3, 4}, {[2, 3, 6], [4, 2, 4], [5, 2, 3]}, {}]]) ], 

 NULL]:
