Isomorphism_Classes[6,59]:=[

#################################################################
### The symmetric function = s[4, 2] + s[4, 1, 1] + s[3, 2, 1] + s[2, 2, 2] + s[3, 1, 1, 1] + s[2, 2, 1, 1]   has 1 graph isomorphism type.

  [ [[1, 3, 4, 5], [2, 4, 5], [2, 3, 4], [2, 3, 5], [1, 5], [1, 4, 5], [1, 4], [1, 3, 4], [1, 3, 5], [1, 3], [1, 2, 5], [1, 2, 4, 5], [1, 2, 4], [1, 3, 5], [1, 4], [1, 3, 5], [1, 3], [1, 3, 4], [1, 2, 4], [1, 2, 5], [1, 2], [1, 2, 3, 5], [1, 2, 3], [1, 2, 4], [3, 4, 5], [2, 5], [2, 4, 5], [2, 4], [2, 3, 5], [2, 4], [2, 3, 5], [2, 3], [2, 3, 4], [4, 5], [3, 5], [3, 4], [3, 5], [4], [2, 4, 5], [3, 5], [3], [3, 4], [2, 5], [2, 4], [1, 2, 4, 5], [1, 3, 4], [1, 3, 5], [2, 4], [2, 5], [2], [2, 3, 5], [2, 3], [2, 4], [1, 4, 5], [1, 3, 5], [1, 3], [1, 3, 4], [1, 5], [1, 4]], 
     {[2, 1, 2], [2, 3, 46], [2, 4, 47], [2, 5, 26], [2, 6, 27], [2, 7, 28], [2, 8, 48], [2, 9, 49], [2, 10, 50], [2, 14, 29], [2, 15, 30], [2, 16, 31], [2, 17, 32], [2, 18, 33], [2, 39, 54], [2, 43, 58], [2, 44, 59], [2, 51, 55], [2, 52, 56], [2, 53, 57], [3, 1, 2], [3, 8, 19], [3, 9, 20], [3, 10, 21], [3, 11, 14], [3, 12, 16], [3, 13, 17], [3, 18, 24], [3, 25, 39], [3, 26, 35], [3, 27, 40], [3, 28, 41], [3, 30, 36], [3, 37, 43], [3, 42, 44], [3, 45, 47], [3, 46, 48], [3, 49, 55], [3, 50, 56], [3, 53, 57], [4, 2, 4], [4, 6, 9], [4, 7, 10], [4, 12, 16], [4, 13, 17], [4, 14, 15], [4, 19, 22], [4, 23, 24], [4, 27, 31], [4, 28, 32], [4, 29, 30], [4, 34, 37], [4, 35, 38], [4, 39, 40], [4, 41, 44], [4, 45, 47], [4, 48, 51], [4, 52, 53], [4, 54, 55], [4, 56, 59], [5, 3, 4], [5, 5, 7], [5, 8, 9], [5, 11, 13], [5, 14, 15], [5, 16, 18], [5, 19, 20], [5, 22, 24], [5, 26, 28], [5, 29, 30], [5, 31, 33], [5, 35, 36], [5, 37, 38], [5, 40, 42], [5, 43, 44], [5, 46, 47], [5, 48, 49], [5, 51, 53], [5, 55, 57], [5, 58, 59]}, 
     [[2, 6, 3, 4, 6, 9, 7, 8, 1, 6, 4, 5], [2, 6, 6, 9, 3, 4, 7, 8, 1, 6, 4, 5], [2, 6, 6, 9, 7, 8, 1, 6, 3, 4, 4, 5], [2, 6, 6, 9, 7, 8, 3, 4, 1, 6, 4, 5], [2, 9, 1, 2, 3, 4, 4, 5, 7, 8, 2, 6], [2, 9, 1, 2, 3, 4, 7, 8, 2, 6, 4, 5], [2, 9, 1, 2, 3, 4, 7, 8, 4, 5, 2, 6], [2, 9, 1, 2, 7, 8, 2, 6, 3, 4, 4, 5], [2, 9, 1, 2, 7, 8, 3, 4, 2, 6, 4, 5], [2, 9, 1, 2, 7, 8, 3, 4, 4, 5, 2, 6], [2, 9, 3, 4, 1, 2, 4, 5, 7, 8, 2, 6], [2, 9, 3, 4, 1, 2, 7, 8, 2, 6, 4, 5], [2, 9, 3, 4, 1, 2, 7, 8, 4, 5, 2, 6], [2, 9, 3, 4, 4, 5, 1, 2, 7, 8, 2, 6], [2, 9, 3, 4, 4, 5, 7, 8, 1, 2, 2, 6], [2, 9, 3, 4, 7, 8, 1, 2, 2, 6, 4, 5], [2, 9, 3, 4, 7, 8, 1, 2, 4, 5, 2, 6], [2, 9, 3, 4, 7, 8, 4, 5, 1, 2, 2, 6], [2, 9, 7, 8, 1, 2, 2, 6, 3, 4, 4, 5], [2, 9, 7, 8, 1, 2, 3, 4, 2, 6, 4, 5], [2, 9, 7, 8, 1, 2, 3, 4, 4, 5, 2, 6], [2, 9, 7, 8, 3, 4, 1, 2, 2, 6, 4, 5], [2, 9, 7, 8, 3, 4, 1, 2, 4, 5, 2, 6], [2, 9, 7, 8, 3, 4, 4, 5, 1, 2, 2, 6], [3, 4, 2, 6, 6, 9, 7, 8, 1, 6, 4, 5], [3, 4, 2, 9, 1, 2, 4, 5, 7, 8, 2, 6], [3, 4, 2, 9, 1, 2, 7, 8, 2, 6, 4, 5], [3, 4, 2, 9, 1, 2, 7, 8, 4, 5, 2, 6], [3, 4, 2, 9, 4, 5, 1, 2, 7, 8, 2, 6], [3, 4, 2, 9, 4, 5, 7, 8, 1, 2, 2, 6], [3, 4, 2, 9, 7, 8, 1, 2, 2, 6, 4, 5], [3, 4, 2, 9, 7, 8, 1, 2, 4, 5, 2, 6], [3, 4, 2, 9, 7, 8, 4, 5, 1, 2, 2, 6], [3, 4, 4, 5, 2, 6, 6, 9, 7, 8, 1, 6], [3, 4, 4, 5, 2, 9, 1, 2, 7, 8, 2, 6], [3, 4, 4, 5, 2, 9, 7, 8, 1, 2, 2, 6], [3, 4, 4, 5, 7, 8, 2, 6, 6, 9, 1, 6], [3, 4, 4, 5, 7, 8, 2, 9, 1, 2, 2, 6], [3, 4, 7, 8, 2, 6, 6, 9, 1, 6, 4, 5], [3, 4, 7, 8, 2, 9, 1, 2, 2, 6, 4, 5], [3, 4, 7, 8, 2, 9, 1, 2, 4, 5, 2, 6], [3, 4, 7, 8, 2, 9, 4, 5, 1, 2, 2, 6], [3, 4, 7, 8, 4, 5, 2, 6, 6, 9, 1, 6], [3, 4, 7, 8, 4, 5, 2, 9, 1, 2, 2, 6], [7, 8, 2, 6, 3, 4, 6, 9, 1, 6, 4, 5], [7, 8, 2, 6, 6, 9, 1, 6, 3, 4, 4, 5], [7, 8, 2, 6, 6, 9, 3, 4, 1, 6, 4, 5], [7, 8, 2, 9, 1, 2, 2, 6, 3, 4, 4, 5], [7, 8, 2, 9, 1, 2, 3, 4, 2, 6, 4, 5], [7, 8, 2, 9, 1, 2, 3, 4, 4, 5, 2, 6], [7, 8, 2, 9, 3, 4, 1, 2, 2, 6, 4, 5], [7, 8, 2, 9, 3, 4, 1, 2, 4, 5, 2, 6], [7, 8, 2, 9, 3, 4, 4, 5, 1, 2, 2, 6], [7, 8, 3, 4, 2, 6, 6, 9, 1, 6, 4, 5], [7, 8, 3, 4, 2, 9, 1, 2, 2, 6, 4, 5], [7, 8, 3, 4, 2, 9, 1, 2, 4, 5, 2, 6], [7, 8, 3, 4, 2, 9, 4, 5, 1, 2, 2, 6], [7, 8, 3, 4, 4, 5, 2, 6, 6, 9, 1, 6], [7, 8, 3, 4, 4, 5, 2, 9, 1, 2, 2, 6]], 
     table([(0)=[{21}, {}, {}],(1)=[{10}, {[3, 10, 21]}, {}],(2)=[{7, 50}, {[2, 10, 50], [4, 7, 10]}, {}],(3)=[{5, 28, 56}, {[2, 7, 28], [3, 50, 56], [5, 5, 7]}, {}],(4)=[{26, 32, 41, 52, 59}, {[2, 5, 26], [2, 52, 56], [3, 28, 41], [4, 28, 32], [4, 56, 59], [5, 26, 28]}, {}],(5)=[{17, 35, 44, 53, 58}, {[2, 17, 32], [2, 44, 59], [3, 26, 35], [4, 41, 44], [4, 52, 53], [5, 58, 59]}, {}],(6)=[{13, 36, 38, 42, 43, 51, 57}, {[2, 43, 58], [2, 53, 57], [3, 13, 17], [3, 42, 44], [3, 53, 57], [4, 13, 17], [4, 35, 38], [5, 35, 36], [5, 43, 44], [5, 51, 53]}, {}],(7)=[{11, 30, 37, 40, 48, 55}, {[2, 51, 55], [3, 30, 36], [3, 37, 43], [4, 48, 51], [5, 11, 13], [5, 37, 38], [5, 40, 42], [5, 55, 57]}, {}],(9)=[{3, 6, 9, 19, 25, 31, 47}, {[2, 3, 46], [2, 6, 27], [2, 9, 49], [3, 8, 19], [3, 25, 39], [4, 27, 31], [5, 8, 9], [5, 46, 47]}, {[4, 6, 9]}],(8)=[{8, 14, 15, 27, 29, 34, 39, 46, 49, 54}, {[2, 8, 48], [2, 15, 30], [3, 11, 14], [3, 27, 40], [3, 46, 48], [3, 49, 55], [4, 29, 30], [4, 34, 37], [4, 39, 40], [4, 54, 55], [5, 29, 30], [5, 48, 49]}, {[2, 14, 29], [2, 39, 54], [4, 14, 15], [5, 14, 15]}],(11)=[{2, 12, 18, 24}, {[2, 18, 33], [3, 12, 16], [4, 2, 4], [4, 12, 16], [5, 16, 18], [5, 22, 24]}, {[3, 18, 24]}],(10)=[{4, 16, 20, 22, 33, 45}, {[2, 4, 47], [2, 16, 31], [3, 9, 20], [3, 45, 47], [4, 19, 22], [4, 45, 47], [5, 3, 4], [5, 19, 20], [5, 31, 33]}, {}],(12)=[{1, 23}, {[2, 1, 2], [3, 1, 2], [4, 23, 24]}, {}]]) ], 

#################################################################
### The symmetric function = s[4, 2] + s[4, 1, 1] + s[3, 3] + s[3, 2, 1] + s[3, 1, 1, 1] + s[2, 2, 1, 1]   has 1 graph isomorphism type.

  [ [[3, 4, 5], [2, 3, 4], [2, 3, 5], [2, 4, 5], [1, 3, 4], [1, 3, 5], [1, 3, 4, 5], [1, 4], [1, 4, 5], [1, 3, 5], [1, 3], [1, 5], [1, 4], [1, 4, 5], [1, 3, 5], [1, 3, 4], [1, 2, 4], [1, 2, 4, 5], [1, 2, 5], [1, 2], [1, 2, 5], [1, 2, 4], [1, 2, 3, 5], [1, 2, 3], [1, 2, 4], [1, 3, 5], [1, 3], [1, 3, 4], [2, 4, 5], [2, 5], [2, 4], [2, 3, 5], [2, 3], [2, 3, 4], [2, 5], [2, 4], [3, 5], [4, 5], [4], [3, 4], [3, 5], [3], [2, 4], [2, 4, 5], [2, 5], [2], [2, 5], [2, 4], [2, 3, 5], [2, 3], [2, 4], [3, 5], [3], [3, 4], [1, 5], [1, 4], [1, 3, 5], [1, 3], [1, 4]], 
     {[2, 2, 5], [2, 3, 6], [2, 4, 7], [2, 8, 43], [2, 9, 44], [2, 10, 45], [2, 11, 46], [2, 12, 47], [2, 13, 48], [2, 14, 29], [2, 15, 30], [2, 16, 31], [2, 26, 32], [2, 27, 33], [2, 28, 34], [2, 35, 55], [2, 36, 56], [2, 49, 57], [2, 50, 58], [2, 51, 59], [3, 1, 4], [3, 5, 17], [3, 6, 18], [3, 7, 29], [3, 10, 19], [3, 11, 20], [3, 15, 30], [3, 16, 31], [3, 21, 26], [3, 22, 27], [3, 25, 28], [3, 35, 37], [3, 36, 42], [3, 40, 43], [3, 41, 44], [3, 45, 57], [3, 46, 58], [3, 47, 52], [3, 48, 53], [3, 51, 54], [4, 3, 4], [4, 6, 9], [4, 8, 10], [4, 11, 13], [4, 14, 15], [4, 17, 23], [4, 18, 26], [4, 22, 27], [4, 24, 25], [4, 29, 32], [4, 31, 33], [4, 36, 42], [4, 37, 39], [4, 38, 41], [4, 43, 49], [4, 44, 52], [4, 48, 53], [4, 50, 51], [4, 56, 57], [4, 58, 59], [5, 2, 3], [5, 5, 6], [5, 8, 10], [5, 12, 13], [5, 15, 16], [5, 17, 19], [5, 21, 22], [5, 23, 25], [5, 26, 28], [5, 30, 31], [5, 32, 34], [5, 35, 36], [5, 37, 39], [5, 40, 41], [5, 43, 45], [5, 47, 48], [5, 49, 51], [5, 52, 54], [5, 55, 56], [5, 57, 59]}, 
     [[1, 6, 6, 7, 7, 8, 2, 7, 4, 5, 3, 4], [1, 6, 6, 8, 2, 6, 4, 5, 3, 4, 6, 7], [1, 6, 6, 8, 2, 6, 4, 5, 6, 7, 3, 4], [1, 6, 6, 8, 2, 6, 6, 7, 4, 5, 3, 4], [2, 6, 1, 2, 2, 8, 4, 5, 3, 4, 6, 7], [2, 6, 1, 2, 2, 8, 4, 5, 6, 7, 3, 4], [2, 6, 1, 2, 2, 8, 6, 7, 4, 5, 3, 4], [2, 6, 1, 2, 4, 5, 2, 8, 3, 4, 6, 7], [2, 6, 1, 2, 4, 5, 2, 8, 6, 7, 3, 4], [2, 6, 1, 2, 4, 5, 3, 4, 2, 8, 6, 7], [2, 6, 1, 2, 4, 5, 3, 4, 6, 7, 2, 8], [2, 6, 1, 2, 4, 5, 6, 7, 2, 8, 3, 4], [2, 6, 1, 2, 4, 5, 6, 7, 3, 4, 2, 8], [2, 6, 1, 2, 6, 7, 2, 8, 4, 5, 3, 4], [2, 6, 1, 2, 6, 7, 4, 5, 2, 8, 3, 4], [2, 6, 1, 2, 6, 7, 4, 5, 3, 4, 2, 8], [2, 6, 4, 5, 1, 2, 2, 8, 3, 4, 6, 7], [2, 6, 4, 5, 1, 2, 2, 8, 6, 7, 3, 4], [2, 6, 4, 5, 1, 2, 3, 4, 2, 8, 6, 7], [2, 6, 4, 5, 1, 2, 3, 4, 6, 7, 2, 8], [2, 6, 4, 5, 1, 2, 6, 7, 2, 8, 3, 4], [2, 6, 4, 5, 1, 2, 6, 7, 3, 4, 2, 8], [2, 6, 4, 5, 3, 4, 1, 2, 2, 8, 6, 7], [2, 6, 4, 5, 3, 4, 1, 2, 6, 7, 2, 8], [2, 6, 4, 5, 3, 4, 6, 7, 1, 2, 2, 8], [2, 6, 4, 5, 6, 7, 1, 2, 2, 8, 3, 4], [2, 6, 4, 5, 6, 7, 1, 2, 3, 4, 2, 8], [2, 6, 4, 5, 6, 7, 3, 4, 1, 2, 2, 8], [2, 6, 6, 7, 1, 2, 2, 8, 4, 5, 3, 4], [2, 6, 6, 7, 1, 2, 4, 5, 2, 8, 3, 4], [2, 6, 6, 7, 1, 2, 4, 5, 3, 4, 2, 8], [2, 6, 6, 7, 4, 5, 1, 2, 2, 8, 3, 4], [2, 6, 6, 7, 4, 5, 1, 2, 3, 4, 2, 8], [2, 6, 6, 7, 4, 5, 3, 4, 1, 2, 2, 8], [4, 5, 1, 6, 3, 4, 6, 7, 7, 8, 2, 7], [4, 5, 1, 6, 3, 4, 6, 8, 2, 6, 6, 7], [4, 5, 1, 6, 6, 7, 3, 4, 7, 8, 2, 7], [4, 5, 1, 6, 6, 7, 7, 8, 2, 7, 3, 4], [4, 5, 1, 6, 6, 7, 7, 8, 3, 4, 2, 7], [4, 5, 1, 6, 6, 8, 2, 6, 3, 4, 6, 7], [4, 5, 1, 6, 6, 8, 2, 6, 6, 7, 3, 4], [4, 5, 1, 6, 6, 8, 3, 4, 2, 6, 6, 7], [4, 5, 2, 6, 1, 2, 2, 8, 3, 4, 6, 7], [4, 5, 2, 6, 1, 2, 2, 8, 6, 7, 3, 4], [4, 5, 2, 6, 1, 2, 3, 4, 2, 8, 6, 7], [4, 5, 2, 6, 1, 2, 3, 4, 6, 7, 2, 8], [4, 5, 2, 6, 1, 2, 6, 7, 2, 8, 3, 4], [4, 5, 2, 6, 1, 2, 6, 7, 3, 4, 2, 8], [4, 5, 2, 6, 3, 4, 1, 2, 2, 8, 6, 7], [4, 5, 2, 6, 3, 4, 1, 2, 6, 7, 2, 8], [4, 5, 2, 6, 3, 4, 6, 7, 1, 2, 2, 8], [4, 5, 2, 6, 6, 7, 1, 2, 2, 8, 3, 4], [4, 5, 2, 6, 6, 7, 1, 2, 3, 4, 2, 8], [4, 5, 2, 6, 6, 7, 3, 4, 1, 2, 2, 8], [4, 5, 3, 4, 1, 6, 6, 7, 7, 8, 2, 7], [4, 5, 3, 4, 1, 6, 6, 8, 2, 6, 6, 7], [4, 5, 3, 4, 2, 6, 1, 2, 2, 8, 6, 7], [4, 5, 3, 4, 2, 6, 1, 2, 6, 7, 2, 8], [4, 5, 3, 4, 2, 6, 6, 7, 1, 2, 2, 8]], 
     table([(0)=[{20}, {}, {}],(1)=[{11}, {[3, 11, 20]}, {}],(2)=[{13, 46}, {[2, 11, 46], [4, 11, 13]}, {}],(3)=[{12, 48, 58}, {[2, 13, 48], [3, 46, 58], [5, 12, 13]}, {}],(4)=[{47, 50, 53, 59}, {[2, 12, 47], [2, 50, 58], [3, 48, 53], [4, 48, 53], [4, 58, 59], [5, 47, 48]}, {}],(5)=[{51, 52, 57}, {[2, 51, 59], [3, 47, 52], [4, 50, 51], [5, 57, 59]}, {}],(6)=[{44, 45, 49, 54, 56}, {[2, 49, 57], [3, 45, 57], [3, 51, 54], [4, 44, 52], [4, 56, 57], [5, 49, 51], [5, 52, 54]}, {}],(7)=[{9, 10, 36, 41, 43, 55}, {[2, 9, 44], [2, 10, 45], [2, 36, 56], [3, 41, 44], [4, 43, 49], [5, 43, 45], [5, 55, 56]}, {}],(9)=[{3, 5, 17, 18, 37}, {[2, 3, 6], [3, 6, 18], [3, 35, 37], [5, 5, 6], [5, 17, 19]}, {[3, 5, 17]}],(8)=[{6, 8, 19, 35, 38, 40, 42}, {[2, 8, 43], [2, 35, 55], [3, 10, 19], [3, 36, 42], [3, 40, 43], [4, 6, 9], [4, 8, 10], [4, 36, 42], [4, 38, 41], [5, 8, 10], [5, 35, 36], [5, 40, 41]}, {}],(11)=[{1, 7, 21, 25, 28, 32}, {[2, 4, 7], [2, 26, 32], [3, 1, 4], [3, 21, 26], [5, 23, 25], [5, 26, 28]}, {[3, 25, 28]}],(10)=[{2, 4, 23, 26, 39}, {[2, 2, 5], [4, 3, 4], [4, 17, 23], [4, 18, 26], [4, 37, 39], [5, 2, 3], [5, 37, 39]}, {}],(13)=[{14, 27}, {[2, 14, 29], [3, 22, 27], [4, 22, 27]}, {}],(12)=[{22, 24, 29, 34}, {[2, 28, 34], [3, 7, 29], [4, 24, 25], [4, 29, 32], [5, 21, 22], [5, 32, 34]}, {}],(15)=[{16, 30, 31}, {[2, 15, 30], [3, 15, 30], [4, 31, 33], [5, 15, 16]}, {[2, 16, 31], [3, 16, 31], [5, 30, 31]}],(14)=[{15, 33}, {[2, 27, 33], [4, 14, 15]}, {}]]) ], 

 NULL]:
