Isomorphism_Classes[6,56]:=[

#################################################################
### The symmetric function = s[4, 2] + s[4, 1, 1] + s[3, 3] + 2 s[3, 2, 1]   has 5 graph isomorphism types.

  [ [[2, 4, 5], [3, 5], [3, 4], [2, 5], [2, 4], [2, 3, 5], [2, 4], [2, 3], [4, 5], [3, 5], [3, 4], [3, 5], [4], [2, 5], [2, 4], [3], [1, 4, 5], [1, 3, 5], [1, 3, 4], [2, 5], [2, 4], [2, 3], [1, 5], [1, 4], [1, 3, 5], [1, 4], [1, 3], [1, 2, 5], [1, 2, 4], [1, 3], [1, 2], [1, 4, 5], [1, 3, 5], [1, 3, 4], [1, 3, 5], [1, 4], [2, 4, 5], [3, 5], [3, 4], [2, 5], [2, 4], [2, 3], [2, 5], [2, 4], [2, 3, 5], [2, 4], [3], [1, 5], [1, 4], [1, 3], [1, 2, 5], [1, 2, 4], [1, 3, 5], [1, 4], [1, 3], [2]], 
     {[2, 1, 17], [2, 4, 23], [2, 5, 24], [2, 6, 25], [2, 7, 26], [2, 8, 27], [2, 14, 48], [2, 15, 49], [2, 18, 20], [2, 19, 21], [2, 22, 55], [2, 30, 42], [2, 32, 37], [2, 33, 40], [2, 34, 41], [2, 35, 43], [2, 36, 44], [2, 45, 53], [2, 46, 54], [2, 50, 56], [3, 1, 2], [3, 3, 15], [3, 4, 10], [3, 5, 16], [3, 7, 11], [3, 12, 14], [3, 18, 20], [3, 19, 21], [3, 25, 28], [3, 27, 31], [3, 29, 30], [3, 33, 40], [3, 34, 41], [3, 35, 43], [3, 37, 38], [3, 39, 46], [3, 44, 47], [3, 50, 56], [3, 51, 53], [3, 52, 55], [4, 1, 2], [4, 5, 8], [4, 6, 7], [4, 9, 12], [4, 10, 13], [4, 15, 16], [4, 17, 18], [4, 21, 22], [4, 24, 27], [4, 25, 26], [4, 29, 30], [4, 32, 35], [4, 33, 36], [4, 37, 38], [4, 41, 42], [4, 44, 47], [4, 45, 46], [4, 49, 50], [4, 52, 55], [4, 53, 54], [5, 2, 3], [5, 4, 5], [5, 6, 7], [5, 10, 11], [5, 12, 13], [5, 14, 15], [5, 18, 19], [5, 20, 21], [5, 23, 24], [5, 25, 26], [5, 28, 29], [5, 33, 34], [5, 35, 36], [5, 38, 39], [5, 40, 41], [5, 43, 44], [5, 45, 46], [5, 48, 49], [5, 51, 52], [5, 53, 54]}, 
     [[1, 2, 3, 6, 4, 5, 6, 7, 5, 6, 2, 5], [1, 2, 3, 6, 6, 7, 4, 5, 5, 6, 2, 5], [1, 2, 3, 6, 6, 7, 4, 6, 2, 4, 4, 5], [1, 2, 3, 7, 2, 3, 4, 5, 5, 6, 3, 5], [1, 2, 3, 7, 2, 3, 4, 6, 3, 4, 4, 5], [1, 2, 3, 7, 4, 5, 2, 3, 5, 6, 3, 5], [1, 2, 3, 7, 4, 5, 5, 6, 2, 3, 3, 5], [1, 2, 3, 7, 4, 6, 2, 3, 3, 4, 4, 5], [1, 2, 4, 5, 3, 6, 6, 7, 5, 6, 2, 5], [1, 2, 4, 5, 3, 7, 2, 3, 5, 6, 3, 5], [1, 2, 4, 5, 3, 7, 5, 6, 2, 3, 3, 5], [1, 2, 4, 5, 5, 6, 3, 5, 5, 7, 2, 5], [1, 2, 4, 5, 5, 6, 3, 7, 2, 3, 3, 5], [1, 2, 4, 6, 3, 4, 4, 5, 5, 7, 2, 5], [1, 2, 4, 6, 3, 4, 4, 7, 2, 4, 4, 5], [1, 2, 4, 6, 3, 7, 2, 3, 3, 4, 4, 5], [3, 6, 1, 2, 4, 5, 6, 7, 5, 6, 2, 5], [3, 6, 1, 2, 6, 7, 4, 5, 5, 6, 2, 5], [3, 6, 1, 2, 6, 7, 4, 6, 2, 4, 4, 5], [3, 6, 6, 7, 1, 2, 4, 5, 5, 6, 2, 5], [3, 6, 6, 7, 1, 2, 4, 6, 2, 4, 4, 5], [3, 6, 6, 7, 4, 6, 1, 2, 2, 4, 4, 5], [3, 7, 1, 2, 2, 3, 4, 5, 5, 6, 3, 5], [3, 7, 1, 2, 2, 3, 4, 6, 3, 4, 4, 5], [3, 7, 1, 2, 4, 5, 2, 3, 5, 6, 3, 5], [3, 7, 1, 2, 4, 5, 5, 6, 2, 3, 3, 5], [3, 7, 1, 2, 4, 6, 2, 3, 3, 4, 4, 5], [3, 7, 4, 5, 1, 2, 2, 3, 5, 6, 3, 5], [3, 7, 4, 5, 1, 2, 5, 6, 2, 3, 3, 5], [3, 7, 4, 5, 5, 6, 1, 2, 2, 3, 3, 5], [3, 7, 4, 6, 1, 2, 2, 3, 3, 4, 4, 5], [4, 5, 1, 2, 3, 6, 6, 7, 5, 6, 2, 5], [4, 5, 1, 2, 3, 7, 2, 3, 5, 6, 3, 5], [4, 5, 1, 2, 3, 7, 5, 6, 2, 3, 3, 5], [4, 5, 1, 2, 5, 6, 3, 5, 5, 7, 2, 5], [4, 5, 1, 2, 5, 6, 3, 7, 2, 3, 3, 5], [4, 5, 3, 6, 1, 2, 6, 7, 5, 6, 2, 5], [4, 5, 3, 6, 6, 7, 1, 2, 5, 6, 2, 5], [4, 5, 3, 6, 6, 7, 5, 6, 1, 2, 2, 5], [4, 5, 3, 7, 1, 2, 2, 3, 5, 6, 3, 5], [4, 5, 3, 7, 1, 2, 5, 6, 2, 3, 3, 5], [4, 5, 3, 7, 5, 6, 1, 2, 2, 3, 3, 5], [4, 5, 5, 6, 1, 2, 3, 5, 5, 7, 2, 5], [4, 5, 5, 6, 1, 2, 3, 7, 2, 3, 3, 5], [4, 5, 5, 6, 3, 5, 1, 2, 5, 7, 2, 5], [4, 5, 5, 6, 3, 5, 5, 7, 1, 2, 2, 5], [4, 5, 5, 6, 3, 7, 1, 2, 2, 3, 3, 5], [4, 6, 1, 2, 3, 4, 4, 5, 5, 7, 2, 5], [4, 6, 1, 2, 3, 4, 4, 7, 2, 4, 4, 5], [4, 6, 1, 2, 3, 7, 2, 3, 3, 4, 4, 5], [4, 6, 3, 4, 1, 2, 4, 5, 5, 7, 2, 5], [4, 6, 3, 4, 1, 2, 4, 7, 2, 4, 4, 5], [4, 6, 3, 4, 4, 5, 1, 2, 5, 7, 2, 5], [4, 6, 3, 4, 4, 5, 5, 7, 1, 2, 2, 5], [4, 6, 3, 4, 4, 7, 1, 2, 2, 4, 4, 5], [4, 6, 3, 7, 1, 2, 2, 3, 3, 4, 4, 5]], 
     table([(0)=[{31}, {}, {}],(1)=[{27}, {[3, 27, 31]}, {}],(2)=[{8, 24}, {[2, 8, 27], [4, 24, 27]}, {}],(3)=[{5, 23}, {[2, 5, 24], [4, 5, 8], [5, 23, 24]}, {}],(4)=[{4, 16}, {[2, 4, 23], [3, 5, 16], [5, 4, 5]}, {}],(5)=[{10, 15}, {[3, 4, 10], [4, 15, 16]}, {}],(6)=[{3, 11, 13, 14, 49}, {[2, 15, 49], [3, 3, 15], [4, 10, 13], [5, 10, 11], [5, 14, 15]}, {}],(7)=[{2, 7, 12, 48, 50}, {[2, 14, 48], [3, 7, 11], [3, 12, 14], [4, 49, 50], [5, 2, 3], [5, 12, 13], [5, 48, 49]}, {}],(9)=[{17, 25}, {[2, 1, 17], [2, 6, 25], [4, 25, 26], [5, 25, 26]}, {}],(8)=[{1, 6, 9, 26, 56}, {[2, 7, 26], [2, 50, 56], [3, 1, 2], [3, 50, 56], [4, 1, 2], [4, 6, 7], [4, 9, 12], [5, 6, 7]}, {}],(11)=[{19, 20, 29}, {[2, 18, 20], [3, 18, 20], [5, 18, 19], [5, 28, 29]}, {}],(10)=[{18, 28}, {[3, 25, 28], [4, 17, 18]}, {}],(13)=[{22, 42}, {[2, 30, 42], [4, 21, 22]}, {}],(12)=[{21, 30}, {[2, 19, 21], [3, 19, 21], [3, 29, 30], [4, 29, 30], [5, 20, 21]}, {}],(15)=[{34, 40, 52}, {[2, 34, 41], [3, 34, 41], [3, 52, 55], [4, 52, 55], [5, 40, 41]}, {}],(14)=[{41, 55}, {[2, 22, 55], [4, 41, 42]}, {}],(18)=[{35, 44, 45, 54}, {[2, 36, 44], [2, 45, 53], [4, 53, 54], [5, 35, 36], [5, 53, 54]}, {}],(19)=[{32, 43, 46, 47}, {[2, 35, 43], [2, 46, 54], [3, 35, 43], [3, 44, 47], [4, 32, 35], [4, 44, 47], [4, 45, 46], [5, 43, 44], [5, 45, 46]}, {}],(16)=[{33, 51}, {[2, 33, 40], [3, 33, 40], [5, 33, 34], [5, 51, 52]}, {}],(17)=[{36, 53}, {[3, 51, 53], [4, 33, 36]}, {}],(20)=[{37, 39}, {[2, 32, 37], [3, 39, 46]}, {}],(21)=[{38}, {[3, 37, 38], [4, 37, 38], [5, 38, 39]}, {}]]) ], 

  [ [[2, 3], [2, 3, 5], [2, 4], [2, 5], [2, 4], [2, 4, 5], [3, 4], [3, 5], [3, 4], [3, 5], [4, 5], [1, 3], [1, 3, 5], [1, 4], [1, 5], [1, 4], [1, 4, 5], [1, 3, 4], [1, 3, 5], [1, 2], [1, 2, 5], [1, 2, 4], [1, 2, 5], [1, 2, 4], [1, 3], [1, 3, 5], [1, 4], [1, 3], [2, 4], [2, 5], [2, 3], [1, 3], [1, 3, 5], [1, 3, 4], [1, 3, 5], [1, 4], [1, 4, 5], [1, 4], [1, 5], [2], [2, 5], [2, 4], [2, 5], [2, 4], [2, 4, 5], [2, 3], [2, 3, 5], [2, 4], [3], [3, 5], [3, 4], [2, 4], [2, 5], [3], [3, 5], [4]], 
     {[2, 1, 32], [2, 2, 33], [2, 3, 34], [2, 4, 35], [2, 5, 36], [2, 6, 37], [2, 12, 40], [2, 13, 41], [2, 14, 42], [2, 15, 43], [2, 16, 44], [2, 17, 45], [2, 18, 29], [2, 19, 30], [2, 25, 46], [2, 26, 47], [2, 27, 48], [2, 28, 31], [2, 38, 52], [2, 39, 53], [3, 3, 9], [3, 4, 10], [3, 5, 7], [3, 6, 8], [3, 12, 20], [3, 13, 21], [3, 18, 29], [3, 19, 30], [3, 22, 25], [3, 23, 26], [3, 24, 28], [3, 32, 40], [3, 33, 41], [3, 34, 52], [3, 35, 53], [3, 42, 54], [3, 43, 55], [3, 44, 49], [3, 45, 50], [3, 48, 51], [4, 1, 3], [4, 2, 5], [4, 6, 8], [4, 10, 11], [4, 12, 14], [4, 13, 16], [4, 17, 19], [4, 22, 25], [4, 24, 28], [4, 26, 27], [4, 29, 31], [4, 32, 38], [4, 33, 36], [4, 35, 37], [4, 42, 46], [4, 44, 49], [4, 45, 50], [4, 47, 48], [4, 52, 54], [4, 55, 56], [5, 2, 5], [5, 3, 4], [5, 7, 8], [5, 9, 10], [5, 13, 16], [5, 14, 15], [5, 18, 19], [5, 21, 24], [5, 22, 23], [5, 26, 27], [5, 29, 30], [5, 33, 36], [5, 34, 35], [5, 38, 39], [5, 41, 44], [5, 42, 43], [5, 47, 48], [5, 50, 51], [5, 52, 53], [5, 55, 56]}, 
     [[2, 3, 3, 7, 4, 5, 1, 3, 5, 6, 7, 8], [2, 3, 3, 7, 4, 5, 1, 3, 7, 8, 5, 6], [2, 3, 3, 7, 4, 5, 5, 6, 1, 3, 7, 8], [2, 3, 3, 7, 4, 5, 5, 6, 7, 8, 1, 3], [2, 3, 3, 7, 4, 5, 7, 8, 1, 3, 5, 6], [2, 3, 3, 7, 4, 5, 7, 8, 5, 6, 1, 3], [2, 3, 3, 7, 7, 8, 4, 5, 1, 3, 5, 6], [2, 3, 3, 7, 7, 8, 4, 5, 5, 6, 1, 3], [2, 3, 4, 5, 3, 7, 5, 6, 1, 3, 7, 8], [2, 3, 4, 5, 3, 7, 5, 6, 7, 8, 1, 3], [2, 3, 4, 5, 3, 7, 7, 8, 5, 6, 1, 3], [2, 7, 1, 2, 4, 5, 2, 3, 5, 6, 7, 8], [2, 7, 1, 2, 4, 5, 2, 3, 7, 8, 5, 6], [2, 7, 1, 2, 4, 5, 5, 6, 2, 3, 7, 8], [2, 7, 1, 2, 4, 5, 5, 6, 7, 8, 2, 3], [2, 7, 1, 2, 4, 5, 7, 8, 2, 3, 5, 6], [2, 7, 1, 2, 4, 5, 7, 8, 5, 6, 2, 3], [2, 7, 1, 2, 7, 8, 4, 5, 2, 3, 5, 6], [2, 7, 1, 2, 7, 8, 4, 5, 5, 6, 2, 3], [2, 7, 4, 5, 1, 2, 2, 3, 5, 6, 7, 8], [2, 7, 4, 5, 1, 2, 2, 3, 7, 8, 5, 6], [2, 7, 4, 5, 1, 2, 5, 6, 2, 3, 7, 8], [2, 7, 4, 5, 1, 2, 5, 6, 7, 8, 2, 3], [2, 7, 4, 5, 1, 2, 7, 8, 2, 3, 5, 6], [2, 7, 4, 5, 5, 6, 1, 2, 2, 3, 7, 8], [2, 7, 4, 5, 5, 6, 1, 2, 7, 8, 2, 3], [2, 7, 4, 5, 5, 6, 7, 8, 1, 2, 2, 3], [2, 7, 4, 5, 7, 8, 1, 2, 2, 3, 5, 6], [2, 7, 7, 8, 1, 2, 4, 5, 2, 3, 5, 6], [2, 7, 7, 8, 1, 2, 4, 5, 5, 6, 2, 3], [2, 7, 7, 8, 4, 5, 1, 2, 2, 3, 5, 6], [4, 5, 2, 3, 3, 7, 1, 3, 5, 6, 7, 8], [4, 5, 2, 3, 3, 7, 1, 3, 7, 8, 5, 6], [4, 5, 2, 3, 3, 7, 5, 6, 1, 3, 7, 8], [4, 5, 2, 3, 3, 7, 5, 6, 7, 8, 1, 3], [4, 5, 2, 3, 3, 7, 7, 8, 1, 3, 5, 6], [4, 5, 2, 3, 3, 7, 7, 8, 5, 6, 1, 3], [4, 5, 2, 3, 5, 6, 3, 7, 1, 3, 7, 8], [4, 5, 2, 3, 5, 6, 3, 7, 7, 8, 1, 3], [4, 5, 2, 7, 1, 2, 2, 3, 5, 6, 7, 8], [4, 5, 2, 7, 1, 2, 2, 3, 7, 8, 5, 6], [4, 5, 2, 7, 1, 2, 5, 6, 2, 3, 7, 8], [4, 5, 2, 7, 1, 2, 5, 6, 7, 8, 2, 3], [4, 5, 2, 7, 1, 2, 7, 8, 2, 3, 5, 6], [4, 5, 2, 7, 1, 2, 7, 8, 5, 6, 2, 3], [4, 5, 2, 7, 5, 6, 1, 2, 2, 3, 7, 8], [4, 5, 2, 7, 5, 6, 1, 2, 7, 8, 2, 3], [4, 5, 2, 7, 5, 6, 7, 8, 1, 2, 2, 3], [4, 5, 2, 7, 7, 8, 1, 2, 2, 3, 5, 6], [4, 5, 2, 7, 7, 8, 1, 2, 5, 6, 2, 3], [4, 5, 2, 7, 7, 8, 5, 6, 1, 2, 2, 3], [4, 5, 5, 6, 2, 3, 3, 7, 1, 3, 7, 8], [4, 5, 5, 6, 2, 3, 3, 7, 7, 8, 1, 3], [4, 5, 5, 6, 2, 7, 1, 2, 2, 3, 7, 8], [4, 5, 5, 6, 2, 7, 1, 2, 7, 8, 2, 3], [4, 5, 5, 6, 2, 7, 7, 8, 1, 2, 2, 3]], 
     table([(0)=[{20}, {}, {}],(1)=[{12}, {[3, 12, 20]}, {}],(2)=[{14, 40}, {[2, 12, 40], [4, 12, 14]}, {}],(3)=[{15, 32, 42}, {[2, 14, 42], [3, 32, 40], [5, 14, 15]}, {}],(4)=[{1, 38, 43, 46, 54}, {[2, 1, 32], [2, 15, 43], [3, 42, 54], [4, 32, 38], [4, 42, 46], [5, 42, 43]}, {}],(5)=[{3, 25, 39, 52, 55}, {[2, 25, 46], [2, 38, 52], [3, 43, 55], [4, 1, 3], [4, 52, 54], [5, 38, 39]}, {}],(6)=[{4, 9, 22, 34, 53, 56}, {[2, 3, 34], [2, 39, 53], [3, 3, 9], [3, 22, 25], [3, 34, 52], [4, 22, 25], [4, 55, 56], [5, 3, 4], [5, 52, 53], [5, 55, 56]}, {}],(7)=[{10, 23, 35}, {[2, 4, 35], [3, 4, 10], [3, 35, 53], [5, 9, 10], [5, 22, 23], [5, 34, 35]}, {}],(9)=[{6, 27, 47}, {[2, 6, 37], [2, 26, 47], [4, 26, 27], [5, 26, 27]}, {}],(8)=[{11, 26, 37}, {[3, 23, 26], [4, 10, 11], [4, 35, 37]}, {}],(11)=[{7, 51}, {[3, 48, 51], [5, 7, 8]}, {}],(10)=[{8, 48}, {[2, 27, 48], [3, 6, 8], [4, 6, 8], [4, 47, 48], [5, 47, 48]}, {}],(13)=[{2, 36, 45}, {[2, 5, 36], [3, 45, 50], [4, 2, 5], [4, 45, 50], [5, 2, 5]}, {}],(12)=[{5, 50}, {[3, 5, 7], [5, 50, 51]}, {}],(15)=[{19, 41}, {[3, 33, 41], [4, 17, 19]}, {}],(14)=[{17, 33}, {[2, 2, 33], [2, 17, 45], [4, 33, 36], [5, 33, 36]}, {}],(18)=[{24, 31}, {[4, 29, 31], [5, 21, 24]}, {}],(19)=[{28}, {[2, 28, 31], [3, 24, 28], [4, 24, 28]}, {}],(16)=[{13, 18, 30, 44}, {[2, 13, 41], [2, 19, 30], [3, 19, 30], [5, 18, 19], [5, 41, 44]}, {}],(17)=[{16, 21, 29, 49}, {[2, 16, 44], [2, 18, 29], [3, 13, 21], [3, 18, 29], [3, 44, 49], [4, 13, 16], [4, 44, 49], [5, 13, 16], [5, 29, 30]}, {}]]) ], 

  [ [[1, 3, 4], [1, 3, 5], [1, 4, 5], [2, 4], [2, 5], [2, 4, 5], [2, 3], [2, 3, 5], [2, 4], [3, 5], [3, 4], [1, 4], [1, 5], [1, 4, 5], [1, 3], [1, 3, 5], [1, 4], [1, 3, 5], [1, 3, 4], [1, 2, 4], [1, 2, 5], [1, 3], [1, 3, 5], [1, 4], [1, 2], [1, 2, 5], [1, 2, 4], [1, 3], [2, 5], [2, 4], [2, 3], [3, 4], [3, 5], [4, 5], [2, 4], [2, 5], [2, 4, 5], [2, 3], [2, 3, 5], [2, 4], [3, 5], [3, 4], [2, 4], [2, 5], [3], [3, 5], [4], [1, 4], [1, 5], [1, 3], [1, 3, 5], [1, 4], [2], [2, 5], [2, 4], [3]], 
     {[2, 1, 4], [2, 2, 5], [2, 3, 6], [2, 7, 50], [2, 8, 51], [2, 9, 52], [2, 12, 35], [2, 13, 36], [2, 14, 37], [2, 15, 53], [2, 16, 54], [2, 17, 55], [2, 18, 29], [2, 19, 30], [2, 22, 38], [2, 23, 39], [2, 24, 40], [2, 28, 31], [2, 43, 48], [2, 44, 49], [3, 1, 4], [3, 2, 5], [3, 6, 10], [3, 9, 11], [3, 15, 25], [3, 16, 26], [3, 18, 29], [3, 19, 30], [3, 20, 22], [3, 21, 23], [3, 27, 28], [3, 32, 43], [3, 33, 44], [3, 35, 45], [3, 36, 46], [3, 37, 41], [3, 40, 42], [3, 50, 53], [3, 51, 54], [3, 55, 56], [4, 2, 3], [4, 4, 7], [4, 6, 10], [4, 8, 9], [4, 12, 15], [4, 14, 18], [4, 16, 17], [4, 20, 22], [4, 23, 24], [4, 27, 28], [4, 30, 31], [4, 33, 34], [4, 35, 38], [4, 37, 41], [4, 39, 40], [4, 43, 45], [4, 46, 47], [4, 48, 50], [4, 51, 52], [4, 55, 56], [5, 1, 2], [5, 4, 5], [5, 8, 9], [5, 10, 11], [5, 12, 13], [5, 16, 17], [5, 18, 19], [5, 20, 21], [5, 23, 24], [5, 26, 27], [5, 29, 30], [5, 32, 33], [5, 35, 36], [5, 39, 40], [5, 41, 42], [5, 43, 44], [5, 46, 47], [5, 48, 49], [5, 51, 52], [5, 54, 55]}, 
     [[2, 5, 3, 4, 5, 6, 4, 5, 1, 4, 6, 7], [2, 5, 3, 4, 5, 6, 4, 5, 6, 7, 1, 4], [2, 5, 3, 4, 5, 6, 6, 7, 4, 5, 1, 4], [2, 5, 5, 6, 3, 4, 4, 5, 1, 4, 6, 7], [2, 5, 5, 6, 3, 4, 4, 5, 6, 7, 1, 4], [2, 5, 5, 6, 3, 4, 6, 7, 4, 5, 1, 4], [2, 5, 5, 6, 3, 5, 1, 3, 3, 4, 6, 7], [2, 5, 5, 6, 3, 5, 1, 3, 6, 7, 3, 4], [2, 5, 5, 6, 3, 5, 6, 7, 1, 3, 3, 4], [2, 5, 5, 6, 6, 7, 3, 4, 4, 5, 1, 4], [2, 5, 5, 6, 6, 7, 3, 5, 1, 3, 3, 4], [2, 6, 1, 2, 3, 4, 4, 5, 2, 4, 6, 7], [2, 6, 1, 2, 3, 4, 4, 5, 6, 7, 2, 4], [2, 6, 1, 2, 3, 4, 6, 7, 4, 5, 2, 4], [2, 6, 1, 2, 3, 5, 2, 3, 3, 4, 6, 7], [2, 6, 1, 2, 3, 5, 2, 3, 6, 7, 3, 4], [2, 6, 1, 2, 3, 5, 6, 7, 2, 3, 3, 4], [2, 6, 1, 2, 6, 7, 3, 4, 4, 5, 2, 4], [2, 6, 1, 2, 6, 7, 3, 5, 2, 3, 3, 4], [2, 6, 3, 4, 1, 2, 4, 5, 2, 4, 6, 7], [2, 6, 3, 4, 1, 2, 4, 5, 6, 7, 2, 4], [2, 6, 3, 4, 4, 5, 1, 2, 2, 4, 6, 7], [2, 6, 3, 4, 4, 5, 1, 2, 6, 7, 2, 4], [2, 6, 3, 4, 4, 5, 6, 7, 1, 2, 2, 4], [2, 6, 3, 5, 1, 2, 2, 3, 3, 4, 6, 7], [2, 6, 3, 5, 1, 2, 2, 3, 6, 7, 3, 4], [2, 6, 3, 5, 1, 2, 6, 7, 2, 3, 3, 4], [2, 6, 3, 5, 6, 7, 1, 2, 2, 3, 3, 4], [2, 6, 6, 7, 1, 2, 3, 4, 4, 5, 2, 4], [2, 6, 6, 7, 1, 2, 3, 5, 2, 3, 3, 4], [2, 6, 6, 7, 3, 5, 1, 2, 2, 3, 3, 4], [3, 4, 2, 5, 5, 6, 4, 5, 1, 4, 6, 7], [3, 4, 2, 5, 5, 6, 4, 5, 6, 7, 1, 4], [3, 4, 2, 5, 5, 6, 6, 7, 4, 5, 1, 4], [3, 4, 2, 6, 1, 2, 4, 5, 2, 4, 6, 7], [3, 4, 2, 6, 1, 2, 4, 5, 6, 7, 2, 4], [3, 4, 2, 6, 1, 2, 6, 7, 4, 5, 2, 4], [3, 4, 2, 6, 4, 5, 1, 2, 2, 4, 6, 7], [3, 4, 2, 6, 4, 5, 1, 2, 6, 7, 2, 4], [3, 4, 2, 6, 4, 5, 6, 7, 1, 2, 2, 4], [3, 4, 2, 6, 6, 7, 1, 2, 4, 5, 2, 4], [3, 4, 2, 6, 6, 7, 4, 5, 1, 2, 2, 4], [3, 4, 4, 5, 2, 4, 4, 6, 1, 4, 6, 7], [3, 4, 4, 5, 2, 4, 4, 6, 6, 7, 1, 4], [3, 4, 4, 5, 2, 6, 1, 2, 2, 4, 6, 7], [3, 4, 4, 5, 2, 6, 1, 2, 6, 7, 2, 4], [3, 4, 4, 5, 2, 6, 6, 7, 1, 2, 2, 4], [3, 5, 2, 3, 3, 4, 4, 6, 1, 4, 6, 7], [3, 5, 2, 3, 3, 4, 4, 6, 6, 7, 1, 4], [3, 5, 2, 3, 3, 6, 1, 3, 3, 4, 6, 7], [3, 5, 2, 3, 3, 6, 1, 3, 6, 7, 3, 4], [3, 5, 2, 3, 3, 6, 6, 7, 1, 3, 3, 4], [3, 5, 2, 6, 1, 2, 2, 3, 3, 4, 6, 7], [3, 5, 2, 6, 1, 2, 2, 3, 6, 7, 3, 4], [3, 5, 2, 6, 1, 2, 6, 7, 2, 3, 3, 4], [3, 5, 2, 6, 6, 7, 1, 2, 2, 3, 3, 4]], 
     table([(0)=[{25}, {}, {}],(1)=[{15}, {[3, 15, 25]}, {}],(2)=[{12, 53}, {[2, 15, 53], [4, 12, 15]}, {}],(3)=[{13, 35, 50}, {[2, 12, 35], [3, 50, 53], [5, 12, 13]}, {}],(4)=[{7, 36, 38, 45, 48}, {[2, 7, 50], [2, 13, 36], [3, 35, 45], [4, 35, 38], [4, 48, 50], [5, 35, 36]}, {}],(5)=[{4, 22, 43, 46, 49}, {[2, 22, 38], [2, 43, 48], [3, 36, 46], [4, 4, 7], [4, 43, 45], [5, 48, 49]}, {}],(6)=[{1, 5, 20, 32, 44, 47}, {[2, 1, 4], [2, 44, 49], [3, 1, 4], [3, 20, 22], [3, 32, 43], [4, 20, 22], [4, 46, 47], [5, 4, 5], [5, 43, 44], [5, 46, 47]}, {}],(7)=[{2, 21, 33}, {[2, 2, 5], [3, 2, 5], [3, 33, 44], [5, 1, 2], [5, 20, 21], [5, 32, 33]}, {}],(9)=[{6, 24, 39}, {[2, 3, 6], [2, 23, 39], [4, 23, 24], [5, 23, 24]}, {}],(8)=[{3, 23, 34}, {[3, 21, 23], [4, 2, 3], [4, 33, 34]}, {}],(11)=[{11, 42}, {[3, 40, 42], [5, 10, 11]}, {}],(10)=[{10, 40}, {[2, 24, 40], [3, 6, 10], [4, 6, 10], [4, 39, 40], [5, 39, 40]}, {}],(13)=[{8, 37, 52}, {[2, 9, 52], [3, 37, 41], [4, 8, 9], [4, 37, 41], [5, 8, 9]}, {}],(12)=[{9, 41}, {[3, 9, 11], [5, 41, 42]}, {}],(15)=[{18, 54}, {[3, 51, 54], [4, 14, 18]}, {}],(14)=[{14, 51}, {[2, 8, 51], [2, 14, 37], [4, 51, 52], [5, 51, 52]}, {}],(18)=[{27, 31}, {[4, 30, 31], [5, 26, 27]}, {}],(19)=[{28}, {[2, 28, 31], [3, 27, 28], [4, 27, 28]}, {}],(16)=[{16, 19, 29, 55}, {[2, 16, 54], [2, 18, 29], [3, 18, 29], [5, 18, 19], [5, 54, 55]}, {}],(17)=[{17, 26, 30, 56}, {[2, 17, 55], [2, 19, 30], [3, 16, 26], [3, 19, 30], [3, 55, 56], [4, 16, 17], [4, 55, 56], [5, 16, 17], [5, 29, 30]}, {}]]) ], 

  [ [[1, 4, 5], [1, 3, 4], [1, 3, 5], [2, 4, 5], [3, 5], [3, 4], [2, 4], [2, 5], [2, 3], [2, 3, 5], [2, 4], [1, 4], [1, 5], [1, 3], [1, 3, 5], [1, 4], [1, 2, 4], [1, 2, 5], [1, 3], [1, 3, 5], [1, 4], [1, 2], [1, 2, 5], [1, 2, 4], [1, 3], [4, 5], [3, 4], [3, 5], [2, 4], [2, 5], [2, 3], [2, 3, 5], [2, 4], [2, 4], [2, 4, 5], [2, 5], [3], [3, 5], [3, 4], [3, 5], [4], [1, 4], [1, 4, 5], [1, 5], [1, 3], [1, 3, 5], [1, 3, 4], [1, 3, 5], [1, 4], [2], [2, 5], [2, 4], [2, 3], [2, 5], [2, 4], [3]], 
     {[2, 1, 4], [2, 2, 7], [2, 3, 8], [2, 9, 45], [2, 10, 46], [2, 11, 47], [2, 12, 29], [2, 13, 30], [2, 14, 50], [2, 15, 51], [2, 16, 52], [2, 19, 31], [2, 20, 32], [2, 21, 33], [2, 25, 53], [2, 34, 42], [2, 35, 43], [2, 36, 44], [2, 48, 54], [2, 49, 55], [3, 2, 7], [3, 3, 8], [3, 4, 5], [3, 6, 11], [3, 14, 22], [3, 15, 23], [3, 17, 19], [3, 18, 20], [3, 24, 25], [3, 27, 34], [3, 28, 35], [3, 29, 37], [3, 30, 38], [3, 33, 39], [3, 36, 40], [3, 45, 50], [3, 46, 51], [3, 47, 55], [3, 48, 54], [3, 52, 56], [4, 1, 3], [4, 4, 5], [4, 7, 9], [4, 10, 11], [4, 12, 14], [4, 15, 16], [4, 17, 19], [4, 20, 21], [4, 24, 25], [4, 26, 28], [4, 29, 31], [4, 32, 33], [4, 34, 37], [4, 35, 40], [4, 38, 41], [4, 42, 45], [4, 43, 48], [4, 46, 49], [4, 52, 53], [4, 55, 56], [5, 2, 3], [5, 5, 6], [5, 7, 8], [5, 10, 11], [5, 12, 13], [5, 15, 16], [5, 17, 18], [5, 20, 21], [5, 23, 24], [5, 27, 28], [5, 29, 30], [5, 32, 33], [5, 34, 36], [5, 38, 39], [5, 40, 41], [5, 42, 44], [5, 46, 47], [5, 48, 49], [5, 51, 52], [5, 54, 55]}, 
     [[2, 5, 3, 4, 5, 6, 6, 7, 4, 6, 1, 4], [2, 5, 3, 4, 5, 7, 4, 5, 1, 4, 5, 6], [2, 5, 3, 4, 5, 7, 4, 5, 5, 6, 1, 4], [2, 5, 5, 6, 3, 4, 6, 7, 4, 6, 1, 4], [2, 5, 5, 6, 6, 7, 3, 4, 4, 6, 1, 4], [2, 5, 5, 6, 6, 7, 3, 6, 1, 3, 3, 4], [2, 5, 5, 7, 3, 4, 4, 5, 1, 4, 5, 6], [2, 5, 5, 7, 3, 4, 4, 5, 5, 6, 1, 4], [2, 5, 5, 7, 3, 5, 1, 3, 3, 4, 5, 6], [2, 5, 5, 7, 3, 5, 1, 3, 5, 6, 3, 4], [2, 5, 5, 7, 3, 5, 5, 6, 1, 3, 3, 4], [2, 7, 1, 2, 3, 4, 4, 5, 2, 4, 5, 6], [2, 7, 1, 2, 3, 4, 4, 5, 5, 6, 2, 4], [2, 7, 1, 2, 3, 5, 2, 3, 3, 4, 5, 6], [2, 7, 1, 2, 3, 5, 2, 3, 5, 6, 3, 4], [2, 7, 1, 2, 3, 5, 5, 6, 2, 3, 3, 4], [2, 7, 3, 4, 1, 2, 4, 5, 2, 4, 5, 6], [2, 7, 3, 4, 1, 2, 4, 5, 5, 6, 2, 4], [2, 7, 3, 4, 4, 5, 1, 2, 2, 4, 5, 6], [2, 7, 3, 4, 4, 5, 1, 2, 5, 6, 2, 4], [2, 7, 3, 4, 4, 5, 5, 6, 1, 2, 2, 4], [2, 7, 3, 5, 1, 2, 2, 3, 3, 4, 5, 6], [2, 7, 3, 5, 1, 2, 2, 3, 5, 6, 3, 4], [2, 7, 3, 5, 1, 2, 5, 6, 2, 3, 3, 4], [2, 7, 3, 5, 5, 6, 1, 2, 2, 3, 3, 4], [3, 4, 2, 5, 5, 6, 6, 7, 4, 6, 1, 4], [3, 4, 2, 5, 5, 7, 4, 5, 1, 4, 5, 6], [3, 4, 2, 5, 5, 7, 4, 5, 5, 6, 1, 4], [3, 4, 2, 7, 1, 2, 4, 5, 2, 4, 5, 6], [3, 4, 2, 7, 1, 2, 4, 5, 5, 6, 2, 4], [3, 4, 2, 7, 4, 5, 1, 2, 2, 4, 5, 6], [3, 4, 2, 7, 4, 5, 1, 2, 5, 6, 2, 4], [3, 4, 2, 7, 4, 5, 5, 6, 1, 2, 2, 4], [3, 4, 4, 5, 2, 4, 4, 7, 1, 4, 5, 6], [3, 4, 4, 5, 2, 4, 4, 7, 5, 6, 1, 4], [3, 4, 4, 5, 2, 4, 5, 6, 4, 7, 1, 4], [3, 4, 4, 5, 2, 7, 1, 2, 2, 4, 5, 6], [3, 4, 4, 5, 2, 7, 1, 2, 5, 6, 2, 4], [3, 4, 4, 5, 2, 7, 5, 6, 1, 2, 2, 4], [3, 4, 4, 5, 5, 6, 2, 4, 4, 7, 1, 4], [3, 4, 4, 5, 5, 6, 2, 7, 1, 2, 2, 4], [3, 5, 2, 3, 3, 4, 4, 7, 1, 4, 5, 6], [3, 5, 2, 3, 3, 4, 4, 7, 5, 6, 1, 4], [3, 5, 2, 3, 3, 4, 5, 6, 4, 7, 1, 4], [3, 5, 2, 3, 3, 7, 1, 3, 3, 4, 5, 6], [3, 5, 2, 3, 3, 7, 1, 3, 5, 6, 3, 4], [3, 5, 2, 3, 3, 7, 5, 6, 1, 3, 3, 4], [3, 5, 2, 3, 5, 6, 3, 4, 4, 7, 1, 4], [3, 5, 2, 3, 5, 6, 3, 7, 1, 3, 3, 4], [3, 5, 2, 7, 1, 2, 2, 3, 3, 4, 5, 6], [3, 5, 2, 7, 1, 2, 2, 3, 5, 6, 3, 4], [3, 5, 2, 7, 1, 2, 5, 6, 2, 3, 3, 4], [3, 5, 2, 7, 5, 6, 1, 2, 2, 3, 3, 4], [3, 5, 5, 6, 2, 3, 3, 4, 4, 7, 1, 4], [3, 5, 5, 6, 2, 3, 3, 7, 1, 3, 3, 4], [3, 5, 5, 6, 2, 7, 1, 2, 2, 3, 3, 4]], 
     table([(0)=[{22}, {}, {}],(1)=[{14}, {[3, 14, 22]}, {}],(2)=[{12, 50}, {[2, 14, 50], [4, 12, 14]}, {}],(3)=[{13, 29, 45}, {[2, 12, 29], [3, 45, 50], [5, 12, 13]}, {}],(4)=[{9, 30, 31, 37, 42}, {[2, 9, 45], [2, 13, 30], [3, 29, 37], [4, 29, 31], [4, 42, 45], [5, 29, 30]}, {}],(5)=[{7, 19, 34, 38, 44}, {[2, 19, 31], [2, 34, 42], [3, 30, 38], [4, 7, 9], [4, 34, 37], [5, 42, 44]}, {}],(6)=[{2, 8, 17, 27, 36, 39, 41}, {[2, 2, 7], [2, 36, 44], [3, 2, 7], [3, 17, 19], [3, 27, 34], [4, 17, 19], [4, 38, 41], [5, 7, 8], [5, 34, 36], [5, 38, 39]}, {}],(7)=[{3, 18, 28, 33, 40}, {[2, 3, 8], [3, 3, 8], [3, 33, 39], [3, 36, 40], [5, 2, 3], [5, 17, 18], [5, 27, 28], [5, 40, 41]}, {}],(9)=[{4, 43}, {[2, 1, 4], [2, 35, 43]}, {}],(8)=[{1, 20, 21, 26, 32, 35}, {[2, 21, 33], [3, 18, 20], [3, 28, 35], [4, 1, 3], [4, 26, 28], [4, 32, 33], [4, 35, 40], [5, 32, 33]}, {[2, 20, 32], [4, 20, 21], [5, 20, 21]}],(11)=[{6, 49, 54}, {[2, 48, 54], [3, 48, 54], [5, 5, 6], [5, 48, 49]}, {}],(10)=[{5, 48}, {[3, 4, 5], [4, 4, 5], [4, 43, 48]}, {}],(13)=[{10, 47, 51, 56}, {[2, 10, 46], [2, 11, 47], [3, 46, 51], [3, 47, 55], [4, 10, 11], [4, 55, 56], [5, 10, 11], [5, 46, 47]}, {}],(12)=[{11, 46, 55}, {[2, 49, 55], [3, 6, 11], [4, 46, 49], [5, 54, 55]}, {}],(15)=[{16, 23, 53}, {[2, 16, 52], [3, 15, 23], [4, 15, 16], [4, 52, 53], [5, 15, 16]}, {}],(14)=[{15, 52}, {[2, 15, 51], [3, 52, 56], [5, 51, 52]}, {}],(16)=[{24, 25}, {[2, 25, 53], [5, 23, 24]}, {[3, 24, 25], [4, 24, 25]}]]) ], 

  [ [[1, 5], [1, 4], [1, 3, 5], [1, 3], [1, 4], [1, 2, 5], [1, 2, 4], [1, 3, 5], [1, 4], [1, 3], [1, 2, 5], [1, 2], [1, 2, 4], [1, 3], [2, 5], [2, 4], [2, 3, 5], [2, 4], [2, 3], [3, 5], [3, 4], [4], [4, 5], [3, 5], [3], [3, 4], [3, 5], [2, 4], [2, 4, 5], [2, 5], [2, 5], [2], [2, 4], [2, 3, 5], [2, 3], [2, 4], [2, 4], [2, 5], [2, 3], [1, 3, 5], [1, 3], [1, 3, 4], [1, 3, 4], [1, 3, 5], [1, 4], [1, 4, 5], [1, 3, 5], [1, 4], [1, 4, 5], [1, 5], [3], [3, 4], [3, 5], [2, 4], [2, 4, 5], [2, 5]], 
     {[2, 1, 15], [2, 2, 16], [2, 3, 31], [2, 4, 32], [2, 5, 33], [2, 8, 17], [2, 9, 18], [2, 10, 19], [2, 14, 39], [2, 28, 45], [2, 29, 46], [2, 30, 47], [2, 34, 40], [2, 35, 41], [2, 36, 42], [2, 37, 43], [2, 38, 44], [2, 48, 54], [2, 49, 55], [2, 50, 56], [3, 3, 11], [3, 4, 12], [3, 6, 8], [3, 7, 10], [3, 13, 14], [3, 15, 20], [3, 16, 25], [3, 18, 21], [3, 24, 30], [3, 26, 28], [3, 27, 29], [3, 31, 40], [3, 32, 41], [3, 33, 51], [3, 36, 42], [3, 37, 43], [3, 38, 44], [3, 47, 56], [3, 52, 54], [3, 53, 55], [4, 2, 3], [4, 4, 5], [4, 7, 10], [4, 8, 9], [4, 13, 14], [4, 16, 19], [4, 17, 18], [4, 20, 22], [4, 23, 24], [4, 25, 28], [4, 27, 29], [4, 33, 39], [4, 34, 36], [4, 35, 37], [4, 40, 45], [4, 41, 48], [4, 44, 49], [4, 46, 47], [4, 51, 54], [4, 53, 55], [5, 1, 2], [5, 3, 5], [5, 6, 7], [5, 8, 9], [5, 11, 13], [5, 15, 16], [5, 17, 18], [5, 20, 21], [5, 22, 24], [5, 26, 27], [5, 28, 30], [5, 31, 33], [5, 34, 36], [5, 37, 38], [5, 40, 42], [5, 43, 44], [5, 45, 47], [5, 48, 50], [5, 52, 53], [5, 54, 56]}, 
     [[2, 8, 1, 2, 3, 5, 5, 6, 6, 7, 4, 6], [2, 8, 1, 2, 3, 5, 5, 7, 4, 5, 5, 6], [2, 8, 1, 2, 4, 5, 3, 4, 4, 7, 5, 6], [2, 8, 1, 2, 4, 5, 3, 4, 5, 6, 4, 7], [2, 8, 1, 2, 4, 5, 5, 6, 3, 4, 4, 7], [2, 8, 3, 5, 1, 2, 5, 6, 6, 7, 4, 6], [2, 8, 3, 5, 1, 2, 5, 7, 4, 5, 5, 6], [2, 8, 3, 5, 5, 6, 1, 2, 6, 7, 4, 6], [2, 8, 3, 5, 5, 6, 6, 7, 1, 2, 4, 6], [2, 8, 3, 5, 5, 7, 1, 2, 4, 5, 5, 6], [2, 8, 4, 5, 1, 2, 3, 4, 4, 7, 5, 6], [2, 8, 4, 5, 1, 2, 3, 4, 5, 6, 4, 7], [2, 8, 4, 5, 1, 2, 5, 6, 3, 4, 4, 7], [2, 8, 4, 5, 5, 6, 1, 2, 3, 4, 4, 7], [3, 5, 2, 8, 1, 2, 5, 6, 6, 7, 4, 6], [3, 5, 2, 8, 1, 2, 5, 7, 4, 5, 5, 6], [3, 5, 2, 8, 5, 6, 1, 2, 6, 7, 4, 6], [3, 5, 2, 8, 5, 6, 6, 7, 1, 2, 4, 6], [3, 5, 2, 8, 5, 7, 1, 2, 4, 5, 5, 6], [3, 5, 5, 6, 2, 8, 1, 2, 6, 7, 4, 6], [3, 5, 5, 6, 2, 8, 6, 7, 1, 2, 4, 6], [3, 5, 5, 6, 6, 7, 2, 8, 1, 2, 4, 6], [3, 5, 5, 6, 6, 7, 2, 8, 4, 6, 1, 2], [3, 5, 5, 6, 6, 7, 4, 6, 2, 8, 1, 2], [3, 5, 5, 7, 2, 8, 1, 2, 4, 5, 5, 6], [3, 5, 5, 7, 2, 8, 4, 5, 1, 2, 5, 6], [3, 5, 5, 7, 2, 8, 4, 5, 5, 6, 1, 2], [3, 5, 5, 7, 4, 5, 2, 8, 1, 2, 5, 6], [3, 5, 5, 7, 4, 5, 2, 8, 5, 6, 1, 2], [3, 5, 5, 7, 4, 5, 5, 6, 2, 8, 1, 2], [4, 5, 2, 8, 1, 2, 3, 4, 4, 7, 5, 6], [4, 5, 2, 8, 1, 2, 3, 4, 5, 6, 4, 7], [4, 5, 2, 8, 1, 2, 5, 6, 3, 4, 4, 7], [4, 5, 2, 8, 3, 4, 1, 2, 4, 7, 5, 6], [4, 5, 2, 8, 3, 4, 1, 2, 5, 6, 4, 7], [4, 5, 2, 8, 3, 4, 4, 7, 1, 2, 5, 6], [4, 5, 2, 8, 3, 4, 5, 6, 1, 2, 4, 7], [4, 5, 2, 8, 3, 4, 5, 6, 4, 7, 1, 2], [4, 5, 2, 8, 5, 6, 1, 2, 3, 4, 4, 7], [4, 5, 3, 4, 2, 8, 1, 2, 4, 7, 5, 6], [4, 5, 3, 4, 2, 8, 1, 2, 5, 6, 4, 7], [4, 5, 3, 4, 2, 8, 4, 7, 1, 2, 5, 6], [4, 5, 3, 4, 2, 8, 5, 6, 1, 2, 4, 7], [4, 5, 3, 4, 2, 8, 5, 6, 4, 7, 1, 2], [4, 5, 3, 4, 4, 7, 2, 8, 1, 2, 5, 6], [4, 5, 3, 4, 4, 7, 2, 8, 5, 6, 1, 2], [4, 5, 3, 4, 4, 7, 5, 6, 2, 8, 1, 2], [4, 5, 3, 4, 5, 6, 2, 8, 1, 2, 4, 7], [4, 5, 3, 4, 5, 6, 2, 8, 4, 7, 1, 2], [4, 5, 3, 4, 5, 6, 4, 7, 2, 8, 1, 2], [4, 5, 5, 6, 2, 8, 1, 2, 3, 4, 4, 7], [4, 5, 5, 6, 2, 8, 3, 4, 1, 2, 4, 7], [4, 5, 5, 6, 2, 8, 3, 4, 4, 7, 1, 2], [4, 5, 5, 6, 3, 4, 2, 8, 1, 2, 4, 7], [4, 5, 5, 6, 3, 4, 2, 8, 4, 7, 1, 2], [4, 5, 5, 6, 3, 4, 4, 7, 2, 8, 1, 2]], 
     table([(0)=[{12}, {}, {}],(1)=[{4}, {[3, 4, 12]}, {}],(2)=[{5, 32}, {[2, 4, 32], [4, 4, 5]}, {}],(3)=[{3, 33, 41}, {[2, 5, 33], [3, 32, 41], [5, 3, 5]}, {}],(4)=[{2, 11, 31, 35, 39, 48, 51}, {[2, 3, 31], [2, 35, 41], [3, 3, 11], [3, 33, 51], [4, 2, 3], [4, 33, 39], [4, 41, 48], [5, 31, 33]}, {}],(5)=[{1, 13, 14, 16, 37, 40, 50, 54}, {[2, 2, 16], [2, 14, 39], [2, 48, 54], [3, 31, 40], [4, 35, 37], [4, 51, 54], [5, 1, 2], [5, 11, 13], [5, 48, 50]}, {[3, 13, 14], [4, 13, 14]}],(6)=[{15, 19, 25, 34, 38, 42, 43, 45, 52, 56}, {[2, 1, 15], [2, 34, 40], [2, 37, 43], [2, 50, 56], [3, 16, 25], [3, 37, 43], [3, 52, 54], [4, 16, 19], [4, 40, 45], [5, 15, 16], [5, 37, 38], [5, 40, 42], [5, 54, 56]}, {}],(7)=[{10, 20, 28, 36, 44, 47, 53}, {[2, 10, 19], [2, 28, 45], [2, 36, 42], [2, 38, 44], [3, 15, 20], [3, 36, 42], [3, 38, 44], [3, 47, 56], [4, 25, 28], [4, 34, 36], [5, 34, 36], [5, 43, 44], [5, 45, 47], [5, 52, 53]}, {}],(9)=[{6, 18, 24, 27, 29}, {[2, 29, 46], [3, 18, 21], [3, 24, 30], [5, 6, 7], [5, 22, 24], [5, 26, 27]}, {[3, 27, 29], [4, 27, 29]}],(8)=[{7, 21, 22, 26, 30, 46, 49, 55}, {[2, 30, 47], [3, 7, 10], [3, 26, 28], [3, 53, 55], [4, 7, 10], [4, 20, 22], [4, 44, 49], [4, 46, 47], [4, 53, 55], [5, 20, 21], [5, 28, 30]}, {[2, 49, 55]}],(10)=[{8, 9, 17, 23}, {[2, 9, 18], [3, 6, 8], [4, 17, 18], [4, 23, 24], [5, 17, 18]}, {[2, 8, 17], [4, 8, 9], [5, 8, 9]}]]) ], 

#################################################################
### The symmetric function = 2 s[3, 2, 1] + s[2, 2, 2] + s[3, 1, 1, 1] + s[2, 2, 1, 1]   has 5 graph isomorphism types.

  [ [[2, 4, 5], [2, 3, 5], [2, 3, 4], [2, 3, 5], [2, 4], [3, 4, 5], [3, 5], [3, 4], [2, 4, 5], [2, 4], [2, 3, 5], [3, 5], [3, 4], [2, 4, 5], [1, 3, 4, 5], [1, 4, 5], [1, 3, 5], [1, 3, 4], [2, 4, 5], [2, 5], [2, 4], [2, 3, 5], [2, 3], [2, 3, 4], [1, 3, 5], [1, 3, 4], [1, 4, 5], [1, 4], [1, 3, 5], [1, 2, 4, 5], [1, 2, 5], [1, 2, 4], [1, 3, 5], [1, 3], [1, 3, 4], [1, 2, 4], [1, 2, 5], [1, 2, 3, 5], [1, 2, 3], [1, 2, 4], [1, 3, 5], [1, 3, 4], [1, 4, 5], [1, 4], [1, 3, 5], [1, 2, 4, 5], [1, 2, 5], [1, 2, 4], [1, 3, 5], [1, 3], [1, 3, 4], [2, 4], [2, 5], [2, 3, 5], [2, 3], [2, 4]], 
     {[2, 1, 15], [2, 2, 25], [2, 3, 26], [2, 4, 41], [2, 5, 42], [2, 9, 27], [2, 10, 28], [2, 11, 29], [2, 14, 43], [2, 16, 19], [2, 17, 20], [2, 18, 21], [2, 22, 49], [2, 23, 50], [2, 24, 51], [2, 33, 54], [2, 34, 55], [2, 35, 56], [2, 44, 52], [2, 45, 53], [3, 1, 6], [3, 5, 13], [3, 7, 9], [3, 8, 10], [3, 12, 14], [3, 15, 19], [3, 17, 20], [3, 18, 21], [3, 25, 30], [3, 26, 36], [3, 29, 37], [3, 31, 33], [3, 32, 34], [3, 35, 40], [3, 41, 46], [3, 42, 52], [3, 45, 53], [3, 47, 49], [3, 48, 50], [3, 51, 56], [4, 1, 4], [4, 2, 5], [4, 7, 9], [4, 10, 11], [4, 12, 14], [4, 16, 17], [4, 19, 22], [4, 21, 23], [4, 25, 27], [4, 28, 29], [4, 30, 33], [4, 32, 34], [4, 36, 38], [4, 39, 40], [4, 41, 43], [4, 44, 45], [4, 46, 49], [4, 48, 50], [4, 52, 54], [4, 55, 56], [5, 2, 3], [5, 4, 5], [5, 7, 8], [5, 10, 11], [5, 12, 13], [5, 17, 18], [5, 20, 21], [5, 22, 24], [5, 25, 26], [5, 28, 29], [5, 31, 32], [5, 33, 35], [5, 36, 37], [5, 38, 40], [5, 41, 42], [5, 44, 45], [5, 47, 48], [5, 49, 51], [5, 52, 53], [5, 54, 56]}, 
     [[1, 2, 2, 8, 4, 6, 6, 7, 5, 6, 3, 5], [1, 2, 2, 8, 4, 7, 3, 4, 5, 6, 4, 5], [1, 2, 2, 8, 4, 7, 5, 6, 3, 4, 4, 5], [1, 2, 2, 8, 5, 6, 4, 5, 5, 7, 3, 5], [1, 2, 2, 8, 5, 6, 4, 7, 3, 4, 4, 5], [1, 2, 4, 6, 2, 8, 6, 7, 5, 6, 3, 5], [1, 2, 4, 7, 2, 8, 3, 4, 5, 6, 4, 5], [1, 2, 4, 7, 2, 8, 5, 6, 3, 4, 4, 5], [1, 2, 4, 7, 3, 4, 2, 8, 5, 6, 4, 5], [1, 2, 4, 7, 5, 6, 2, 8, 3, 4, 4, 5], [1, 2, 4, 7, 5, 6, 3, 4, 2, 8, 4, 5], [1, 2, 5, 6, 2, 8, 4, 5, 5, 7, 3, 5], [1, 2, 5, 6, 2, 8, 4, 7, 3, 4, 4, 5], [1, 2, 5, 6, 4, 5, 2, 8, 5, 7, 3, 5], [4, 6, 1, 2, 2, 8, 6, 7, 5, 6, 3, 5], [4, 6, 1, 2, 6, 7, 2, 8, 5, 6, 3, 5], [4, 6, 1, 2, 6, 7, 5, 6, 2, 8, 3, 5], [4, 6, 1, 2, 6, 7, 5, 6, 3, 5, 2, 8], [4, 6, 6, 7, 1, 2, 2, 8, 5, 6, 3, 5], [4, 6, 6, 7, 1, 2, 5, 6, 2, 8, 3, 5], [4, 6, 6, 7, 1, 2, 5, 6, 3, 5, 2, 8], [4, 6, 6, 7, 5, 6, 1, 2, 2, 8, 3, 5], [4, 6, 6, 7, 5, 6, 1, 2, 3, 5, 2, 8], [4, 6, 6, 7, 5, 6, 3, 5, 1, 2, 2, 8], [4, 7, 1, 2, 2, 8, 3, 4, 5, 6, 4, 5], [4, 7, 1, 2, 2, 8, 5, 6, 3, 4, 4, 5], [4, 7, 1, 2, 3, 4, 2, 8, 5, 6, 4, 5], [4, 7, 1, 2, 5, 6, 2, 8, 3, 4, 4, 5], [4, 7, 1, 2, 5, 6, 3, 4, 2, 8, 4, 5], [4, 7, 3, 4, 1, 2, 2, 8, 5, 6, 4, 5], [4, 7, 3, 4, 1, 2, 5, 6, 2, 8, 4, 5], [4, 7, 3, 4, 1, 2, 5, 6, 4, 5, 2, 8], [4, 7, 3, 4, 5, 6, 1, 2, 2, 8, 4, 5], [4, 7, 3, 4, 5, 6, 1, 2, 4, 5, 2, 8], [4, 7, 3, 4, 5, 6, 4, 5, 1, 2, 2, 8], [4, 7, 5, 6, 1, 2, 2, 8, 3, 4, 4, 5], [4, 7, 5, 6, 1, 2, 3, 4, 2, 8, 4, 5], [4, 7, 5, 6, 3, 4, 1, 2, 2, 8, 4, 5], [4, 7, 5, 6, 3, 4, 1, 2, 4, 5, 2, 8], [4, 7, 5, 6, 3, 4, 4, 5, 1, 2, 2, 8], [5, 6, 1, 2, 2, 8, 4, 5, 5, 7, 3, 5], [5, 6, 1, 2, 2, 8, 4, 7, 3, 4, 4, 5], [5, 6, 1, 2, 4, 5, 2, 8, 5, 7, 3, 5], [5, 6, 1, 2, 4, 7, 2, 8, 3, 4, 4, 5], [5, 6, 1, 2, 4, 7, 3, 4, 2, 8, 4, 5], [5, 6, 4, 5, 1, 2, 2, 8, 5, 7, 3, 5], [5, 6, 4, 5, 1, 2, 5, 7, 2, 8, 3, 5], [5, 6, 4, 5, 1, 2, 5, 7, 3, 5, 2, 8], [5, 6, 4, 5, 5, 7, 1, 2, 2, 8, 3, 5], [5, 6, 4, 5, 5, 7, 1, 2, 3, 5, 2, 8], [5, 6, 4, 5, 5, 7, 3, 5, 1, 2, 2, 8], [5, 6, 4, 7, 1, 2, 2, 8, 3, 4, 4, 5], [5, 6, 4, 7, 1, 2, 3, 4, 2, 8, 4, 5], [5, 6, 4, 7, 3, 4, 1, 2, 2, 8, 4, 5], [5, 6, 4, 7, 3, 4, 1, 2, 4, 5, 2, 8], [5, 6, 4, 7, 3, 4, 4, 5, 1, 2, 2, 8]], 
     table([(0)=[{39}, {}, {}],(1)=[{40}, {[4, 39, 40]}, {}],(2)=[{35, 38}, {[3, 35, 40], [5, 38, 40]}, {}],(3)=[{33, 36, 56}, {[2, 35, 56], [4, 36, 38], [5, 33, 35]}, {}],(4)=[{26, 30, 31, 37, 51, 54, 55}, {[2, 33, 54], [3, 26, 36], [3, 31, 33], [3, 51, 56], [4, 30, 33], [4, 55, 56], [5, 36, 37], [5, 54, 56]}, {}],(5)=[{3, 24, 25, 29, 32, 34, 49, 52}, {[2, 3, 26], [2, 24, 51], [2, 34, 55], [3, 25, 30], [3, 29, 37], [4, 52, 54], [5, 25, 26], [5, 31, 32], [5, 49, 51]}, {[3, 32, 34], [4, 32, 34]}],(6)=[{2, 11, 22, 27, 28, 42, 44, 46, 47, 53}, {[2, 2, 25], [2, 11, 29], [2, 22, 49], [2, 44, 52], [3, 42, 52], [3, 47, 49], [4, 25, 27], [4, 28, 29], [4, 46, 49], [5, 2, 3], [5, 22, 24], [5, 28, 29], [5, 52, 53]}, {}],(7)=[{5, 9, 10, 19, 41, 45, 48}, {[2, 5, 42], [2, 9, 27], [2, 10, 28], [2, 45, 53], [3, 41, 46], [3, 45, 53], [4, 2, 5], [4, 10, 11], [4, 19, 22], [4, 44, 45], [5, 10, 11], [5, 41, 42], [5, 44, 45], [5, 47, 48]}, {}],(9)=[{1, 12, 14, 17, 23}, {[2, 1, 15], [2, 14, 43], [2, 23, 50], [4, 1, 4], [4, 16, 17], [5, 12, 13]}, {[3, 12, 14], [4, 12, 14]}],(8)=[{4, 7, 8, 13, 15, 16, 43, 50}, {[2, 4, 41], [2, 16, 19], [3, 5, 13], [3, 7, 9], [3, 8, 10], [3, 15, 19], [3, 48, 50], [4, 7, 9], [4, 41, 43], [4, 48, 50], [5, 4, 5]}, {[5, 7, 8]}],(10)=[{6, 18, 20, 21}, {[2, 17, 20], [3, 1, 6], [3, 17, 20], [4, 21, 23], [5, 17, 18]}, {[2, 18, 21], [3, 18, 21], [5, 20, 21]}]]) ], 

  [ [[3, 4, 5], [2, 4, 5], [3, 4], [3, 5], [2, 3, 5], [2, 3, 4], [2, 4, 5], [2, 4], [2, 3, 5], [1, 4, 5], [1, 3, 4, 5], [1, 3, 5], [1, 3, 4], [2, 4, 5], [2, 3, 5], [2, 4], [3, 5], [3, 4], [2, 4, 5], [2, 5], [2, 4], [2, 3, 5], [2, 3], [2, 3, 4], [1, 4, 5], [1, 3, 4], [1, 3, 5], [1, 2, 5], [1, 2, 4, 5], [1, 2, 4], [1, 3, 5], [1, 4], [1, 3, 5], [1, 3], [1, 3, 4], [2, 4], [2, 5], [2, 3, 5], [2, 3], [2, 4], [1, 3, 5], [1, 3, 4], [1, 4, 5], [1, 4], [1, 3, 5], [1, 2, 4, 5], [1, 2, 5], [1, 2, 4], [1, 3, 5], [1, 3], [1, 3, 4], [1, 2, 4], [1, 2, 5], [1, 2, 3, 5], [1, 2, 3], [1, 2, 4]], 
     {[2, 2, 25], [2, 5, 41], [2, 6, 42], [2, 7, 43], [2, 8, 44], [2, 9, 45], [2, 10, 14], [2, 11, 19], [2, 12, 20], [2, 13, 21], [2, 15, 31], [2, 16, 32], [2, 22, 49], [2, 23, 50], [2, 24, 51], [2, 26, 36], [2, 27, 37], [2, 33, 38], [2, 34, 39], [2, 35, 40], [3, 1, 7], [3, 2, 4], [3, 3, 8], [3, 11, 19], [3, 12, 20], [3, 13, 21], [3, 14, 17], [3, 16, 18], [3, 26, 36], [3, 27, 37], [3, 28, 31], [3, 29, 33], [3, 30, 34], [3, 35, 40], [3, 41, 46], [3, 42, 52], [3, 45, 53], [3, 47, 49], [3, 48, 50], [3, 51, 56], [4, 2, 4], [4, 5, 7], [4, 8, 9], [4, 10, 12], [4, 14, 17], [4, 15, 16], [4, 19, 22], [4, 21, 23], [4, 25, 27], [4, 29, 33], [4, 30, 34], [4, 31, 32], [4, 36, 38], [4, 39, 40], [4, 41, 43], [4, 44, 45], [4, 46, 49], [4, 48, 50], [4, 52, 54], [4, 55, 56], [5, 3, 4], [5, 5, 6], [5, 8, 9], [5, 12, 13], [5, 15, 16], [5, 17, 18], [5, 20, 21], [5, 22, 24], [5, 26, 27], [5, 28, 30], [5, 31, 32], [5, 33, 35], [5, 36, 37], [5, 38, 40], [5, 41, 42], [5, 44, 45], [5, 47, 48], [5, 49, 51], [5, 52, 53], [5, 54, 56]}, 
     [[1, 2, 3, 4, 7, 8, 2, 7, 5, 6, 4, 5], [1, 2, 5, 6, 3, 4, 7, 8, 2, 7, 4, 5], [1, 2, 5, 6, 7, 8, 2, 7, 3, 4, 4, 5], [1, 2, 5, 6, 7, 8, 3, 4, 2, 7, 4, 5], [1, 2, 7, 8, 2, 7, 3, 4, 5, 6, 4, 5], [1, 2, 7, 8, 2, 7, 5, 6, 3, 4, 4, 5], [1, 2, 7, 8, 3, 4, 2, 7, 5, 6, 4, 5], [1, 2, 7, 8, 5, 6, 2, 7, 3, 4, 4, 5], [1, 2, 7, 8, 5, 6, 3, 4, 2, 7, 4, 5], [3, 4, 1, 2, 5, 6, 7, 8, 2, 7, 4, 5], [3, 4, 1, 2, 7, 8, 2, 7, 5, 6, 4, 5], [3, 4, 1, 2, 7, 8, 5, 6, 2, 7, 4, 5], [3, 4, 1, 2, 7, 8, 5, 6, 4, 5, 2, 7], [3, 4, 5, 6, 1, 2, 7, 8, 2, 7, 4, 5], [3, 4, 5, 6, 4, 5, 1, 2, 7, 8, 2, 7], [3, 4, 5, 6, 4, 5, 7, 8, 1, 2, 2, 7], [3, 4, 5, 6, 7, 8, 1, 2, 2, 7, 4, 5], [3, 4, 5, 6, 7, 8, 4, 5, 1, 2, 2, 7], [3, 4, 7, 8, 1, 2, 2, 7, 5, 6, 4, 5], [3, 4, 7, 8, 1, 2, 5, 6, 2, 7, 4, 5], [3, 4, 7, 8, 1, 2, 5, 6, 4, 5, 2, 7], [3, 4, 7, 8, 5, 6, 1, 2, 2, 7, 4, 5], [3, 4, 7, 8, 5, 6, 1, 2, 4, 5, 2, 7], [3, 4, 7, 8, 5, 6, 4, 5, 1, 2, 2, 7], [5, 6, 1, 2, 3, 4, 7, 8, 2, 7, 4, 5], [5, 6, 1, 2, 7, 8, 2, 7, 3, 4, 4, 5], [5, 6, 1, 2, 7, 8, 3, 4, 2, 7, 4, 5], [5, 6, 3, 4, 1, 2, 4, 5, 7, 8, 2, 7], [5, 6, 3, 4, 1, 2, 7, 8, 2, 7, 4, 5], [5, 6, 3, 4, 1, 2, 7, 8, 4, 5, 2, 7], [5, 6, 3, 4, 4, 5, 1, 2, 7, 8, 2, 7], [5, 6, 3, 4, 4, 5, 7, 8, 1, 2, 2, 7], [5, 6, 3, 4, 7, 8, 1, 2, 2, 7, 4, 5], [5, 6, 3, 4, 7, 8, 1, 2, 4, 5, 2, 7], [5, 6, 3, 4, 7, 8, 4, 5, 1, 2, 2, 7], [5, 6, 7, 8, 1, 2, 2, 7, 3, 4, 4, 5], [5, 6, 7, 8, 1, 2, 3, 4, 2, 7, 4, 5], [5, 6, 7, 8, 3, 4, 1, 2, 2, 7, 4, 5], [5, 6, 7, 8, 3, 4, 1, 2, 4, 5, 2, 7], [5, 6, 7, 8, 3, 4, 4, 5, 1, 2, 2, 7], [7, 8, 1, 2, 2, 7, 3, 4, 5, 6, 4, 5], [7, 8, 1, 2, 2, 7, 5, 6, 3, 4, 4, 5], [7, 8, 1, 2, 3, 4, 2, 7, 5, 6, 4, 5], [7, 8, 1, 2, 5, 6, 2, 7, 3, 4, 4, 5], [7, 8, 1, 2, 5, 6, 3, 4, 2, 7, 4, 5], [7, 8, 3, 4, 1, 2, 2, 7, 5, 6, 4, 5], [7, 8, 3, 4, 1, 2, 5, 6, 2, 7, 4, 5], [7, 8, 3, 4, 1, 2, 5, 6, 4, 5, 2, 7], [7, 8, 3, 4, 5, 6, 1, 2, 2, 7, 4, 5], [7, 8, 3, 4, 5, 6, 1, 2, 4, 5, 2, 7], [7, 8, 3, 4, 5, 6, 4, 5, 1, 2, 2, 7], [7, 8, 5, 6, 1, 2, 2, 7, 3, 4, 4, 5], [7, 8, 5, 6, 1, 2, 3, 4, 2, 7, 4, 5], [7, 8, 5, 6, 3, 4, 1, 2, 2, 7, 4, 5], [7, 8, 5, 6, 3, 4, 1, 2, 4, 5, 2, 7], [7, 8, 5, 6, 3, 4, 4, 5, 1, 2, 2, 7]], 
     table([(0)=[{55}, {}, {}],(1)=[{56}, {[4, 55, 56]}, {}],(2)=[{51, 54}, {[3, 51, 56], [5, 54, 56]}, {}],(3)=[{24, 49, 52}, {[2, 24, 51], [4, 52, 54], [5, 49, 51]}, {}],(4)=[{22, 42, 46, 47, 53}, {[2, 22, 49], [3, 42, 52], [3, 47, 49], [4, 46, 49], [5, 22, 24], [5, 52, 53]}, {}],(5)=[{6, 19, 41, 45, 48}, {[2, 6, 42], [3, 41, 46], [3, 45, 53], [4, 19, 22], [5, 41, 42], [5, 47, 48]}, {}],(6)=[{5, 9, 11, 43, 44, 50}, {[2, 5, 41], [2, 9, 45], [2, 11, 19], [3, 11, 19], [3, 48, 50], [4, 41, 43], [4, 44, 45], [4, 48, 50], [5, 5, 6], [5, 44, 45]}, {}],(7)=[{7, 8, 23}, {[2, 7, 43], [2, 8, 44], [2, 23, 50], [4, 5, 7], [4, 8, 9], [5, 8, 9]}, {}],(9)=[{4, 13, 20}, {[2, 13, 21], [3, 13, 21], [5, 3, 4], [5, 20, 21]}, {}],(8)=[{1, 3, 21}, {[3, 1, 7], [3, 3, 8], [4, 21, 23]}, {}],(11)=[{10, 25}, {[2, 2, 25], [4, 10, 12]}, {}],(10)=[{2, 12}, {[2, 12, 20], [3, 2, 4], [3, 12, 20], [4, 2, 4], [5, 12, 13]}, {}],(13)=[{17, 26, 37}, {[2, 27, 37], [3, 14, 17], [3, 27, 37], [4, 14, 17], [5, 26, 27]}, {}],(12)=[{14, 27}, {[2, 10, 14], [4, 25, 27]}, {}],(15)=[{16, 38}, {[3, 16, 18], [4, 36, 38]}, {}],(14)=[{18, 36}, {[2, 26, 36], [3, 26, 36], [5, 17, 18], [5, 36, 37]}, {}],(18)=[{28, 34}, {[2, 34, 39], [3, 28, 31]}, {}],(19)=[{30}, {[3, 30, 34], [4, 30, 34], [5, 28, 30]}, {}],(16)=[{15, 32, 33, 40}, {[2, 16, 32], [2, 33, 38], [4, 15, 16], [5, 15, 16], [5, 38, 40]}, {}],(17)=[{29, 31, 35, 39}, {[2, 15, 31], [2, 35, 40], [3, 29, 33], [3, 35, 40], [4, 29, 33], [4, 31, 32], [4, 39, 40], [5, 31, 32], [5, 33, 35]}, {}]]) ], 

  [ [[3, 4, 5], [2, 4, 5], [3, 5], [3, 4], [2, 4, 5], [2, 3, 5], [2, 3, 4], [2, 3, 5], [2, 4], [1, 4, 5], [1, 3, 4, 5], [1, 3, 5], [1, 3, 4], [2, 4, 5], [2, 3, 5], [2, 4], [3, 5], [3, 4], [2, 4, 5], [2, 5], [2, 4], [2, 3, 5], [2, 3], [2, 3, 4], [1, 4, 5], [1, 3, 5], [1, 3, 4], [1, 2, 5], [1, 2, 4, 5], [1, 2, 4], [1, 3, 5], [1, 4], [1, 3, 5], [1, 3], [1, 3, 4], [2, 5], [2, 4], [2, 3, 5], [2, 3], [2, 4], [1, 4, 5], [1, 3, 5], [1, 3, 4], [1, 3, 5], [1, 4], [1, 2, 4, 5], [1, 2, 5], [1, 2, 4], [1, 3, 5], [1, 3], [1, 3, 4], [1, 2, 5], [1, 2, 4], [1, 2, 3, 5], [1, 2, 3], [1, 2, 4]], 
     {[2, 2, 25], [2, 5, 41], [2, 6, 42], [2, 7, 43], [2, 8, 44], [2, 9, 45], [2, 10, 14], [2, 11, 19], [2, 12, 20], [2, 13, 21], [2, 15, 31], [2, 16, 32], [2, 22, 49], [2, 23, 50], [2, 24, 51], [2, 26, 36], [2, 27, 37], [2, 33, 38], [2, 34, 39], [2, 35, 40], [3, 1, 5], [3, 2, 3], [3, 4, 9], [3, 11, 19], [3, 12, 20], [3, 13, 21], [3, 14, 17], [3, 16, 18], [3, 26, 36], [3, 27, 37], [3, 28, 31], [3, 29, 33], [3, 30, 34], [3, 35, 40], [3, 42, 46], [3, 43, 53], [3, 44, 52], [3, 47, 49], [3, 48, 50], [3, 51, 56], [4, 2, 3], [4, 5, 8], [4, 6, 9], [4, 10, 12], [4, 14, 17], [4, 15, 16], [4, 19, 22], [4, 21, 23], [4, 25, 26], [4, 29, 33], [4, 30, 34], [4, 31, 32], [4, 37, 38], [4, 39, 40], [4, 41, 44], [4, 42, 45], [4, 46, 49], [4, 48, 50], [4, 53, 54], [4, 55, 56], [5, 3, 4], [5, 6, 7], [5, 8, 9], [5, 12, 13], [5, 15, 16], [5, 17, 18], [5, 20, 21], [5, 22, 24], [5, 26, 27], [5, 28, 30], [5, 31, 32], [5, 33, 35], [5, 36, 37], [5, 38, 40], [5, 42, 43], [5, 44, 45], [5, 47, 48], [5, 49, 51], [5, 52, 53], [5, 54, 56]}, 
     [[1, 3, 3, 4, 7, 8, 4, 7, 5, 6, 2, 4], [1, 3, 5, 6, 3, 4, 7, 8, 4, 7, 2, 4], [1, 3, 5, 6, 7, 8, 3, 4, 4, 7, 2, 4], [1, 3, 5, 6, 7, 8, 3, 7, 2, 3, 3, 4], [1, 3, 7, 8, 3, 4, 4, 7, 5, 6, 2, 4], [1, 3, 7, 8, 3, 7, 2, 3, 5, 6, 3, 4], [1, 3, 7, 8, 3, 7, 5, 6, 2, 3, 3, 4], [1, 3, 7, 8, 5, 6, 3, 4, 4, 7, 2, 4], [1, 3, 7, 8, 5, 6, 3, 7, 2, 3, 3, 4], [2, 3, 1, 2, 5, 6, 7, 8, 2, 7, 3, 4], [2, 3, 1, 2, 7, 8, 2, 7, 5, 6, 3, 4], [2, 3, 1, 2, 7, 8, 5, 6, 2, 7, 3, 4], [2, 3, 1, 2, 7, 8, 5, 6, 3, 4, 2, 7], [2, 3, 5, 6, 1, 2, 7, 8, 2, 7, 3, 4], [2, 3, 5, 6, 3, 4, 1, 2, 7, 8, 2, 7], [2, 3, 5, 6, 3, 4, 7, 8, 1, 2, 2, 7], [2, 3, 5, 6, 7, 8, 1, 2, 2, 7, 3, 4], [2, 3, 5, 6, 7, 8, 3, 4, 1, 2, 2, 7], [2, 3, 7, 8, 1, 2, 2, 7, 5, 6, 3, 4], [2, 3, 7, 8, 1, 2, 5, 6, 2, 7, 3, 4], [2, 3, 7, 8, 1, 2, 5, 6, 3, 4, 2, 7], [2, 3, 7, 8, 5, 6, 1, 2, 2, 7, 3, 4], [2, 3, 7, 8, 5, 6, 1, 2, 3, 4, 2, 7], [2, 3, 7, 8, 5, 6, 3, 4, 1, 2, 2, 7], [5, 6, 1, 3, 3, 4, 7, 8, 4, 7, 2, 4], [5, 6, 1, 3, 7, 8, 3, 4, 4, 7, 2, 4], [5, 6, 1, 3, 7, 8, 3, 7, 2, 3, 3, 4], [5, 6, 2, 3, 1, 2, 3, 4, 7, 8, 2, 7], [5, 6, 2, 3, 1, 2, 7, 8, 2, 7, 3, 4], [5, 6, 2, 3, 1, 2, 7, 8, 3, 4, 2, 7], [5, 6, 2, 3, 3, 4, 1, 2, 7, 8, 2, 7], [5, 6, 2, 3, 3, 4, 7, 8, 1, 2, 2, 7], [5, 6, 2, 3, 7, 8, 1, 2, 2, 7, 3, 4], [5, 6, 2, 3, 7, 8, 1, 2, 3, 4, 2, 7], [5, 6, 2, 3, 7, 8, 3, 4, 1, 2, 2, 7], [5, 6, 7, 8, 1, 3, 3, 4, 4, 7, 2, 4], [5, 6, 7, 8, 1, 3, 3, 7, 2, 3, 3, 4], [5, 6, 7, 8, 2, 3, 1, 2, 2, 7, 3, 4], [5, 6, 7, 8, 2, 3, 1, 2, 3, 4, 2, 7], [5, 6, 7, 8, 2, 3, 3, 4, 1, 2, 2, 7], [7, 8, 1, 3, 3, 4, 4, 7, 5, 6, 2, 4], [7, 8, 1, 3, 3, 7, 2, 3, 5, 6, 3, 4], [7, 8, 1, 3, 3, 7, 5, 6, 2, 3, 3, 4], [7, 8, 1, 3, 5, 6, 3, 4, 4, 7, 2, 4], [7, 8, 1, 3, 5, 6, 3, 7, 2, 3, 3, 4], [7, 8, 2, 3, 1, 2, 2, 7, 5, 6, 3, 4], [7, 8, 2, 3, 1, 2, 5, 6, 2, 7, 3, 4], [7, 8, 2, 3, 1, 2, 5, 6, 3, 4, 2, 7], [7, 8, 2, 3, 5, 6, 1, 2, 2, 7, 3, 4], [7, 8, 2, 3, 5, 6, 1, 2, 3, 4, 2, 7], [7, 8, 2, 3, 5, 6, 3, 4, 1, 2, 2, 7], [7, 8, 5, 6, 1, 3, 3, 4, 4, 7, 2, 4], [7, 8, 5, 6, 1, 3, 3, 7, 2, 3, 3, 4], [7, 8, 5, 6, 2, 3, 1, 2, 2, 7, 3, 4], [7, 8, 5, 6, 2, 3, 1, 2, 3, 4, 2, 7], [7, 8, 5, 6, 2, 3, 3, 4, 1, 2, 2, 7]], 
     table([(0)=[{55}, {}, {}],(1)=[{56}, {[4, 55, 56]}, {}],(2)=[{51, 54}, {[3, 51, 56], [5, 54, 56]}, {}],(3)=[{24, 49, 53}, {[2, 24, 51], [4, 53, 54], [5, 49, 51]}, {}],(4)=[{22, 43, 46, 47, 52}, {[2, 22, 49], [3, 43, 53], [3, 47, 49], [4, 46, 49], [5, 22, 24], [5, 52, 53]}, {}],(5)=[{7, 19, 42, 44, 48}, {[2, 7, 43], [3, 42, 46], [3, 44, 52], [4, 19, 22], [5, 42, 43], [5, 47, 48]}, {}],(6)=[{6, 8, 11, 41, 45, 50}, {[2, 6, 42], [2, 8, 44], [2, 11, 19], [3, 11, 19], [3, 48, 50], [4, 41, 44], [4, 42, 45], [4, 48, 50], [5, 6, 7], [5, 44, 45]}, {}],(7)=[{5, 9, 23}, {[2, 5, 41], [2, 9, 45], [2, 23, 50], [4, 5, 8], [4, 6, 9], [5, 8, 9]}, {}],(9)=[{3, 13, 20}, {[2, 13, 21], [3, 13, 21], [5, 3, 4], [5, 20, 21]}, {}],(8)=[{1, 4, 21}, {[3, 1, 5], [3, 4, 9], [4, 21, 23]}, {}],(11)=[{10, 25}, {[2, 2, 25], [4, 10, 12]}, {}],(10)=[{2, 12}, {[2, 12, 20], [3, 2, 3], [3, 12, 20], [4, 2, 3], [5, 12, 13]}, {}],(13)=[{17, 27, 36}, {[2, 26, 36], [3, 14, 17], [3, 26, 36], [4, 14, 17], [5, 26, 27]}, {}],(12)=[{14, 26}, {[2, 10, 14], [4, 25, 26]}, {}],(15)=[{16, 38}, {[3, 16, 18], [4, 37, 38]}, {}],(14)=[{18, 37}, {[2, 27, 37], [3, 27, 37], [5, 17, 18], [5, 36, 37]}, {}],(18)=[{28, 34}, {[2, 34, 39], [3, 28, 31]}, {}],(19)=[{30}, {[3, 30, 34], [4, 30, 34], [5, 28, 30]}, {}],(16)=[{15, 32, 33, 40}, {[2, 16, 32], [2, 33, 38], [4, 15, 16], [5, 15, 16], [5, 38, 40]}, {}],(17)=[{29, 31, 35, 39}, {[2, 15, 31], [2, 35, 40], [3, 29, 33], [3, 35, 40], [4, 29, 33], [4, 31, 32], [4, 39, 40], [5, 31, 32], [5, 33, 35]}, {}]]) ], 

  [ [[1, 3, 5], [1, 3, 4], [1, 4, 5], [2, 5], [2, 4], [2, 3, 5], [2, 4], [2, 4, 5], [2, 3], [2, 3, 4], [2, 3, 5], [2, 4, 5], [3, 5], [3, 4], [3, 4, 5], [3, 4], [3, 5], [2, 3, 5], [2, 4], [2, 4, 5], [1, 2, 4, 5], [1, 2, 5], [1, 2, 4], [1, 3, 5], [1, 3, 4], [1, 3, 4, 5], [1, 3, 5], [1, 3], [1, 4], [1, 4, 5], [1, 3, 4], [1, 3, 5], [2, 3, 5], [2, 3], [2, 4], [2, 4, 5], [2, 4], [2, 5], [2, 3, 4], [2, 3, 5], [1, 2, 4], [1, 2, 5], [1, 3], [1, 3, 4], [1, 3, 5], [1, 3, 5], [1, 4], [1, 4, 5], [1, 2, 3, 5], [1, 2, 3], [1, 2, 4], [1, 2, 4, 5], [1, 2, 4], [1, 2, 5], [1, 3, 4], [1, 3, 5]], 
     {[2, 1, 4], [2, 2, 5], [2, 3, 12], [2, 6, 24], [2, 7, 25], [2, 8, 26], [2, 9, 43], [2, 10, 44], [2, 11, 45], [2, 18, 46], [2, 19, 47], [2, 20, 48], [2, 27, 33], [2, 28, 34], [2, 29, 35], [2, 30, 36], [2, 31, 37], [2, 32, 38], [2, 39, 55], [2, 40, 56], [3, 1, 4], [3, 2, 5], [3, 7, 14], [3, 8, 15], [3, 12, 13], [3, 16, 19], [3, 17, 20], [3, 21, 24], [3, 22, 27], [3, 23, 28], [3, 25, 35], [3, 26, 36], [3, 31, 37], [3, 32, 38], [3, 41, 43], [3, 42, 46], [3, 44, 51], [3, 45, 52], [3, 53, 55], [3, 54, 56], [4, 1, 3], [4, 5, 9], [4, 6, 7], [4, 8, 11], [4, 12, 13], [4, 17, 20], [4, 18, 19], [4, 21, 24], [4, 23, 28], [4, 27, 29], [4, 30, 32], [4, 33, 35], [4, 34, 37], [4, 36, 40], [4, 41, 43], [4, 45, 48], [4, 46, 47], [4, 49, 51], [4, 50, 53], [4, 52, 56], [5, 1, 2], [5, 4, 5], [5, 6, 7], [5, 10, 11], [5, 13, 14], [5, 16, 17], [5, 18, 19], [5, 22, 23], [5, 24, 25], [5, 27, 29], [5, 31, 32], [5, 33, 35], [5, 37, 38], [5, 39, 40], [5, 41, 42], [5, 44, 45], [5, 46, 47], [5, 49, 51], [5, 53, 54], [5, 55, 56]}, 
     [[1, 4, 2, 3, 4, 9, 5, 6, 7, 8, 6, 7], [1, 4, 2, 3, 4, 9, 7, 8, 5, 6, 6, 7], [1, 4, 2, 3, 5, 6, 4, 9, 7, 8, 6, 7], [1, 4, 4, 9, 2, 3, 5, 6, 7, 8, 6, 7], [1, 4, 4, 9, 2, 3, 7, 8, 5, 6, 6, 7], [1, 4, 4, 9, 5, 6, 2, 3, 7, 8, 6, 7], [1, 4, 4, 9, 5, 6, 7, 8, 2, 3, 6, 7], [1, 4, 4, 9, 5, 6, 7, 8, 6, 7, 2, 3], [1, 4, 4, 9, 7, 8, 2, 3, 5, 6, 6, 7], [1, 4, 4, 9, 7, 8, 5, 6, 2, 3, 6, 7], [1, 4, 4, 9, 7, 8, 5, 6, 6, 7, 2, 3], [1, 4, 5, 6, 2, 3, 4, 9, 7, 8, 6, 7], [1, 4, 5, 6, 4, 9, 2, 3, 7, 8, 6, 7], [1, 4, 5, 6, 4, 9, 7, 8, 2, 3, 6, 7], [1, 4, 5, 6, 4, 9, 7, 8, 6, 7, 2, 3], [1, 4, 7, 8, 4, 9, 5, 6, 2, 3, 6, 7], [1, 4, 7, 8, 4, 9, 5, 6, 6, 7, 2, 3], [1, 4, 7, 8, 5, 6, 2, 3, 4, 9, 6, 7], [1, 4, 7, 8, 5, 6, 4, 9, 2, 3, 6, 7], [1, 4, 7, 8, 5, 6, 4, 9, 6, 7, 2, 3], [5, 6, 1, 4, 2, 3, 4, 9, 7, 8, 6, 7], [5, 6, 1, 4, 2, 3, 7, 8, 4, 9, 6, 7], [5, 6, 1, 4, 2, 3, 7, 8, 6, 7, 4, 9], [5, 6, 1, 4, 4, 9, 2, 3, 7, 8, 6, 7], [5, 6, 1, 4, 4, 9, 7, 8, 2, 3, 6, 7], [5, 6, 1, 4, 4, 9, 7, 8, 6, 7, 2, 3], [5, 6, 1, 4, 7, 8, 2, 3, 4, 9, 6, 7], [5, 6, 1, 4, 7, 8, 2, 3, 6, 7, 4, 9], [5, 6, 1, 4, 7, 8, 4, 9, 2, 3, 6, 7], [5, 6, 1, 4, 7, 8, 4, 9, 6, 7, 2, 3], [5, 6, 1, 4, 7, 8, 6, 7, 2, 3, 4, 9], [5, 6, 1, 4, 7, 8, 6, 7, 4, 9, 2, 3], [5, 6, 7, 8, 1, 4, 2, 3, 4, 9, 6, 7], [5, 6, 7, 8, 1, 4, 2, 3, 6, 7, 4, 9], [5, 6, 7, 8, 1, 4, 4, 9, 2, 3, 6, 7], [5, 6, 7, 8, 1, 4, 4, 9, 6, 7, 2, 3], [5, 6, 7, 8, 1, 4, 6, 7, 2, 3, 4, 9], [5, 6, 7, 8, 1, 4, 6, 7, 4, 9, 2, 3], [5, 6, 7, 8, 6, 7, 1, 4, 2, 3, 4, 9], [5, 6, 7, 8, 6, 7, 1, 4, 4, 9, 2, 3], [7, 8, 1, 4, 2, 3, 4, 9, 5, 6, 6, 7], [7, 8, 1, 4, 2, 3, 5, 6, 4, 9, 6, 7], [7, 8, 1, 4, 4, 9, 2, 3, 5, 6, 6, 7], [7, 8, 1, 4, 4, 9, 5, 6, 2, 3, 6, 7], [7, 8, 1, 4, 4, 9, 5, 6, 6, 7, 2, 3], [7, 8, 1, 4, 5, 6, 2, 3, 4, 9, 6, 7], [7, 8, 1, 4, 5, 6, 4, 9, 2, 3, 6, 7], [7, 8, 1, 4, 5, 6, 4, 9, 6, 7, 2, 3], [7, 8, 5, 6, 1, 4, 2, 3, 4, 9, 6, 7], [7, 8, 5, 6, 1, 4, 2, 3, 6, 7, 4, 9], [7, 8, 5, 6, 1, 4, 4, 9, 2, 3, 6, 7], [7, 8, 5, 6, 1, 4, 4, 9, 6, 7, 2, 3], [7, 8, 5, 6, 1, 4, 6, 7, 2, 3, 4, 9], [7, 8, 5, 6, 1, 4, 6, 7, 4, 9, 2, 3], [7, 8, 5, 6, 6, 7, 1, 4, 2, 3, 4, 9], [7, 8, 5, 6, 6, 7, 1, 4, 4, 9, 2, 3]], 
     table([(0)=[{50}, {}, {}],(1)=[{53}, {[4, 50, 53]}, {}],(2)=[{54, 55}, {[3, 53, 55], [5, 53, 54]}, {}],(3)=[{39, 56}, {[2, 39, 55], [3, 54, 56], [5, 55, 56]}, {}],(4)=[{40, 52}, {[2, 40, 56], [4, 52, 56], [5, 39, 40]}, {}],(5)=[{36, 45}, {[3, 45, 52], [4, 36, 40]}, {}],(6)=[{11, 26, 30, 44, 48}, {[2, 11, 45], [2, 30, 36], [3, 26, 36], [4, 45, 48], [5, 44, 45]}, {}],(7)=[{8, 10, 20, 32, 51}, {[2, 8, 26], [2, 10, 44], [2, 20, 48], [3, 44, 51], [4, 8, 11], [4, 30, 32], [5, 10, 11]}, {}],(9)=[{16, 37}, {[2, 31, 37], [3, 31, 37], [5, 16, 17], [5, 37, 38]}, {}],(8)=[{15, 17, 31, 38, 49}, {[2, 32, 38], [3, 8, 15], [3, 17, 20], [3, 32, 38], [4, 17, 20], [4, 49, 51], [5, 31, 32], [5, 49, 51]}, {}],(11)=[{18, 28, 47}, {[2, 19, 47], [2, 28, 34], [4, 18, 19], [5, 18, 19]}, {}],(10)=[{19, 34}, {[3, 16, 19], [4, 34, 37]}, {}],(13)=[{22, 42}, {[3, 42, 46], [5, 22, 23]}, {}],(12)=[{23, 46}, {[2, 18, 46], [3, 23, 28], [4, 23, 28], [4, 46, 47], [5, 46, 47]}, {}],(15)=[{29, 33, 43}, {[2, 27, 33], [3, 41, 43], [4, 27, 29], [4, 41, 43], [5, 27, 29]}, {}],(14)=[{27, 41}, {[3, 22, 27], [5, 41, 42]}, {}],(18)=[{2, 4, 7, 24}, {[2, 2, 5], [2, 7, 25], [3, 2, 5], [5, 4, 5], [5, 24, 25]}, {}],(19)=[{1, 6, 14, 21}, {[2, 1, 4], [2, 6, 24], [3, 1, 4], [3, 7, 14], [3, 21, 24], [4, 6, 7], [4, 21, 24], [5, 1, 2], [5, 6, 7]}, {}],(16)=[{9, 35}, {[2, 9, 43], [2, 29, 35], [4, 33, 35], [5, 33, 35]}, {}],(17)=[{5, 25}, {[3, 25, 35], [4, 5, 9]}, {}],(20)=[{3, 13}, {[4, 1, 3], [5, 13, 14]}, {}],(21)=[{12}, {[2, 3, 12], [3, 12, 13], [4, 12, 13]}, {}]]) ], 

  [ [[2, 4, 5], [3, 5], [3, 4, 5], [3, 4], [2, 4, 5], [2, 3, 5], [2, 4], [2, 3, 5], [2, 3, 4], [2, 3, 5], [2, 4, 5], [2, 4], [3, 5], [3, 4], [1, 3, 4, 5], [1, 4, 5], [1, 3, 5], [1, 3, 4], [2, 4, 5], [2, 5], [2, 4], [2, 3, 5], [2, 3], [2, 3, 4], [1, 4, 5], [1, 3, 5], [1, 3, 4], [1, 3, 5], [1, 4], [1, 2, 4, 5], [1, 2, 5], [1, 2, 4], [1, 3, 5], [1, 3], [1, 3, 4], [2, 5], [2, 4], [2, 3, 5], [2, 3], [2, 4], [1, 3, 5], [1, 4, 5], [1, 4], [1, 3, 5], [1, 3, 4], [1, 2, 4, 5], [1, 2, 5], [1, 2, 4], [1, 3, 5], [1, 3], [1, 3, 4], [1, 2, 5], [1, 2, 4], [1, 2, 3, 5], [1, 2, 3], [1, 2, 4]], 
     {[2, 1, 25], [2, 5, 15], [2, 6, 26], [2, 7, 27], [2, 8, 44], [2, 9, 45], [2, 10, 41], [2, 11, 42], [2, 12, 43], [2, 16, 19], [2, 17, 20], [2, 18, 21], [2, 22, 49], [2, 23, 50], [2, 24, 51], [2, 28, 36], [2, 29, 37], [2, 33, 38], [2, 34, 39], [2, 35, 40], [3, 1, 2], [3, 3, 11], [3, 4, 12], [3, 5, 13], [3, 7, 14], [3, 15, 19], [3, 17, 20], [3, 18, 21], [3, 26, 30], [3, 27, 37], [3, 28, 36], [3, 31, 33], [3, 32, 34], [3, 35, 40], [3, 41, 52], [3, 44, 46], [3, 45, 53], [3, 47, 49], [3, 48, 50], [3, 51, 56], [4, 1, 2], [4, 5, 8], [4, 6, 7], [4, 10, 12], [4, 11, 13], [4, 16, 17], [4, 19, 22], [4, 21, 23], [4, 25, 28], [4, 26, 29], [4, 30, 33], [4, 32, 34], [4, 37, 38], [4, 39, 40], [4, 41, 43], [4, 42, 44], [4, 46, 49], [4, 48, 50], [4, 53, 54], [4, 55, 56], [5, 2, 4], [5, 6, 7], [5, 8, 9], [5, 10, 12], [5, 13, 14], [5, 17, 18], [5, 20, 21], [5, 22, 24], [5, 26, 27], [5, 28, 29], [5, 31, 32], [5, 33, 35], [5, 36, 37], [5, 38, 40], [5, 41, 43], [5, 44, 45], [5, 47, 48], [5, 49, 51], [5, 52, 53], [5, 54, 56]}, 
     [[1, 4, 4, 5, 3, 4, 5, 8, 6, 7, 2, 5], [1, 4, 4, 5, 5, 8, 3, 4, 6, 7, 2, 5], [1, 4, 4, 5, 5, 8, 6, 7, 2, 5, 3, 4], [1, 4, 4, 5, 5, 8, 6, 7, 3, 4, 2, 5], [1, 4, 4, 8, 2, 4, 6, 7, 4, 5, 3, 4], [1, 4, 4, 8, 3, 4, 2, 3, 6, 7, 3, 5], [1, 4, 4, 8, 3, 4, 6, 7, 2, 3, 3, 5], [1, 4, 4, 8, 6, 7, 2, 4, 4, 5, 3, 4], [1, 4, 4, 8, 6, 7, 3, 4, 2, 3, 3, 5], [1, 4, 6, 7, 4, 5, 3, 4, 5, 8, 2, 5], [1, 4, 6, 7, 4, 5, 5, 8, 2, 5, 3, 4], [1, 4, 6, 7, 4, 5, 5, 8, 3, 4, 2, 5], [1, 4, 6, 7, 4, 8, 2, 4, 4, 5, 3, 4], [1, 4, 6, 7, 4, 8, 3, 4, 2, 3, 3, 5], [2, 4, 1, 2, 2, 8, 6, 7, 4, 5, 3, 4], [2, 4, 1, 2, 6, 7, 2, 8, 4, 5, 3, 4], [2, 4, 1, 2, 6, 7, 4, 5, 2, 8, 3, 4], [2, 4, 1, 2, 6, 7, 4, 5, 3, 4, 2, 8], [2, 4, 6, 7, 1, 2, 2, 8, 4, 5, 3, 4], [2, 4, 6, 7, 1, 2, 4, 5, 2, 8, 3, 4], [2, 4, 6, 7, 1, 2, 4, 5, 3, 4, 2, 8], [2, 4, 6, 7, 4, 5, 1, 2, 2, 8, 3, 4], [2, 4, 6, 7, 4, 5, 1, 2, 3, 4, 2, 8], [2, 4, 6, 7, 4, 5, 3, 4, 1, 2, 2, 8], [3, 4, 1, 3, 3, 5, 5, 8, 6, 7, 2, 5], [3, 4, 1, 3, 3, 8, 2, 3, 6, 7, 3, 5], [3, 4, 1, 3, 3, 8, 6, 7, 2, 3, 3, 5], [3, 4, 1, 3, 6, 7, 3, 5, 5, 8, 2, 5], [3, 4, 1, 3, 6, 7, 3, 8, 2, 3, 3, 5], [3, 4, 2, 3, 1, 2, 2, 8, 6, 7, 3, 5], [3, 4, 2, 3, 1, 2, 6, 7, 2, 8, 3, 5], [3, 4, 2, 3, 1, 2, 6, 7, 3, 5, 2, 8], [3, 4, 2, 3, 6, 7, 1, 2, 2, 8, 3, 5], [3, 4, 2, 3, 6, 7, 1, 2, 3, 5, 2, 8], [3, 4, 2, 3, 6, 7, 3, 5, 1, 2, 2, 8], [3, 4, 6, 7, 1, 3, 3, 5, 5, 8, 2, 5], [3, 4, 6, 7, 1, 3, 3, 8, 2, 3, 3, 5], [3, 4, 6, 7, 2, 3, 1, 2, 2, 8, 3, 5], [3, 4, 6, 7, 2, 3, 1, 2, 3, 5, 2, 8], [3, 4, 6, 7, 2, 3, 3, 5, 1, 2, 2, 8], [6, 7, 1, 4, 4, 5, 3, 4, 5, 8, 2, 5], [6, 7, 1, 4, 4, 5, 5, 8, 2, 5, 3, 4], [6, 7, 1, 4, 4, 5, 5, 8, 3, 4, 2, 5], [6, 7, 1, 4, 4, 8, 2, 4, 4, 5, 3, 4], [6, 7, 1, 4, 4, 8, 3, 4, 2, 3, 3, 5], [6, 7, 2, 4, 1, 2, 2, 8, 4, 5, 3, 4], [6, 7, 2, 4, 1, 2, 4, 5, 2, 8, 3, 4], [6, 7, 2, 4, 1, 2, 4, 5, 3, 4, 2, 8], [6, 7, 2, 4, 4, 5, 1, 2, 2, 8, 3, 4], [6, 7, 2, 4, 4, 5, 1, 2, 3, 4, 2, 8], [6, 7, 2, 4, 4, 5, 3, 4, 1, 2, 2, 8], [6, 7, 3, 4, 1, 3, 3, 5, 5, 8, 2, 5], [6, 7, 3, 4, 1, 3, 3, 8, 2, 3, 3, 5], [6, 7, 3, 4, 2, 3, 1, 2, 2, 8, 3, 5], [6, 7, 3, 4, 2, 3, 1, 2, 3, 5, 2, 8], [6, 7, 3, 4, 2, 3, 3, 5, 1, 2, 2, 8]], 
     table([(0)=[{55}, {}, {}],(1)=[{56}, {[4, 55, 56]}, {}],(2)=[{51, 54}, {[3, 51, 56], [5, 54, 56]}, {}],(3)=[{24, 49, 53}, {[2, 24, 51], [4, 53, 54], [5, 49, 51]}, {}],(4)=[{22, 45, 46, 47, 52}, {[2, 22, 49], [3, 45, 53], [3, 47, 49], [4, 46, 49], [5, 22, 24], [5, 52, 53]}, {}],(5)=[{9, 19, 41, 44, 48}, {[2, 9, 45], [3, 41, 52], [3, 44, 46], [4, 19, 22], [5, 44, 45], [5, 47, 48]}, {}],(6)=[{8, 10, 15, 16, 42, 43, 50}, {[2, 8, 44], [2, 10, 41], [2, 16, 19], [3, 15, 19], [3, 48, 50], [4, 41, 43], [4, 42, 44], [4, 48, 50], [5, 8, 9], [5, 41, 43]}, {}],(7)=[{5, 11, 12, 17, 23}, {[2, 5, 15], [2, 11, 42], [2, 12, 43], [2, 23, 50], [4, 5, 8], [4, 10, 12], [4, 16, 17], [5, 10, 12]}, {}],(9)=[{2, 14}, {[5, 2, 4], [5, 13, 14]}, {}],(8)=[{3, 4, 13, 18, 20, 21}, {[2, 17, 20], [3, 3, 11], [3, 4, 12], [3, 5, 13], [3, 17, 20], [4, 11, 13], [4, 21, 23], [5, 17, 18]}, {[2, 18, 21], [3, 18, 21], [5, 20, 21]}],(11)=[{6, 25, 27}, {[2, 1, 25], [2, 7, 27], [4, 6, 7], [5, 6, 7]}, {}],(10)=[{1, 7}, {[3, 1, 2], [3, 7, 14], [4, 1, 2]}, {}],(13)=[{29, 30, 36, 38}, {[2, 28, 36], [2, 29, 37], [3, 26, 30], [3, 28, 36], [4, 26, 29], [4, 37, 38], [5, 28, 29], [5, 36, 37]}, {}],(12)=[{26, 28, 37}, {[2, 6, 26], [3, 27, 37], [4, 25, 28], [5, 26, 27]}, {}],(15)=[{31, 35, 39}, {[2, 35, 40], [3, 31, 33], [3, 35, 40], [4, 39, 40], [5, 33, 35]}, {}],(14)=[{33, 40}, {[2, 33, 38], [4, 30, 33], [5, 38, 40]}, {}],(16)=[{32, 34}, {[2, 34, 39], [5, 31, 32]}, {[3, 32, 34], [4, 32, 34]}]]) ], 

#################################################################
### The symmetric function = s[4, 2] + s[4, 1, 1] + 2 s[3, 2, 1] + s[2, 2, 2]   has 2 graph isomorphism types.

  [ [[1, 4, 5], [1, 3, 5], [1, 3, 4], [2, 4, 5], [3, 4], [3, 5], [2, 3, 5], [2, 4], [2, 5], [2, 4], [2, 3], [1, 3, 5], [1, 3, 4], [1, 4, 5], [1, 5], [1, 4], [1, 4], [1, 3, 5], [1, 3], [1, 2, 4, 5], [1, 2, 5], [1, 2, 4], [1, 3, 5], [1, 3], [1, 3, 4], [2, 4], [2, 5], [2], [2, 3, 5], [2, 3], [2, 4], [3, 5], [4, 5], [4], [3, 5], [3, 4], [2, 4, 5], [2, 5], [2, 4], [3, 5], [3], [3, 4], [2, 5], [2, 4], [2, 3, 5], [2, 3], [2, 4], [1, 5], [1, 4], [1, 3], [1, 2, 4], [1, 2, 5], [1, 2], [1, 3, 5], [1, 3], [1, 4]], 
     {[2, 1, 4], [2, 2, 9], [2, 3, 10], [2, 7, 12], [2, 8, 13], [2, 11, 50], [2, 14, 37], [2, 15, 38], [2, 16, 39], [2, 17, 26], [2, 18, 27], [2, 19, 28], [2, 23, 29], [2, 24, 30], [2, 25, 31], [2, 43, 48], [2, 44, 49], [2, 45, 54], [2, 46, 55], [2, 47, 56], [3, 2, 9], [3, 3, 10], [3, 4, 6], [3, 5, 8], [3, 12, 20], [3, 13, 26], [3, 18, 27], [3, 19, 28], [3, 21, 23], [3, 22, 24], [3, 25, 31], [3, 32, 43], [3, 35, 37], [3, 36, 44], [3, 38, 40], [3, 39, 41], [3, 42, 47], [3, 50, 51], [3, 52, 54], [3, 53, 55], [4, 1, 2], [4, 4, 6], [4, 7, 8], [4, 10, 11], [4, 12, 14], [4, 16, 19], [4, 17, 18], [4, 20, 23], [4, 22, 24], [4, 26, 29], [4, 30, 31], [4, 32, 34], [4, 33, 35], [4, 37, 40], [4, 39, 41], [4, 44, 45], [4, 46, 47], [4, 49, 50], [4, 51, 54], [4, 55, 56], [5, 2, 3], [5, 5, 6], [5, 7, 8], [5, 9, 10], [5, 12, 13], [5, 15, 16], [5, 17, 18], [5, 21, 22], [5, 23, 25], [5, 26, 27], [5, 29, 31], [5, 32, 34], [5, 35, 36], [5, 38, 39], [5, 40, 42], [5, 43, 44], [5, 45, 47], [5, 48, 49], [5, 51, 52], [5, 54, 56]}, 
     [[1, 5, 3, 4, 5, 6, 6, 7, 2, 6, 4, 5], [1, 5, 3, 4, 5, 7, 2, 5, 5, 6, 4, 5], [1, 5, 3, 4, 5, 7, 4, 5, 2, 4, 4, 6], [1, 5, 5, 6, 3, 4, 6, 7, 2, 6, 4, 5], [1, 5, 5, 6, 6, 7, 2, 6, 3, 4, 4, 5], [1, 5, 5, 6, 6, 7, 3, 4, 2, 6, 4, 5], [1, 5, 5, 7, 2, 5, 3, 4, 5, 6, 4, 5], [1, 5, 5, 7, 2, 5, 5, 6, 3, 4, 4, 5], [1, 5, 5, 7, 3, 4, 2, 5, 5, 6, 4, 5], [1, 5, 5, 7, 3, 4, 4, 5, 2, 4, 4, 6], [1, 5, 5, 7, 3, 5, 2, 3, 3, 4, 4, 6], [2, 5, 1, 2, 2, 7, 3, 4, 5, 6, 4, 5], [2, 5, 1, 2, 2, 7, 5, 6, 3, 4, 4, 5], [2, 5, 1, 2, 3, 4, 2, 7, 5, 6, 4, 5], [2, 5, 1, 2, 3, 4, 5, 6, 2, 7, 4, 5], [2, 5, 1, 2, 3, 4, 5, 6, 4, 5, 2, 7], [2, 5, 1, 2, 5, 6, 2, 7, 3, 4, 4, 5], [2, 5, 1, 2, 5, 6, 3, 4, 2, 7, 4, 5], [2, 5, 1, 2, 5, 6, 3, 4, 4, 5, 2, 7], [2, 5, 3, 4, 1, 2, 2, 7, 5, 6, 4, 5], [2, 5, 3, 4, 1, 2, 5, 6, 2, 7, 4, 5], [2, 5, 3, 4, 1, 2, 5, 6, 4, 5, 2, 7], [2, 5, 3, 4, 5, 6, 1, 2, 2, 7, 4, 5], [2, 5, 3, 4, 5, 6, 1, 2, 4, 5, 2, 7], [2, 5, 3, 4, 5, 6, 4, 5, 1, 2, 2, 7], [2, 5, 5, 6, 1, 2, 2, 7, 3, 4, 4, 5], [2, 5, 5, 6, 1, 2, 3, 4, 2, 7, 4, 5], [2, 5, 5, 6, 1, 2, 3, 4, 4, 5, 2, 7], [2, 5, 5, 6, 3, 4, 1, 2, 2, 7, 4, 5], [2, 5, 5, 6, 3, 4, 1, 2, 4, 5, 2, 7], [2, 5, 5, 6, 3, 4, 4, 5, 1, 2, 2, 7], [3, 4, 1, 5, 5, 6, 4, 5, 6, 7, 2, 6], [3, 4, 1, 5, 5, 6, 6, 7, 2, 6, 4, 5], [3, 4, 1, 5, 5, 6, 6, 7, 4, 5, 2, 6], [3, 4, 1, 5, 5, 7, 2, 5, 5, 6, 4, 5], [3, 4, 1, 5, 5, 7, 4, 5, 2, 4, 4, 6], [3, 4, 2, 5, 1, 2, 2, 7, 5, 6, 4, 5], [3, 4, 2, 5, 1, 2, 5, 6, 2, 7, 4, 5], [3, 4, 2, 5, 1, 2, 5, 6, 4, 5, 2, 7], [3, 4, 2, 5, 5, 6, 1, 2, 2, 7, 4, 5], [3, 4, 2, 5, 5, 6, 1, 2, 4, 5, 2, 7], [3, 4, 2, 5, 5, 6, 4, 5, 1, 2, 2, 7], [3, 4, 4, 5, 1, 4, 4, 6, 6, 7, 2, 6], [3, 4, 4, 5, 1, 4, 4, 7, 2, 4, 4, 6], [3, 4, 4, 5, 2, 4, 1, 2, 2, 7, 4, 6], [3, 4, 4, 5, 2, 4, 1, 2, 4, 6, 2, 7], [3, 4, 4, 5, 2, 4, 4, 6, 1, 2, 2, 7], [3, 5, 1, 3, 3, 4, 4, 6, 6, 7, 2, 6], [3, 5, 1, 3, 3, 4, 4, 7, 2, 4, 4, 6], [3, 5, 1, 3, 3, 7, 2, 3, 3, 4, 4, 6], [3, 5, 2, 3, 1, 2, 2, 7, 3, 4, 4, 6], [3, 5, 2, 3, 1, 2, 3, 4, 2, 7, 4, 6], [3, 5, 2, 3, 1, 2, 3, 4, 4, 6, 2, 7], [3, 5, 2, 3, 3, 4, 1, 2, 2, 7, 4, 6], [3, 5, 2, 3, 3, 4, 1, 2, 4, 6, 2, 7], [3, 5, 2, 3, 3, 4, 4, 6, 1, 2, 2, 7]], 
     table([(0)=[{53}, {}, {}],(1)=[{55}, {[3, 53, 55]}, {}],(2)=[{46, 56}, {[2, 46, 55], [4, 55, 56]}, {}],(3)=[{47, 54}, {[2, 47, 56], [4, 46, 47], [5, 54, 56]}, {}],(4)=[{42, 45, 51, 52}, {[2, 45, 54], [3, 42, 47], [3, 52, 54], [4, 51, 54], [5, 45, 47]}, {[5, 51, 52]}],(5)=[{40, 44, 50}, {[3, 50, 51], [4, 44, 45], [5, 40, 42]}, {}],(6)=[{11, 36, 37, 38, 43, 49}, {[2, 11, 50], [2, 44, 49], [3, 36, 44], [3, 38, 40], [4, 37, 40], [4, 49, 50], [5, 43, 44]}, {}],(7)=[{10, 14, 15, 32, 35, 39, 48}, {[2, 14, 37], [2, 15, 38], [2, 43, 48], [3, 32, 43], [3, 35, 37], [4, 10, 11], [5, 35, 36], [5, 38, 39], [5, 48, 49]}, {}],(9)=[{2, 7, 13, 19, 20}, {[2, 2, 9], [2, 7, 12], [3, 2, 9], [3, 12, 20], [4, 16, 19], [5, 2, 3], [5, 12, 13]}, {}],(8)=[{3, 9, 12, 16, 33, 34, 41}, {[2, 3, 10], [2, 16, 39], [3, 3, 10], [3, 39, 41], [4, 12, 14], [4, 32, 34], [4, 33, 35], [4, 39, 41], [5, 9, 10], [5, 15, 16], [5, 32, 34]}, {}],(11)=[{4, 5, 17, 21, 25, 27, 29}, {[2, 1, 4], [2, 17, 26], [2, 23, 29], [3, 5, 8], [3, 21, 23], [4, 26, 29], [5, 23, 25], [5, 26, 27]}, {}],(10)=[{1, 8, 23, 26, 28}, {[2, 8, 13], [2, 19, 28], [3, 13, 26], [3, 19, 28], [4, 1, 2], [4, 7, 8], [4, 20, 23], [5, 7, 8]}, {}],(13)=[{24, 30}, {[3, 22, 24], [4, 22, 24], [4, 30, 31]}, {[2, 24, 30]}],(12)=[{6, 18, 22, 31}, {[2, 18, 27], [2, 25, 31], [3, 4, 6], [3, 18, 27], [3, 25, 31], [4, 4, 6], [4, 17, 18], [5, 5, 6], [5, 17, 18], [5, 21, 22], [5, 29, 31]}, {}]]) ], 

  [ [[1, 4, 5], [1, 3, 5], [1, 3, 4], [1, 2, 5], [1, 2, 4, 5], [1, 2, 4], [1, 3, 5], [1, 4], [1, 3, 5], [1, 3], [1, 3, 4], [2, 5], [2, 4], [2, 3, 5], [2, 3], [2, 4], [2, 4, 5], [3, 5], [3, 4], [4, 5], [3, 5], [3, 4], [2, 5], [2, 4], [2, 3, 5], [2, 3], [2, 4], [1, 5], [1, 4], [1, 3, 5], [1, 3], [1, 4], [1, 2, 5], [1, 2], [1, 2, 4], [1, 3], [2, 4, 5], [2, 3, 5], [2, 4], [3, 5], [3, 4], [1, 4, 5], [1, 3, 5], [1, 3], [1, 3, 4], [1, 5], [1, 4], [2, 5], [2], [2, 4], [2, 3], [3, 5], [4], [2, 5], [2, 4], [3]], 
     {[2, 1, 17], [2, 2, 12], [2, 3, 13], [2, 7, 38], [2, 8, 39], [2, 9, 14], [2, 10, 15], [2, 11, 16], [2, 23, 28], [2, 24, 29], [2, 25, 43], [2, 26, 44], [2, 27, 45], [2, 30, 48], [2, 31, 49], [2, 32, 50], [2, 36, 51], [2, 37, 42], [2, 46, 54], [2, 47, 55], [3, 2, 12], [3, 3, 13], [3, 4, 7], [3, 5, 9], [3, 6, 10], [3, 11, 16], [3, 17, 18], [3, 19, 24], [3, 21, 23], [3, 22, 27], [3, 30, 33], [3, 31, 34], [3, 35, 36], [3, 37, 40], [3, 39, 41], [3, 43, 48], [3, 44, 49], [3, 45, 55], [3, 50, 56], [3, 52, 54], [4, 1, 2], [4, 5, 9], [4, 6, 10], [4, 7, 8], [4, 13, 14], [4, 15, 16], [4, 17, 18], [4, 20, 21], [4, 24, 25], [4, 26, 27], [4, 29, 30], [4, 31, 32], [4, 35, 36], [4, 37, 40], [4, 38, 39], [4, 42, 43], [4, 44, 47], [4, 50, 51], [4, 52, 53], [4, 55, 56], [5, 2, 3], [5, 4, 6], [5, 7, 8], [5, 9, 11], [5, 12, 13], [5, 14, 16], [5, 18, 19], [5, 21, 22], [5, 23, 24], [5, 25, 27], [5, 28, 29], [5, 30, 32], [5, 33, 35], [5, 38, 39], [5, 40, 41], [5, 43, 45], [5, 46, 47], [5, 48, 50], [5, 52, 53], [5, 54, 55]}, 
     [[1, 6, 2, 4, 4, 5, 6, 7, 5, 6, 3, 5], [1, 6, 2, 4, 6, 7, 4, 5, 5, 6, 3, 5], [1, 6, 2, 4, 6, 7, 4, 6, 3, 4, 4, 5], [1, 6, 3, 4, 2, 3, 4, 5, 6, 7, 3, 6], [1, 6, 3, 4, 2, 3, 6, 7, 3, 6, 4, 5], [1, 6, 3, 4, 2, 3, 6, 7, 4, 5, 3, 6], [1, 6, 3, 4, 4, 5, 2, 3, 6, 7, 3, 6], [1, 6, 3, 4, 4, 5, 6, 7, 2, 3, 3, 6], [1, 6, 3, 4, 6, 7, 2, 3, 3, 6, 4, 5], [1, 6, 3, 4, 6, 7, 2, 3, 4, 5, 3, 6], [1, 6, 3, 4, 6, 7, 4, 5, 2, 3, 3, 6], [1, 6, 6, 7, 2, 4, 4, 5, 5, 6, 3, 5], [1, 6, 6, 7, 2, 4, 4, 6, 3, 4, 4, 5], [1, 6, 6, 7, 3, 4, 2, 3, 3, 6, 4, 5], [1, 6, 6, 7, 3, 4, 2, 3, 4, 5, 3, 6], [1, 6, 6, 7, 3, 4, 4, 5, 2, 3, 3, 6], [2, 4, 1, 6, 4, 5, 6, 7, 5, 6, 3, 5], [2, 4, 1, 6, 6, 7, 4, 5, 5, 6, 3, 5], [2, 4, 1, 6, 6, 7, 4, 6, 3, 4, 4, 5], [2, 4, 4, 5, 1, 6, 6, 7, 5, 6, 3, 5], [2, 4, 4, 5, 5, 6, 1, 5, 5, 7, 3, 5], [2, 4, 4, 5, 5, 6, 3, 5, 1, 3, 3, 7], [2, 4, 4, 6, 1, 4, 4, 5, 5, 7, 3, 5], [2, 4, 4, 6, 1, 4, 4, 7, 3, 4, 4, 5], [2, 4, 4, 6, 3, 4, 1, 3, 3, 7, 4, 5], [2, 4, 4, 6, 3, 4, 1, 3, 4, 5, 3, 7], [2, 4, 4, 6, 3, 4, 4, 5, 1, 3, 3, 7], [2, 6, 1, 2, 2, 4, 4, 5, 5, 7, 3, 5], [2, 6, 1, 2, 2, 4, 4, 7, 3, 4, 4, 5], [2, 6, 1, 2, 3, 4, 2, 3, 3, 7, 4, 5], [2, 6, 1, 2, 3, 4, 2, 3, 4, 5, 3, 7], [2, 6, 1, 2, 3, 4, 4, 5, 2, 3, 3, 7], [2, 6, 3, 4, 1, 2, 2, 3, 3, 7, 4, 5], [2, 6, 3, 4, 1, 2, 2, 3, 4, 5, 3, 7], [2, 6, 3, 4, 1, 2, 4, 5, 2, 3, 3, 7], [2, 6, 3, 4, 4, 5, 1, 2, 2, 3, 3, 7], [3, 4, 1, 6, 2, 3, 6, 7, 3, 6, 4, 5], [3, 4, 1, 6, 4, 5, 2, 3, 6, 7, 3, 6], [3, 4, 1, 6, 4, 5, 6, 7, 2, 3, 3, 6], [3, 4, 1, 6, 6, 7, 2, 3, 3, 6, 4, 5], [3, 4, 1, 6, 6, 7, 4, 5, 2, 3, 3, 6], [3, 4, 2, 3, 1, 6, 6, 7, 3, 6, 4, 5], [3, 4, 2, 3, 3, 6, 1, 3, 3, 7, 4, 5], [3, 4, 2, 3, 3, 6, 1, 3, 4, 5, 3, 7], [3, 4, 2, 3, 3, 6, 4, 5, 1, 3, 3, 7], [3, 4, 2, 3, 4, 5, 1, 6, 6, 7, 3, 6], [3, 4, 2, 3, 4, 5, 3, 6, 1, 3, 3, 7], [3, 4, 2, 6, 1, 2, 2, 3, 3, 7, 4, 5], [3, 4, 2, 6, 1, 2, 2, 3, 4, 5, 3, 7], [3, 4, 2, 6, 1, 2, 4, 5, 2, 3, 3, 7], [3, 4, 2, 6, 4, 5, 1, 2, 2, 3, 3, 7], [3, 4, 4, 5, 1, 6, 2, 3, 6, 7, 3, 6], [3, 4, 4, 5, 1, 6, 6, 7, 2, 3, 3, 6], [3, 4, 4, 5, 2, 3, 1, 6, 6, 7, 3, 6], [3, 4, 4, 5, 2, 3, 3, 6, 1, 3, 3, 7], [3, 4, 4, 5, 2, 6, 1, 2, 2, 3, 3, 7]], 
     table([(0)=[{34}, {}, {}],(1)=[{31}, {[3, 31, 34]}, {}],(2)=[{32, 49}, {[2, 31, 49], [4, 31, 32]}, {}],(3)=[{30, 44, 50}, {[2, 32, 50], [3, 44, 49], [5, 30, 32]}, {}],(4)=[{26, 29, 33, 47, 48, 51, 56}, {[2, 26, 44], [2, 30, 48], [3, 30, 33], [3, 50, 56], [4, 29, 30], [4, 44, 47], [4, 50, 51], [5, 48, 50]}, {}],(5)=[{24, 27, 28, 35, 36, 43, 46, 55}, {[2, 24, 29], [2, 36, 51], [2, 47, 55], [3, 43, 48], [4, 26, 27], [4, 55, 56], [5, 28, 29], [5, 33, 35], [5, 46, 47]}, {[3, 35, 36], [4, 35, 36]}],(6)=[{19, 22, 23, 25, 42, 45, 54}, {[2, 23, 28], [2, 25, 43], [2, 27, 45], [2, 46, 54], [3, 19, 24], [3, 22, 27], [3, 45, 55], [4, 24, 25], [4, 42, 43], [5, 23, 24], [5, 25, 27], [5, 43, 45], [5, 54, 55]}, {}],(7)=[{18, 21, 37, 52}, {[2, 37, 42], [3, 21, 23], [3, 52, 54], [5, 18, 19], [5, 21, 22]}, {}],(9)=[{1, 41}, {[2, 1, 17], [5, 40, 41]}, {}],(8)=[{17, 20, 40, 53}, {[3, 17, 18], [3, 37, 40], [4, 17, 18], [4, 20, 21], [4, 37, 40], [4, 52, 53], [5, 52, 53]}, {}],(11)=[{3, 8, 12, 38}, {[2, 2, 12], [2, 8, 39], [3, 2, 12], [4, 38, 39], [5, 2, 3], [5, 38, 39]}, {}],(10)=[{2, 39}, {[3, 39, 41], [4, 1, 2]}, {}],(13)=[{4, 14}, {[3, 4, 7], [4, 13, 14]}, {}],(12)=[{7, 13}, {[2, 3, 13], [2, 7, 38], [3, 3, 13], [4, 7, 8], [5, 7, 8], [5, 12, 13]}, {}],(15)=[{5, 10, 11, 15}, {[2, 11, 16], [3, 5, 9], [3, 6, 10], [3, 11, 16], [4, 5, 9], [4, 6, 10], [4, 15, 16], [5, 9, 11]}, {[2, 10, 15]}],(14)=[{6, 9, 16}, {[2, 9, 14], [5, 4, 6], [5, 14, 16]}, {}]]) ], 

#################################################################
### The symmetric function = s[3, 3] + 2 s[3, 2, 1] + s[3, 1, 1, 1] + s[2, 2, 1, 1]   has 2 graph isomorphism types.

  [ [[1, 3, 4, 5], [2, 4, 5], [2, 3, 5], [2, 3, 4], [1, 3, 5], [1, 4, 5], [1, 4], [1, 3, 5], [1, 3, 4], [1, 2, 5], [1, 2, 4, 5], [1, 2, 4], [1, 2, 3, 5], [1, 2, 4], [1, 3, 5], [1, 3], [1, 3, 4], [1, 2, 5], [1, 2, 4], [1, 2, 3], [2, 4, 5], [3, 5], [3, 4, 5], [3, 4], [2, 5], [2, 4, 5], [2, 4], [2, 3, 5], [2, 4], [2, 3, 5], [2, 3], [2, 3, 4], [1, 4, 5], [1, 3, 5], [1, 3, 4], [1, 3, 5], [1, 4], [2, 3, 5], [2, 4, 5], [2, 4], [3, 5], [3], [3, 4], [2, 5], [2, 4], [1, 3, 5], [1, 4, 5], [1, 4], [1, 3, 5], [1, 3, 4], [2, 5], [2, 4], [2, 3], [1, 2, 5], [1, 2, 4], [1, 3]], 
     {[2, 1, 2], [2, 3, 49], [2, 4, 50], [2, 5, 25], [2, 6, 26], [2, 7, 27], [2, 8, 51], [2, 9, 52], [2, 15, 30], [2, 16, 31], [2, 17, 32], [2, 21, 33], [2, 28, 34], [2, 29, 35], [2, 36, 44], [2, 37, 45], [2, 38, 46], [2, 39, 47], [2, 40, 48], [2, 53, 56], [3, 1, 2], [3, 5, 10], [3, 8, 18], [3, 9, 19], [3, 11, 15], [3, 12, 16], [3, 14, 17], [3, 21, 22], [3, 23, 39], [3, 24, 40], [3, 25, 34], [3, 26, 41], [3, 27, 42], [3, 29, 35], [3, 36, 44], [3, 43, 45], [3, 46, 54], [3, 49, 51], [3, 50, 55], [3, 52, 56], [4, 2, 3], [4, 5, 7], [4, 6, 8], [4, 11, 15], [4, 12, 16], [4, 13, 14], [4, 19, 20], [4, 21, 22], [4, 26, 30], [4, 27, 31], [4, 28, 29], [4, 33, 36], [4, 34, 37], [4, 38, 40], [4, 39, 41], [4, 42, 45], [4, 46, 48], [4, 47, 49], [4, 52, 53], [4, 55, 56], [5, 3, 4], [5, 5, 7], [5, 8, 9], [5, 10, 12], [5, 13, 14], [5, 15, 17], [5, 18, 19], [5, 22, 24], [5, 25, 27], [5, 28, 29], [5, 30, 32], [5, 34, 35], [5, 36, 37], [5, 38, 40], [5, 41, 43], [5, 44, 45], [5, 46, 48], [5, 49, 50], [5, 51, 52], [5, 54, 55]}, 
     [[2, 6, 4, 5, 6, 7, 5, 6, 1, 5, 3, 4], [2, 6, 6, 7, 4, 5, 5, 6, 1, 5, 3, 4], [2, 6, 6, 7, 4, 6, 1, 4, 4, 5, 3, 4], [2, 6, 6, 7, 4, 6, 3, 4, 1, 3, 3, 5], [2, 7, 1, 2, 4, 5, 3, 4, 5, 6, 2, 5], [2, 7, 1, 2, 4, 5, 5, 6, 2, 5, 3, 4], [2, 7, 1, 2, 4, 5, 5, 6, 3, 4, 2, 5], [2, 7, 1, 2, 4, 6, 2, 4, 4, 5, 3, 4], [2, 7, 1, 2, 4, 6, 3, 4, 2, 3, 3, 5], [2, 7, 4, 5, 1, 2, 3, 4, 5, 6, 2, 5], [2, 7, 4, 5, 1, 2, 5, 6, 2, 5, 3, 4], [2, 7, 4, 5, 1, 2, 5, 6, 3, 4, 2, 5], [2, 7, 4, 5, 3, 4, 1, 2, 5, 6, 2, 5], [2, 7, 4, 5, 3, 4, 5, 6, 1, 2, 2, 5], [2, 7, 4, 5, 5, 6, 1, 2, 2, 5, 3, 4], [2, 7, 4, 5, 5, 6, 1, 2, 3, 4, 2, 5], [2, 7, 4, 5, 5, 6, 3, 4, 1, 2, 2, 5], [2, 7, 4, 6, 1, 2, 2, 4, 4, 5, 3, 4], [2, 7, 4, 6, 1, 2, 3, 4, 2, 3, 3, 5], [2, 7, 4, 6, 3, 4, 1, 2, 2, 3, 3, 5], [4, 5, 2, 6, 3, 4, 6, 7, 5, 6, 1, 5], [4, 5, 2, 6, 6, 7, 3, 4, 5, 6, 1, 5], [4, 5, 2, 6, 6, 7, 5, 6, 1, 5, 3, 4], [4, 5, 2, 6, 6, 7, 5, 6, 3, 4, 1, 5], [4, 5, 2, 7, 1, 2, 3, 4, 5, 6, 2, 5], [4, 5, 2, 7, 1, 2, 5, 6, 2, 5, 3, 4], [4, 5, 2, 7, 1, 2, 5, 6, 3, 4, 2, 5], [4, 5, 2, 7, 3, 4, 1, 2, 5, 6, 2, 5], [4, 5, 2, 7, 3, 4, 5, 6, 1, 2, 2, 5], [4, 5, 2, 7, 5, 6, 1, 2, 2, 5, 3, 4], [4, 5, 2, 7, 5, 6, 1, 2, 3, 4, 2, 5], [4, 5, 2, 7, 5, 6, 3, 4, 1, 2, 2, 5], [4, 5, 3, 4, 2, 6, 6, 7, 5, 6, 1, 5], [4, 5, 3, 4, 2, 7, 1, 2, 5, 6, 2, 5], [4, 5, 3, 4, 2, 7, 5, 6, 1, 2, 2, 5], [4, 5, 3, 4, 5, 6, 2, 5, 5, 7, 1, 5], [4, 5, 3, 4, 5, 6, 2, 7, 1, 2, 2, 5], [4, 5, 5, 6, 2, 5, 3, 4, 5, 7, 1, 5], [4, 5, 5, 6, 2, 5, 5, 7, 1, 5, 3, 4], [4, 5, 5, 6, 2, 5, 5, 7, 3, 4, 1, 5], [4, 5, 5, 6, 2, 7, 1, 2, 2, 5, 3, 4], [4, 5, 5, 6, 2, 7, 1, 2, 3, 4, 2, 5], [4, 5, 5, 6, 2, 7, 3, 4, 1, 2, 2, 5], [4, 5, 5, 6, 3, 4, 2, 5, 5, 7, 1, 5], [4, 5, 5, 6, 3, 4, 2, 7, 1, 2, 2, 5], [4, 6, 2, 4, 4, 5, 3, 4, 5, 7, 1, 5], [4, 6, 2, 4, 4, 5, 5, 7, 1, 5, 3, 4], [4, 6, 2, 4, 4, 5, 5, 7, 3, 4, 1, 5], [4, 6, 2, 4, 4, 7, 1, 4, 4, 5, 3, 4], [4, 6, 2, 4, 4, 7, 3, 4, 1, 3, 3, 5], [4, 6, 2, 7, 1, 2, 2, 4, 4, 5, 3, 4], [4, 6, 2, 7, 1, 2, 3, 4, 2, 3, 3, 5], [4, 6, 2, 7, 3, 4, 1, 2, 2, 3, 3, 5], [4, 6, 3, 4, 2, 3, 3, 5, 5, 7, 1, 5], [4, 6, 3, 4, 2, 3, 3, 7, 1, 3, 3, 5], [4, 6, 3, 4, 2, 7, 1, 2, 2, 3, 3, 5]], 
     table([(0)=[{20}, {}, {}],(1)=[{19}, {[4, 19, 20]}, {}],(2)=[{9, 18}, {[3, 9, 19], [5, 18, 19]}, {}],(3)=[{8, 52}, {[2, 9, 52], [3, 8, 18], [5, 8, 9]}, {}],(4)=[{6, 51, 53, 56}, {[2, 8, 51], [3, 52, 56], [4, 6, 8], [4, 52, 53], [5, 51, 52]}, {[2, 53, 56]}],(5)=[{26, 49, 55}, {[2, 6, 26], [3, 49, 51], [4, 55, 56]}, {}],(6)=[{3, 30, 41, 47, 50, 54}, {[2, 3, 49], [3, 26, 41], [3, 50, 55], [4, 26, 30], [4, 47, 49], [5, 49, 50], [5, 54, 55]}, {}],(7)=[{2, 4, 15, 32, 39, 43, 46}, {[2, 4, 50], [2, 15, 30], [2, 39, 47], [3, 46, 54], [4, 2, 3], [4, 39, 41], [5, 3, 4], [5, 30, 32], [5, 41, 43]}, {}],(9)=[{14, 37, 40, 42, 44}, {[2, 37, 45], [2, 40, 48], [3, 14, 17], [4, 38, 40], [4, 42, 45], [5, 38, 40], [5, 44, 45]}, {}],(8)=[{1, 11, 17, 23, 38, 45, 48}, {[2, 1, 2], [2, 17, 32], [2, 38, 46], [3, 1, 2], [3, 11, 15], [3, 23, 39], [3, 43, 45], [4, 11, 15], [4, 46, 48], [5, 15, 17], [5, 46, 48]}, {}],(11)=[{7, 22, 25, 28, 31, 33, 35}, {[2, 7, 27], [2, 28, 34], [3, 25, 34], [4, 27, 31], [4, 33, 36], [5, 22, 24], [5, 25, 27], [5, 34, 35]}, {}],(10)=[{13, 24, 27, 34, 36}, {[2, 36, 44], [3, 24, 40], [3, 27, 42], [3, 36, 44], [4, 13, 14], [4, 34, 37], [5, 13, 14], [5, 36, 37]}, {}],(13)=[{10, 12}, {[3, 5, 10], [3, 12, 16], [4, 12, 16]}, {[5, 10, 12]}],(12)=[{5, 16, 21, 29}, {[2, 5, 25], [2, 16, 31], [2, 21, 33], [2, 29, 35], [3, 21, 22], [3, 29, 35], [4, 5, 7], [4, 21, 22], [4, 28, 29], [5, 5, 7], [5, 28, 29]}, {}]]) ], 

  [ [[2, 3, 5], [2, 4, 5], [2, 4], [3, 4, 5], [3, 5], [3, 4], [2, 4, 5], [2, 3, 5], [2, 3, 4], [1, 3, 5], [1, 4, 5], [1, 4], [1, 3, 4, 5], [1, 3, 5], [1, 3, 4], [1, 2, 5], [1, 2, 4], [1, 3], [2, 3, 5], [2, 3, 4], [2, 4, 5], [2, 5], [2, 4], [2, 3], [1, 4, 5], [1, 3, 5], [1, 3, 4], [1, 3, 5], [1, 4], [1, 2, 4, 5], [1, 2, 5], [1, 2, 4], [1, 3, 5], [1, 3], [1, 3, 4], [1, 2, 5], [1, 2, 4], [1, 2, 3, 5], [1, 2, 3], [1, 2, 4], [1, 3, 5], [1, 4, 5], [1, 4], [1, 3, 5], [1, 3, 4], [2, 5], [2, 4, 5], [2, 4], [3, 4], [3, 5], [3], [2, 5], [2, 4], [2, 3, 5], [2, 3], [2, 4]], 
     {[2, 1, 41], [2, 2, 42], [2, 3, 43], [2, 7, 25], [2, 8, 44], [2, 9, 45], [2, 10, 46], [2, 11, 47], [2, 12, 48], [2, 13, 21], [2, 14, 22], [2, 15, 23], [2, 18, 24], [2, 19, 26], [2, 20, 27], [2, 28, 52], [2, 29, 53], [2, 33, 54], [2, 34, 55], [2, 35, 56], [3, 2, 5], [3, 3, 6], [3, 4, 7], [3, 10, 16], [3, 13, 21], [3, 14, 22], [3, 15, 23], [3, 17, 18], [3, 26, 30], [3, 27, 37], [3, 28, 36], [3, 31, 33], [3, 32, 34], [3, 35, 40], [3, 41, 46], [3, 44, 52], [3, 45, 56], [3, 47, 50], [3, 48, 51], [3, 49, 53], [4, 1, 3], [4, 2, 5], [4, 7, 8], [4, 10, 12], [4, 11, 14], [4, 17, 18], [4, 19, 21], [4, 23, 24], [4, 25, 28], [4, 26, 29], [4, 30, 33], [4, 32, 34], [4, 37, 38], [4, 39, 40], [4, 41, 43], [4, 42, 44], [4, 47, 50], [4, 48, 51], [4, 53, 54], [4, 55, 56], [5, 1, 3], [5, 5, 6], [5, 8, 9], [5, 10, 12], [5, 14, 15], [5, 16, 17], [5, 19, 20], [5, 22, 23], [5, 26, 27], [5, 28, 29], [5, 31, 32], [5, 33, 35], [5, 36, 37], [5, 38, 40], [5, 41, 43], [5, 44, 45], [5, 46, 48], [5, 49, 50], [5, 52, 53], [5, 54, 56]}, 
     [[3, 4, 4, 7, 5, 6, 2, 4, 7, 8, 1, 7], [3, 4, 4, 7, 5, 6, 7, 8, 1, 7, 2, 4], [3, 4, 4, 7, 5, 6, 7, 8, 2, 4, 1, 7], [3, 4, 4, 7, 7, 8, 1, 7, 5, 6, 2, 4], [3, 4, 4, 7, 7, 8, 5, 6, 1, 7, 2, 4], [3, 4, 4, 7, 7, 8, 5, 6, 2, 4, 1, 7], [3, 4, 4, 8, 1, 4, 4, 7, 5, 6, 2, 4], [3, 4, 4, 8, 5, 6, 1, 4, 4, 7, 2, 4], [3, 4, 4, 8, 5, 6, 2, 4, 1, 2, 2, 7], [3, 7, 2, 3, 5, 6, 3, 4, 7, 8, 1, 7], [3, 7, 2, 3, 5, 6, 7, 8, 1, 7, 3, 4], [3, 7, 2, 3, 5, 6, 7, 8, 3, 4, 1, 7], [3, 7, 2, 3, 7, 8, 1, 7, 5, 6, 3, 4], [3, 7, 2, 3, 7, 8, 5, 6, 1, 7, 3, 4], [3, 7, 2, 3, 7, 8, 5, 6, 3, 4, 1, 7], [3, 7, 5, 6, 2, 3, 3, 4, 7, 8, 1, 7], [3, 7, 5, 6, 2, 3, 7, 8, 3, 4, 1, 7], [3, 7, 5, 6, 7, 8, 2, 3, 3, 4, 1, 7], [3, 7, 7, 8, 1, 7, 2, 3, 5, 6, 3, 4], [3, 7, 7, 8, 1, 7, 5, 6, 2, 3, 3, 4], [3, 7, 7, 8, 2, 3, 1, 7, 5, 6, 3, 4], [3, 7, 7, 8, 2, 3, 5, 6, 1, 7, 3, 4], [3, 7, 7, 8, 2, 3, 5, 6, 3, 4, 1, 7], [3, 7, 7, 8, 5, 6, 2, 3, 3, 4, 1, 7], [3, 8, 1, 3, 3, 4, 4, 7, 5, 6, 2, 4], [3, 8, 1, 3, 3, 7, 2, 3, 5, 6, 3, 4], [3, 8, 1, 3, 3, 7, 5, 6, 2, 3, 3, 4], [3, 8, 1, 3, 5, 6, 3, 4, 4, 7, 2, 4], [3, 8, 1, 3, 5, 6, 3, 7, 2, 3, 3, 4], [3, 8, 2, 3, 1, 2, 2, 7, 5, 6, 3, 4], [3, 8, 2, 3, 1, 2, 5, 6, 2, 7, 3, 4], [3, 8, 2, 3, 1, 2, 5, 6, 3, 4, 2, 7], [3, 8, 2, 3, 5, 6, 1, 2, 2, 7, 3, 4], [3, 8, 2, 3, 5, 6, 1, 2, 3, 4, 2, 7], [3, 8, 2, 3, 5, 6, 3, 4, 1, 2, 2, 7], [3, 8, 5, 6, 1, 3, 3, 4, 4, 7, 2, 4], [3, 8, 5, 6, 1, 3, 3, 7, 2, 3, 3, 4], [3, 8, 5, 6, 2, 3, 1, 2, 2, 7, 3, 4], [3, 8, 5, 6, 2, 3, 1, 2, 3, 4, 2, 7], [3, 8, 5, 6, 2, 3, 3, 4, 1, 2, 2, 7], [5, 6, 3, 4, 4, 7, 2, 4, 7, 8, 1, 7], [5, 6, 3, 4, 4, 7, 7, 8, 1, 7, 2, 4], [5, 6, 3, 4, 4, 7, 7, 8, 2, 4, 1, 7], [5, 6, 3, 4, 4, 8, 1, 4, 4, 7, 2, 4], [5, 6, 3, 4, 4, 8, 2, 4, 1, 2, 2, 7], [5, 6, 3, 7, 2, 3, 3, 4, 7, 8, 1, 7], [5, 6, 3, 7, 2, 3, 7, 8, 1, 7, 3, 4], [5, 6, 3, 7, 2, 3, 7, 8, 3, 4, 1, 7], [5, 6, 3, 7, 7, 8, 1, 7, 2, 3, 3, 4], [5, 6, 3, 7, 7, 8, 2, 3, 1, 7, 3, 4], [5, 6, 3, 7, 7, 8, 2, 3, 3, 4, 1, 7], [5, 6, 3, 8, 1, 3, 3, 4, 4, 7, 2, 4], [5, 6, 3, 8, 1, 3, 3, 7, 2, 3, 3, 4], [5, 6, 3, 8, 2, 3, 1, 2, 2, 7, 3, 4], [5, 6, 3, 8, 2, 3, 1, 2, 3, 4, 2, 7], [5, 6, 3, 8, 2, 3, 3, 4, 1, 2, 2, 7]], 
     table([(0)=[{39}, {}, {}],(1)=[{40}, {[4, 39, 40]}, {}],(2)=[{35, 38}, {[3, 35, 40], [5, 38, 40]}, {}],(3)=[{33, 37, 56}, {[2, 35, 56], [4, 37, 38], [5, 33, 35]}, {}],(4)=[{27, 30, 31, 36, 45, 54, 55}, {[2, 33, 54], [3, 27, 37], [3, 31, 33], [3, 45, 56], [4, 30, 33], [4, 55, 56], [5, 36, 37], [5, 54, 56]}, {}],(5)=[{9, 20, 26, 28, 32, 34, 44, 53}, {[2, 9, 45], [2, 20, 27], [2, 34, 55], [3, 26, 30], [3, 28, 36], [4, 53, 54], [5, 26, 27], [5, 31, 32], [5, 44, 45]}, {[3, 32, 34], [4, 32, 34]}],(6)=[{8, 19, 25, 29, 42, 49, 52}, {[2, 8, 44], [2, 19, 26], [2, 28, 52], [2, 29, 53], [3, 44, 52], [3, 49, 53], [4, 25, 28], [4, 26, 29], [4, 42, 44], [5, 8, 9], [5, 19, 20], [5, 28, 29], [5, 52, 53]}, {}],(7)=[{2, 7, 21, 50}, {[2, 2, 42], [2, 7, 25], [4, 7, 8], [4, 19, 21], [5, 49, 50]}, {}],(9)=[{6, 11}, {[2, 11, 47], [5, 5, 6]}, {}],(8)=[{4, 5, 13, 47}, {[2, 13, 21], [3, 2, 5], [3, 4, 7], [3, 13, 21], [3, 47, 50], [4, 2, 5], [4, 47, 50]}, {}],(11)=[{1, 15, 22, 43}, {[2, 3, 43], [2, 14, 22], [3, 14, 22], [4, 1, 3], [5, 1, 3], [5, 14, 15]}, {}],(10)=[{3, 14}, {[3, 3, 6], [4, 11, 14]}, {}],(13)=[{24, 46}, {[3, 41, 46], [4, 23, 24]}, {}],(12)=[{23, 41}, {[2, 1, 41], [2, 15, 23], [3, 15, 23], [4, 41, 43], [5, 22, 23], [5, 41, 43]}, {}],(15)=[{12, 16, 17, 51}, {[2, 12, 48], [3, 10, 16], [3, 17, 18], [3, 48, 51], [4, 10, 12], [4, 17, 18], [4, 48, 51], [5, 10, 12]}, {[5, 16, 17]}],(14)=[{10, 18, 48}, {[2, 10, 46], [2, 18, 24], [5, 46, 48]}, {}]]) ], 

 NULL]:
