Isomorphism_Classes[6,61]:=[

#################################################################
### The symmetric function = s[4, 2] + s[4, 1, 1] + s[3, 3] + 2 s[3, 2, 1] + s[2, 2, 2]   has 4 graph isomorphism types.

  [ [[2, 5], [2, 4], [2, 3, 5], [2, 3], [2, 4], [3, 5], [3, 4], [4, 5], [3, 5], [3], [3, 4], [2, 4, 5], [2, 4], [2, 5], [4], [3, 5], [1, 3, 5], [1, 3, 4], [1, 4, 5], [1, 5], [1, 4], [1, 4], [1, 3, 5], [1, 3], [2, 4, 5], [2, 5], [2, 4], [3, 5], [3], [3, 4], [2, 4], [2, 5], [2], [2, 3, 5], [2, 3], [2, 4], [1, 3, 5], [1, 3], [1, 3, 4], [1, 4, 5], [1, 4], [1, 5], [1, 4], [1, 3, 5], [1, 2, 4, 5], [1, 2, 4], [1, 2, 5], [1, 2, 4], [1, 2, 5], [1, 2], [1, 3, 5], [1, 3], [1, 3, 4], [1, 3, 5], [1, 3], [1, 4], [2, 4], [2, 5], [2, 3, 5], [2, 3], [2, 4]], 
     {[2, 1, 17], [2, 2, 18], [2, 3, 37], [2, 4, 38], [2, 5, 39], [2, 12, 40], [2, 13, 41], [2, 14, 42], [2, 19, 25], [2, 20, 26], [2, 21, 27], [2, 22, 31], [2, 23, 32], [2, 24, 33], [2, 34, 51], [2, 35, 52], [2, 36, 53], [2, 43, 57], [2, 44, 58], [2, 54, 59], [2, 55, 60], [2, 56, 61], [3, 1, 6], [3, 2, 7], [3, 5, 11], [3, 9, 12], [3, 10, 13], [3, 14, 16], [3, 17, 25], [3, 18, 31], [3, 23, 32], [3, 24, 33], [3, 26, 28], [3, 27, 29], [3, 30, 36], [3, 37, 45], [3, 38, 46], [3, 39, 57], [3, 44, 58], [3, 47, 51], [3, 48, 52], [3, 49, 54], [3, 50, 55], [3, 53, 61], [4, 2, 3], [4, 4, 5], [4, 6, 8], [4, 9, 12], [4, 10, 13], [4, 15, 16], [4, 17, 19], [4, 21, 24], [4, 22, 23], [4, 25, 28], [4, 27, 29], [4, 31, 34], [4, 35, 36], [4, 37, 40], [4, 38, 41], [4, 43, 44], [4, 45, 51], [4, 46, 54], [4, 48, 52], [4, 55, 56], [4, 57, 59], [4, 60, 61], [5, 1, 2], [5, 3, 5], [5, 6, 7], [5, 9, 11], [5, 13, 14], [5, 15, 16], [5, 17, 18], [5, 20, 21], [5, 22, 23], [5, 26, 27], [5, 28, 30], [5, 31, 32], [5, 34, 36], [5, 37, 39], [5, 41, 42], [5, 43, 44], [5, 46, 49], [5, 47, 48], [5, 51, 53], [5, 54, 56], [5, 57, 58], [5, 59, 61]}, 
     [[1, 2, 2, 8, 3, 5, 5, 6, 6, 7, 4, 6], [1, 2, 2, 8, 3, 5, 5, 7, 4, 5, 5, 6], [1, 2, 2, 8, 4, 5, 3, 4, 4, 7, 5, 6], [1, 2, 2, 8, 4, 5, 3, 4, 5, 6, 4, 7], [1, 2, 2, 8, 4, 5, 5, 6, 3, 4, 4, 7], [1, 2, 3, 5, 2, 8, 5, 6, 6, 7, 4, 6], [1, 2, 3, 5, 2, 8, 5, 7, 4, 5, 5, 6], [1, 2, 3, 5, 5, 6, 2, 8, 6, 7, 4, 6], [1, 2, 4, 5, 2, 8, 3, 4, 4, 7, 5, 6], [1, 2, 4, 5, 2, 8, 3, 4, 5, 6, 4, 7], [1, 2, 4, 5, 2, 8, 5, 6, 3, 4, 4, 7], [1, 2, 4, 5, 3, 4, 2, 8, 4, 7, 5, 6], [1, 2, 4, 5, 3, 4, 2, 8, 5, 6, 4, 7], [1, 2, 4, 5, 3, 4, 5, 6, 2, 8, 4, 7], [1, 2, 4, 5, 5, 6, 2, 8, 3, 4, 4, 7], [1, 2, 4, 5, 5, 6, 3, 4, 2, 8, 4, 7], [3, 5, 1, 2, 2, 8, 5, 6, 6, 7, 4, 6], [3, 5, 1, 2, 2, 8, 5, 7, 4, 5, 5, 6], [3, 5, 1, 2, 5, 6, 2, 8, 6, 7, 4, 6], [3, 5, 1, 2, 5, 6, 6, 7, 2, 8, 4, 6], [3, 5, 1, 2, 5, 6, 6, 7, 4, 6, 2, 8], [3, 5, 1, 2, 5, 7, 2, 8, 4, 5, 5, 6], [3, 5, 1, 2, 5, 7, 4, 5, 2, 8, 5, 6], [3, 5, 1, 2, 5, 7, 4, 5, 5, 6, 2, 8], [3, 5, 5, 6, 1, 2, 2, 8, 6, 7, 4, 6], [3, 5, 5, 6, 1, 2, 6, 7, 2, 8, 4, 6], [3, 5, 5, 6, 1, 2, 6, 7, 4, 6, 2, 8], [3, 5, 5, 6, 6, 7, 1, 2, 2, 8, 4, 6], [3, 5, 5, 6, 6, 7, 1, 2, 4, 6, 2, 8], [3, 5, 5, 6, 6, 7, 4, 6, 1, 2, 2, 8], [3, 5, 5, 7, 1, 2, 2, 8, 4, 5, 5, 6], [3, 5, 5, 7, 1, 2, 4, 5, 2, 8, 5, 6], [3, 5, 5, 7, 1, 2, 4, 5, 5, 6, 2, 8], [3, 5, 5, 7, 4, 5, 1, 2, 2, 8, 5, 6], [3, 5, 5, 7, 4, 5, 1, 2, 5, 6, 2, 8], [3, 5, 5, 7, 4, 5, 5, 6, 1, 2, 2, 8], [4, 5, 1, 2, 2, 8, 3, 4, 4, 7, 5, 6], [4, 5, 1, 2, 2, 8, 3, 4, 5, 6, 4, 7], [4, 5, 1, 2, 2, 8, 5, 6, 3, 4, 4, 7], [4, 5, 1, 2, 3, 4, 2, 8, 4, 7, 5, 6], [4, 5, 1, 2, 3, 4, 2, 8, 5, 6, 4, 7], [4, 5, 1, 2, 3, 4, 5, 6, 2, 8, 4, 7], [4, 5, 1, 2, 5, 6, 2, 8, 3, 4, 4, 7], [4, 5, 1, 2, 5, 6, 3, 4, 2, 8, 4, 7], [4, 5, 3, 4, 1, 2, 2, 8, 4, 7, 5, 6], [4, 5, 3, 4, 1, 2, 2, 8, 5, 6, 4, 7], [4, 5, 3, 4, 1, 2, 4, 7, 2, 8, 5, 6], [4, 5, 3, 4, 1, 2, 4, 7, 5, 6, 2, 8], [4, 5, 3, 4, 1, 2, 5, 6, 2, 8, 4, 7], [4, 5, 3, 4, 1, 2, 5, 6, 4, 7, 2, 8], [4, 5, 3, 4, 4, 7, 1, 2, 2, 8, 5, 6], [4, 5, 3, 4, 4, 7, 1, 2, 5, 6, 2, 8], [4, 5, 3, 4, 4, 7, 5, 6, 1, 2, 2, 8], [4, 5, 3, 4, 5, 6, 1, 2, 2, 8, 4, 7], [4, 5, 3, 4, 5, 6, 1, 2, 4, 7, 2, 8], [4, 5, 3, 4, 5, 6, 4, 7, 1, 2, 2, 8], [4, 5, 5, 6, 1, 2, 2, 8, 3, 4, 4, 7], [4, 5, 5, 6, 1, 2, 3, 4, 2, 8, 4, 7], [4, 5, 5, 6, 3, 4, 1, 2, 2, 8, 4, 7], [4, 5, 5, 6, 3, 4, 1, 2, 4, 7, 2, 8], [4, 5, 5, 6, 3, 4, 4, 7, 1, 2, 2, 8]], 
     table([(0)=[{50}, {}, {}],(1)=[{55}, {[3, 50, 55]}, {}],(2)=[{56, 60}, {[2, 55, 60], [4, 55, 56]}, {}],(3)=[{54, 61}, {[2, 56, 61], [4, 60, 61], [5, 54, 56]}, {}],(4)=[{46, 49, 53, 59}, {[2, 54, 59], [3, 49, 54], [3, 53, 61], [4, 46, 54], [5, 59, 61]}, {[5, 46, 49]}],(5)=[{36, 38, 51, 57}, {[2, 36, 53], [3, 38, 46], [4, 57, 59], [5, 51, 53]}, {}],(6)=[{4, 30, 34, 35, 39, 41, 43, 45, 47, 58}, {[2, 4, 38], [2, 34, 51], [2, 43, 57], [3, 30, 36], [3, 39, 57], [3, 47, 51], [4, 35, 36], [4, 38, 41], [4, 45, 51], [5, 34, 36], [5, 57, 58]}, {}],(7)=[{5, 13, 28, 31, 37, 42, 44, 48, 52}, {[2, 5, 39], [2, 13, 41], [2, 35, 52], [2, 44, 58], [3, 37, 45], [3, 44, 58], [4, 4, 5], [4, 31, 34], [4, 43, 44], [5, 28, 30], [5, 37, 39], [5, 41, 42], [5, 43, 44], [5, 47, 48]}, {[3, 48, 52], [4, 48, 52]}],(9)=[{2, 9, 12, 16, 17, 19, 20, 23, 27}, {[2, 2, 18], [2, 12, 40], [2, 19, 25], [2, 20, 26], [2, 23, 32], [3, 14, 16], [3, 17, 25], [3, 23, 32], [4, 2, 3], [4, 22, 23], [5, 9, 11], [5, 17, 18], [5, 22, 23], [5, 26, 27]}, {[3, 9, 12], [4, 9, 12], [4, 17, 19]}],(8)=[{3, 10, 11, 14, 18, 22, 25, 26, 32, 40}, {[2, 3, 37], [2, 14, 42], [2, 22, 31], [3, 5, 11], [3, 10, 13], [3, 18, 31], [3, 26, 28], [4, 10, 13], [4, 25, 28], [4, 37, 40], [5, 3, 5], [5, 13, 14], [5, 31, 32]}, {}],(11)=[{6, 24}, {[3, 1, 6], [4, 21, 24], [5, 6, 7]}, {}],(10)=[{1, 7, 15, 21, 29}, {[2, 1, 17], [2, 21, 27], [3, 2, 7], [3, 27, 29], [4, 15, 16], [4, 27, 29], [5, 1, 2], [5, 15, 16], [5, 20, 21]}, {}],(12)=[{8, 33}, {[2, 24, 33], [3, 24, 33], [4, 6, 8]}, {}]]) ], 

  [ [[3, 4], [3, 5], [4, 5], [2, 4], [2, 5], [2, 3], [2, 3, 5], [2, 4], [2, 4], [2, 4, 5], [2, 5], [3], [3, 5], [3, 4], [3, 5], [4], [1, 3, 4], [1, 3, 5], [1, 4], [1, 4, 5], [1, 3, 5], [1, 3], [1, 5], [1, 4], [2, 4], [2, 4, 5], [2, 5], [2], [2, 5], [2, 4], [2, 3, 5], [2, 3], [2, 4], [3, 5], [3], [3, 4], [1, 4], [1, 4, 5], [1, 5], [1, 3], [1, 3, 5], [1, 3, 4], [1, 3, 5], [1, 4], [1, 2, 4], [1, 2, 4, 5], [1, 2, 5], [1, 2], [1, 2, 5], [1, 2, 4], [1, 3, 5], [1, 3], [1, 4], [1, 3, 5], [1, 3], [1, 3, 4], [2, 5], [2, 4], [2, 3, 5], [2, 3], [2, 4]], 
     {[2, 4, 17], [2, 5, 18], [2, 6, 40], [2, 7, 41], [2, 8, 42], [2, 9, 37], [2, 10, 38], [2, 11, 39], [2, 19, 25], [2, 20, 26], [2, 21, 27], [2, 22, 28], [2, 23, 29], [2, 24, 30], [2, 31, 51], [2, 32, 52], [2, 33, 53], [2, 43, 57], [2, 44, 58], [2, 54, 59], [2, 55, 60], [2, 56, 61], [3, 1, 9], [3, 2, 10], [3, 4, 12], [3, 5, 13], [3, 8, 14], [3, 11, 15], [3, 17, 25], [3, 18, 26], [3, 21, 27], [3, 22, 28], [3, 29, 34], [3, 30, 35], [3, 33, 36], [3, 40, 45], [3, 41, 46], [3, 42, 58], [3, 43, 57], [3, 47, 51], [3, 48, 52], [3, 49, 54], [3, 50, 55], [3, 56, 61], [4, 2, 3], [4, 4, 6], [4, 7, 8], [4, 9, 12], [4, 10, 15], [4, 13, 16], [4, 18, 20], [4, 19, 21], [4, 22, 24], [4, 25, 31], [4, 26, 34], [4, 30, 35], [4, 32, 33], [4, 37, 40], [4, 38, 43], [4, 41, 44], [4, 45, 51], [4, 46, 54], [4, 50, 55], [4, 52, 53], [4, 58, 59], [4, 60, 61], [5, 1, 2], [5, 4, 5], [5, 7, 8], [5, 9, 11], [5, 13, 14], [5, 15, 16], [5, 17, 18], [5, 19, 21], [5, 23, 24], [5, 25, 27], [5, 29, 30], [5, 31, 33], [5, 34, 36], [5, 37, 39], [5, 41, 42], [5, 43, 44], [5, 45, 47], [5, 49, 50], [5, 51, 53], [5, 54, 56], [5, 57, 58], [5, 59, 61]}, 
     [[1, 3, 3, 4, 4, 8, 5, 6, 2, 4, 6, 7], [1, 3, 3, 4, 4, 8, 5, 6, 6, 7, 2, 4], [1, 3, 3, 4, 5, 6, 4, 8, 6, 7, 2, 4], [1, 3, 3, 8, 2, 3, 5, 6, 3, 4, 6, 7], [1, 3, 3, 8, 2, 3, 5, 6, 6, 7, 3, 4], [1, 3, 3, 8, 5, 6, 2, 3, 3, 4, 6, 7], [1, 3, 3, 8, 5, 6, 2, 3, 6, 7, 3, 4], [1, 3, 3, 8, 5, 6, 6, 7, 2, 3, 3, 4], [1, 3, 5, 6, 3, 4, 4, 8, 2, 4, 6, 7], [1, 3, 5, 6, 3, 4, 4, 8, 6, 7, 2, 4], [1, 3, 5, 6, 3, 4, 6, 7, 4, 8, 2, 4], [1, 3, 5, 6, 3, 8, 2, 3, 3, 4, 6, 7], [1, 3, 5, 6, 3, 8, 2, 3, 6, 7, 3, 4], [1, 3, 5, 6, 3, 8, 6, 7, 2, 3, 3, 4], [1, 3, 5, 6, 6, 7, 3, 4, 4, 8, 2, 4], [1, 3, 5, 6, 6, 7, 3, 8, 2, 3, 3, 4], [2, 3, 1, 2, 2, 8, 5, 6, 3, 4, 6, 7], [2, 3, 1, 2, 2, 8, 5, 6, 6, 7, 3, 4], [2, 3, 1, 2, 5, 6, 2, 8, 3, 4, 6, 7], [2, 3, 1, 2, 5, 6, 2, 8, 6, 7, 3, 4], [2, 3, 1, 2, 5, 6, 3, 4, 2, 8, 6, 7], [2, 3, 1, 2, 5, 6, 3, 4, 6, 7, 2, 8], [2, 3, 1, 2, 5, 6, 6, 7, 2, 8, 3, 4], [2, 3, 1, 2, 5, 6, 6, 7, 3, 4, 2, 8], [2, 3, 5, 6, 1, 2, 2, 8, 3, 4, 6, 7], [2, 3, 5, 6, 1, 2, 2, 8, 6, 7, 3, 4], [2, 3, 5, 6, 1, 2, 3, 4, 2, 8, 6, 7], [2, 3, 5, 6, 1, 2, 3, 4, 6, 7, 2, 8], [2, 3, 5, 6, 1, 2, 6, 7, 2, 8, 3, 4], [2, 3, 5, 6, 1, 2, 6, 7, 3, 4, 2, 8], [2, 3, 5, 6, 3, 4, 1, 2, 2, 8, 6, 7], [2, 3, 5, 6, 3, 4, 1, 2, 6, 7, 2, 8], [2, 3, 5, 6, 3, 4, 6, 7, 1, 2, 2, 8], [2, 3, 5, 6, 6, 7, 1, 2, 2, 8, 3, 4], [2, 3, 5, 6, 6, 7, 1, 2, 3, 4, 2, 8], [2, 3, 5, 6, 6, 7, 3, 4, 1, 2, 2, 8], [5, 6, 1, 3, 3, 4, 4, 8, 2, 4, 6, 7], [5, 6, 1, 3, 3, 4, 4, 8, 6, 7, 2, 4], [5, 6, 1, 3, 3, 4, 6, 7, 4, 8, 2, 4], [5, 6, 1, 3, 3, 8, 2, 3, 3, 4, 6, 7], [5, 6, 1, 3, 3, 8, 2, 3, 6, 7, 3, 4], [5, 6, 1, 3, 3, 8, 6, 7, 2, 3, 3, 4], [5, 6, 1, 3, 6, 7, 3, 4, 4, 8, 2, 4], [5, 6, 1, 3, 6, 7, 3, 8, 2, 3, 3, 4], [5, 6, 2, 3, 1, 2, 2, 8, 3, 4, 6, 7], [5, 6, 2, 3, 1, 2, 2, 8, 6, 7, 3, 4], [5, 6, 2, 3, 1, 2, 3, 4, 2, 8, 6, 7], [5, 6, 2, 3, 1, 2, 3, 4, 6, 7, 2, 8], [5, 6, 2, 3, 1, 2, 6, 7, 2, 8, 3, 4], [5, 6, 2, 3, 1, 2, 6, 7, 3, 4, 2, 8], [5, 6, 2, 3, 3, 4, 1, 2, 2, 8, 6, 7], [5, 6, 2, 3, 3, 4, 1, 2, 6, 7, 2, 8], [5, 6, 2, 3, 3, 4, 6, 7, 1, 2, 2, 8], [5, 6, 2, 3, 6, 7, 1, 2, 2, 8, 3, 4], [5, 6, 2, 3, 6, 7, 1, 2, 3, 4, 2, 8], [5, 6, 2, 3, 6, 7, 3, 4, 1, 2, 2, 8], [5, 6, 6, 7, 1, 3, 3, 4, 4, 8, 2, 4], [5, 6, 6, 7, 1, 3, 3, 8, 2, 3, 3, 4], [5, 6, 6, 7, 2, 3, 1, 2, 2, 8, 3, 4], [5, 6, 6, 7, 2, 3, 1, 2, 3, 4, 2, 8], [5, 6, 6, 7, 2, 3, 3, 4, 1, 2, 2, 8]], 
     table([(0)=[{48}, {}, {}],(1)=[{52}, {[3, 48, 52]}, {}],(2)=[{32, 53}, {[2, 32, 52], [4, 52, 53]}, {}],(3)=[{33, 51}, {[2, 33, 53], [4, 32, 33], [5, 51, 53]}, {}],(4)=[{31, 36, 45, 47}, {[2, 31, 51], [3, 33, 36], [3, 47, 51], [4, 45, 51], [5, 31, 33]}, {[5, 45, 47]}],(5)=[{25, 34, 40}, {[3, 40, 45], [4, 25, 31], [5, 34, 36]}, {}],(6)=[{6, 17, 19, 26, 27, 29, 37}, {[2, 6, 40], [2, 19, 25], [3, 17, 25], [3, 29, 34], [4, 26, 34], [4, 37, 40], [5, 25, 27]}, {}],(7)=[{4, 9, 18, 20, 21, 23, 30, 39}, {[2, 4, 17], [2, 9, 37], [2, 20, 26], [2, 21, 27], [2, 23, 29], [3, 18, 26], [3, 21, 27], [4, 4, 6], [4, 19, 21], [5, 17, 18], [5, 19, 21], [5, 29, 30], [5, 37, 39]}, {[4, 18, 20]}],(9)=[{2, 13, 15, 22}, {[3, 5, 13], [3, 11, 15], [4, 22, 24], [5, 1, 2]}, {}],(8)=[{1, 5, 11, 12, 24, 35}, {[2, 5, 18], [2, 11, 39], [2, 24, 30], [3, 1, 9], [3, 4, 12], [3, 30, 35], [4, 9, 12], [4, 30, 35], [5, 4, 5], [5, 9, 11], [5, 23, 24]}, {}],(11)=[{8, 38}, {[2, 10, 38], [3, 8, 14]}, {}],(10)=[{3, 10, 14, 16, 28}, {[2, 22, 28], [3, 2, 10], [3, 22, 28], [4, 2, 3], [4, 10, 15], [4, 13, 16], [5, 13, 14], [5, 15, 16]}, {}],(13)=[{41, 44, 57, 58}, {[2, 7, 41], [2, 43, 57], [3, 42, 58], [3, 43, 57], [5, 41, 42], [5, 43, 44]}, {[2, 44, 58], [4, 41, 44], [5, 57, 58]}],(12)=[{7, 42, 43}, {[2, 8, 42], [4, 7, 8], [4, 38, 43], [5, 7, 8]}, {}],(15)=[{54, 61}, {[2, 54, 59], [4, 46, 54], [5, 59, 61]}, {}],(14)=[{46, 59}, {[3, 41, 46], [4, 58, 59]}, {}],(16)=[{49, 56, 60}, {[2, 56, 61], [3, 49, 54], [3, 56, 61], [4, 60, 61], [5, 54, 56]}, {}],(17)=[{50, 55}, {[2, 55, 60], [5, 49, 50]}, {[3, 50, 55], [4, 50, 55]}]]) ], 

  [ [[2, 4, 5], [3, 5], [3, 4], [2, 5], [2, 4], [2, 3, 5], [2, 4], [2, 3], [4, 5], [3, 5], [3, 4], [3, 5], [4], [2, 5], [2, 4], [3], [1, 3, 5], [1, 3, 4], [1, 4, 5], [1, 5], [1, 4], [1, 4], [1, 3, 5], [1, 3], [2, 4, 5], [2, 5], [2, 4], [3, 5], [3], [3, 4], [2, 4], [2, 5], [2], [2, 3, 5], [2, 3], [2, 4], [1, 4, 5], [1, 3, 5], [1, 3, 4], [1, 3, 5], [1, 4], [1, 2, 4, 5], [1, 2, 5], [1, 2, 4], [1, 3, 5], [1, 3], [1, 3, 4], [2, 5], [2, 4], [2, 3, 5], [2, 3], [2, 4], [1, 5], [1, 4], [1, 3], [1, 2, 4], [1, 2, 5], [1, 2], [1, 3, 5], [1, 3], [1, 4]], 
     {[2, 1, 37], [2, 4, 17], [2, 5, 18], [2, 6, 38], [2, 7, 39], [2, 8, 55], [2, 14, 53], [2, 15, 54], [2, 19, 25], [2, 20, 26], [2, 21, 27], [2, 22, 31], [2, 23, 32], [2, 24, 33], [2, 34, 59], [2, 35, 60], [2, 36, 61], [2, 40, 48], [2, 41, 49], [2, 45, 50], [2, 46, 51], [2, 47, 52], [3, 1, 2], [3, 3, 15], [3, 4, 10], [3, 5, 16], [3, 7, 11], [3, 12, 14], [3, 17, 25], [3, 18, 31], [3, 23, 32], [3, 24, 33], [3, 26, 28], [3, 27, 29], [3, 30, 36], [3, 38, 42], [3, 39, 49], [3, 40, 48], [3, 43, 45], [3, 44, 46], [3, 47, 52], [3, 55, 56], [3, 57, 59], [3, 58, 60], [4, 1, 2], [4, 5, 8], [4, 6, 7], [4, 9, 12], [4, 10, 13], [4, 15, 16], [4, 17, 19], [4, 21, 24], [4, 22, 23], [4, 25, 28], [4, 27, 29], [4, 31, 34], [4, 35, 36], [4, 37, 40], [4, 38, 41], [4, 42, 45], [4, 44, 46], [4, 49, 50], [4, 51, 52], [4, 54, 55], [4, 56, 59], [4, 60, 61], [5, 2, 3], [5, 4, 5], [5, 6, 7], [5, 10, 11], [5, 12, 13], [5, 14, 15], [5, 17, 18], [5, 20, 21], [5, 22, 23], [5, 26, 27], [5, 28, 30], [5, 31, 32], [5, 34, 36], [5, 38, 39], [5, 40, 41], [5, 43, 44], [5, 45, 47], [5, 48, 49], [5, 50, 52], [5, 53, 54], [5, 56, 57], [5, 59, 61]}, 
     [[1, 3, 3, 6, 4, 5, 6, 7, 5, 6, 2, 5], [1, 3, 3, 6, 6, 7, 4, 5, 5, 6, 2, 5], [1, 3, 3, 6, 6, 7, 4, 6, 2, 4, 4, 5], [1, 3, 3, 7, 2, 3, 4, 5, 5, 6, 3, 5], [1, 3, 3, 7, 2, 3, 4, 6, 3, 4, 4, 5], [1, 3, 3, 7, 4, 5, 2, 3, 5, 6, 3, 5], [1, 3, 3, 7, 4, 5, 5, 6, 2, 3, 3, 5], [1, 3, 3, 7, 4, 6, 2, 3, 3, 4, 4, 5], [1, 3, 4, 5, 3, 6, 6, 7, 5, 6, 2, 5], [1, 3, 4, 5, 3, 7, 2, 3, 5, 6, 3, 5], [1, 3, 4, 5, 3, 7, 5, 6, 2, 3, 3, 5], [1, 3, 4, 5, 5, 6, 3, 5, 5, 7, 2, 5], [1, 3, 4, 5, 5, 6, 3, 7, 2, 3, 3, 5], [1, 3, 4, 6, 3, 4, 4, 5, 5, 7, 2, 5], [1, 3, 4, 6, 3, 4, 4, 7, 2, 4, 4, 5], [1, 3, 4, 6, 3, 7, 2, 3, 3, 4, 4, 5], [2, 3, 1, 2, 2, 7, 4, 5, 5, 6, 3, 5], [2, 3, 1, 2, 2, 7, 4, 6, 3, 4, 4, 5], [2, 3, 1, 2, 4, 5, 2, 7, 5, 6, 3, 5], [2, 3, 1, 2, 4, 5, 5, 6, 2, 7, 3, 5], [2, 3, 1, 2, 4, 5, 5, 6, 3, 5, 2, 7], [2, 3, 1, 2, 4, 6, 2, 7, 3, 4, 4, 5], [2, 3, 1, 2, 4, 6, 3, 4, 2, 7, 4, 5], [2, 3, 1, 2, 4, 6, 3, 4, 4, 5, 2, 7], [2, 3, 4, 5, 1, 2, 2, 7, 5, 6, 3, 5], [2, 3, 4, 5, 1, 2, 5, 6, 2, 7, 3, 5], [2, 3, 4, 5, 1, 2, 5, 6, 3, 5, 2, 7], [2, 3, 4, 5, 5, 6, 1, 2, 2, 7, 3, 5], [2, 3, 4, 5, 5, 6, 1, 2, 3, 5, 2, 7], [2, 3, 4, 5, 5, 6, 3, 5, 1, 2, 2, 7], [2, 3, 4, 6, 1, 2, 2, 7, 3, 4, 4, 5], [2, 3, 4, 6, 1, 2, 3, 4, 2, 7, 4, 5], [2, 3, 4, 6, 1, 2, 3, 4, 4, 5, 2, 7], [2, 3, 4, 6, 3, 4, 1, 2, 2, 7, 4, 5], [2, 3, 4, 6, 3, 4, 1, 2, 4, 5, 2, 7], [2, 3, 4, 6, 3, 4, 4, 5, 1, 2, 2, 7], [4, 5, 1, 3, 3, 6, 6, 7, 5, 6, 2, 5], [4, 5, 1, 3, 3, 7, 2, 3, 5, 6, 3, 5], [4, 5, 1, 3, 3, 7, 5, 6, 2, 3, 3, 5], [4, 5, 1, 3, 5, 6, 3, 5, 5, 7, 2, 5], [4, 5, 1, 3, 5, 6, 3, 7, 2, 3, 3, 5], [4, 5, 2, 3, 1, 2, 2, 7, 5, 6, 3, 5], [4, 5, 2, 3, 1, 2, 5, 6, 2, 7, 3, 5], [4, 5, 2, 3, 1, 2, 5, 6, 3, 5, 2, 7], [4, 5, 2, 3, 5, 6, 1, 2, 2, 7, 3, 5], [4, 5, 2, 3, 5, 6, 1, 2, 3, 5, 2, 7], [4, 5, 2, 3, 5, 6, 3, 5, 1, 2, 2, 7], [4, 5, 5, 6, 1, 3, 3, 5, 5, 7, 2, 5], [4, 5, 5, 6, 1, 3, 3, 7, 2, 3, 3, 5], [4, 5, 5, 6, 2, 3, 1, 2, 2, 7, 3, 5], [4, 5, 5, 6, 2, 3, 1, 2, 3, 5, 2, 7], [4, 5, 5, 6, 2, 3, 3, 5, 1, 2, 2, 7], [4, 6, 1, 3, 3, 4, 4, 5, 5, 7, 2, 5], [4, 6, 1, 3, 3, 4, 4, 7, 2, 4, 4, 5], [4, 6, 1, 3, 3, 7, 2, 3, 3, 4, 4, 5], [4, 6, 2, 3, 1, 2, 2, 7, 3, 4, 4, 5], [4, 6, 2, 3, 1, 2, 3, 4, 2, 7, 4, 5], [4, 6, 2, 3, 1, 2, 3, 4, 4, 5, 2, 7], [4, 6, 2, 3, 3, 4, 1, 2, 2, 7, 4, 5], [4, 6, 2, 3, 3, 4, 1, 2, 4, 5, 2, 7], [4, 6, 2, 3, 3, 4, 4, 5, 1, 2, 2, 7]], 
     table([(0)=[{58}, {}, {}],(1)=[{60}, {[3, 58, 60]}, {}],(2)=[{35, 61}, {[2, 35, 60], [4, 60, 61]}, {}],(3)=[{36, 59}, {[2, 36, 61], [4, 35, 36], [5, 59, 61]}, {}],(4)=[{30, 34, 56, 57}, {[2, 34, 59], [3, 30, 36], [3, 57, 59], [4, 56, 59], [5, 34, 36]}, {[5, 56, 57]}],(5)=[{28, 31, 55}, {[3, 55, 56], [4, 31, 34], [5, 28, 30]}, {}],(6)=[{8, 18, 22, 25, 26, 32, 54}, {[2, 8, 55], [2, 22, 31], [3, 18, 31], [3, 26, 28], [4, 25, 28], [4, 54, 55], [5, 31, 32]}, {}],(7)=[{5, 15, 17, 19, 20, 23, 27, 53}, {[2, 5, 18], [2, 15, 54], [2, 19, 25], [2, 20, 26], [2, 23, 32], [3, 17, 25], [3, 23, 32], [4, 5, 8], [4, 22, 23], [5, 17, 18], [5, 22, 23], [5, 26, 27], [5, 53, 54]}, {[4, 17, 19]}],(9)=[{2, 10, 12, 24}, {[3, 4, 10], [3, 12, 14], [4, 21, 24], [5, 2, 3]}, {}],(8)=[{3, 4, 14, 16, 21, 29}, {[2, 4, 17], [2, 14, 53], [2, 21, 27], [3, 3, 15], [3, 5, 16], [3, 27, 29], [4, 15, 16], [4, 27, 29], [5, 4, 5], [5, 14, 15], [5, 20, 21]}, {}],(11)=[{7, 37}, {[2, 1, 37], [3, 7, 11]}, {}],(10)=[{1, 9, 11, 13, 33}, {[2, 24, 33], [3, 1, 2], [3, 24, 33], [4, 1, 2], [4, 9, 12], [4, 10, 13], [5, 10, 11], [5, 12, 13]}, {}],(13)=[{38, 41, 48, 49}, {[2, 6, 38], [2, 40, 48], [3, 39, 49], [3, 40, 48], [5, 38, 39], [5, 40, 41]}, {[2, 41, 49], [4, 38, 41], [5, 48, 49]}],(12)=[{6, 39, 40}, {[2, 7, 39], [4, 6, 7], [4, 37, 40], [5, 6, 7]}, {}],(15)=[{45, 52}, {[2, 45, 50], [4, 42, 45], [5, 50, 52]}, {}],(14)=[{42, 50}, {[3, 38, 42], [4, 49, 50]}, {}],(16)=[{43, 47, 51}, {[2, 47, 52], [3, 43, 45], [3, 47, 52], [4, 51, 52], [5, 45, 47]}, {}],(17)=[{44, 46}, {[2, 46, 51], [5, 43, 44]}, {[3, 44, 46], [4, 44, 46]}]]) ], 

  [ [[2, 5], [2, 4, 5], [2, 4], [3, 4], [3, 5], [3], [2, 4], [2, 5], [2, 3, 5], [2, 3], [2, 4], [3, 5], [4, 5], [4], [3, 5], [3, 4], [1, 3, 4], [1, 3, 5], [1, 4], [1, 3, 5], [1, 3], [1, 4, 5], [1, 5], [1, 4], [2, 4], [2, 5], [2], [2, 3, 5], [2, 3], [2, 4], [2, 4, 5], [2, 5], [2, 4], [3, 5], [3], [3, 4], [1, 3, 5], [1, 4, 5], [1, 4], [1, 3, 5], [1, 3], [1, 3, 4], [1, 5], [1, 4], [1, 2, 4, 5], [1, 2, 4], [1, 2, 5], [1, 2, 4], [1, 2, 5], [1, 2], [1, 3, 5], [1, 3], [1, 3, 4], [1, 3, 5], [1, 3], [1, 4], [2, 5], [2, 4], [2, 3, 5], [2, 3], [2, 4]], 
     {[2, 1, 37], [2, 2, 38], [2, 3, 39], [2, 7, 17], [2, 8, 18], [2, 9, 40], [2, 10, 41], [2, 11, 42], [2, 19, 25], [2, 20, 26], [2, 21, 27], [2, 22, 31], [2, 23, 32], [2, 24, 33], [2, 28, 51], [2, 29, 52], [2, 30, 53], [2, 43, 57], [2, 44, 58], [2, 54, 59], [2, 55, 60], [2, 56, 61], [3, 1, 12], [3, 2, 5], [3, 3, 6], [3, 4, 7], [3, 8, 15], [3, 11, 16], [3, 17, 25], [3, 18, 31], [3, 20, 26], [3, 21, 27], [3, 30, 36], [3, 32, 34], [3, 33, 35], [3, 37, 57], [3, 40, 45], [3, 41, 46], [3, 42, 58], [3, 47, 51], [3, 48, 52], [3, 49, 54], [3, 50, 55], [3, 53, 61], [4, 2, 5], [4, 3, 6], [4, 7, 9], [4, 10, 11], [4, 12, 14], [4, 13, 15], [4, 18, 22], [4, 19, 20], [4, 21, 24], [4, 25, 28], [4, 29, 30], [4, 31, 34], [4, 33, 35], [4, 37, 39], [4, 38, 40], [4, 41, 44], [4, 45, 51], [4, 46, 54], [4, 48, 52], [4, 55, 56], [4, 58, 59], [4, 60, 61], [5, 1, 3], [5, 4, 5], [5, 7, 8], [5, 9, 11], [5, 12, 14], [5, 15, 16], [5, 17, 18], [5, 19, 20], [5, 23, 24], [5, 25, 26], [5, 28, 30], [5, 32, 33], [5, 34, 36], [5, 37, 39], [5, 40, 42], [5, 43, 44], [5, 46, 49], [5, 47, 48], [5, 51, 53], [5, 54, 56], [5, 57, 58], [5, 59, 61]}, 
     [[1, 3, 3, 7, 4, 5, 5, 6, 7, 8, 2, 7], [1, 3, 3, 7, 4, 5, 7, 8, 2, 7, 5, 6], [1, 3, 3, 7, 4, 5, 7, 8, 5, 6, 2, 7], [1, 3, 3, 7, 7, 8, 2, 7, 4, 5, 5, 6], [1, 3, 3, 7, 7, 8, 4, 5, 2, 7, 5, 6], [1, 3, 3, 7, 7, 8, 4, 5, 5, 6, 2, 7], [1, 3, 3, 8, 2, 3, 3, 7, 4, 5, 5, 6], [1, 3, 3, 8, 2, 3, 4, 5, 3, 7, 5, 6], [1, 3, 3, 8, 4, 5, 2, 3, 3, 7, 5, 6], [1, 3, 3, 8, 4, 5, 2, 3, 5, 6, 3, 7], [1, 3, 3, 8, 4, 5, 5, 6, 2, 3, 3, 7], [1, 3, 4, 5, 3, 7, 5, 6, 7, 8, 2, 7], [1, 3, 4, 5, 3, 7, 7, 8, 2, 7, 5, 6], [1, 3, 4, 5, 3, 7, 7, 8, 5, 6, 2, 7], [1, 3, 4, 5, 3, 8, 2, 3, 3, 7, 5, 6], [1, 3, 4, 5, 3, 8, 5, 6, 2, 3, 3, 7], [2, 3, 1, 2, 2, 8, 3, 7, 4, 5, 5, 6], [2, 3, 1, 2, 2, 8, 4, 5, 3, 7, 5, 6], [2, 3, 1, 2, 3, 7, 2, 8, 4, 5, 5, 6], [2, 3, 1, 2, 3, 7, 4, 5, 2, 8, 5, 6], [2, 3, 1, 2, 3, 7, 4, 5, 5, 6, 2, 8], [2, 3, 1, 2, 4, 5, 2, 8, 3, 7, 5, 6], [2, 3, 1, 2, 4, 5, 3, 7, 2, 8, 5, 6], [2, 3, 1, 2, 4, 5, 3, 7, 5, 6, 2, 8], [2, 3, 3, 7, 1, 2, 2, 8, 4, 5, 5, 6], [2, 3, 3, 7, 1, 2, 4, 5, 2, 8, 5, 6], [2, 3, 3, 7, 1, 2, 4, 5, 5, 6, 2, 8], [2, 3, 3, 7, 4, 5, 1, 2, 2, 8, 5, 6], [2, 3, 3, 7, 4, 5, 1, 2, 5, 6, 2, 8], [2, 3, 3, 7, 4, 5, 5, 6, 1, 2, 2, 8], [2, 3, 4, 5, 1, 2, 2, 8, 3, 7, 5, 6], [2, 3, 4, 5, 1, 2, 3, 7, 2, 8, 5, 6], [2, 3, 4, 5, 1, 2, 3, 7, 5, 6, 2, 8], [2, 3, 4, 5, 3, 7, 1, 2, 2, 8, 5, 6], [2, 3, 4, 5, 3, 7, 1, 2, 5, 6, 2, 8], [2, 3, 4, 5, 3, 7, 5, 6, 1, 2, 2, 8], [4, 5, 1, 3, 3, 7, 5, 6, 7, 8, 2, 7], [4, 5, 1, 3, 3, 7, 7, 8, 2, 7, 5, 6], [4, 5, 1, 3, 3, 7, 7, 8, 5, 6, 2, 7], [4, 5, 1, 3, 3, 8, 2, 3, 3, 7, 5, 6], [4, 5, 1, 3, 3, 8, 2, 3, 5, 6, 3, 7], [4, 5, 1, 3, 3, 8, 5, 6, 2, 3, 3, 7], [4, 5, 1, 3, 5, 6, 3, 7, 7, 8, 2, 7], [4, 5, 1, 3, 5, 6, 3, 8, 2, 3, 3, 7], [4, 5, 2, 3, 1, 2, 2, 8, 3, 7, 5, 6], [4, 5, 2, 3, 1, 2, 2, 8, 5, 6, 3, 7], [4, 5, 2, 3, 1, 2, 3, 7, 2, 8, 5, 6], [4, 5, 2, 3, 1, 2, 3, 7, 5, 6, 2, 8], [4, 5, 2, 3, 1, 2, 5, 6, 2, 8, 3, 7], [4, 5, 2, 3, 1, 2, 5, 6, 3, 7, 2, 8], [4, 5, 2, 3, 3, 7, 1, 2, 2, 8, 5, 6], [4, 5, 2, 3, 3, 7, 1, 2, 5, 6, 2, 8], [4, 5, 2, 3, 3, 7, 5, 6, 1, 2, 2, 8], [4, 5, 2, 3, 5, 6, 1, 2, 2, 8, 3, 7], [4, 5, 2, 3, 5, 6, 1, 2, 3, 7, 2, 8], [4, 5, 2, 3, 5, 6, 3, 7, 1, 2, 2, 8], [4, 5, 5, 6, 1, 3, 3, 7, 7, 8, 2, 7], [4, 5, 5, 6, 1, 3, 3, 8, 2, 3, 3, 7], [4, 5, 5, 6, 2, 3, 1, 2, 2, 8, 3, 7], [4, 5, 5, 6, 2, 3, 1, 2, 3, 7, 2, 8], [4, 5, 5, 6, 2, 3, 3, 7, 1, 2, 2, 8]], 
     table([(0)=[{50}, {}, {}],(1)=[{55}, {[3, 50, 55]}, {}],(2)=[{56, 60}, {[2, 55, 60], [4, 55, 56]}, {}],(3)=[{54, 61}, {[2, 56, 61], [4, 60, 61], [5, 54, 56]}, {}],(4)=[{46, 49, 53, 59}, {[2, 54, 59], [3, 49, 54], [3, 53, 61], [4, 46, 54], [5, 59, 61]}, {[5, 46, 49]}],(5)=[{30, 41, 51, 58}, {[2, 30, 53], [3, 41, 46], [4, 58, 59], [5, 51, 53]}, {}],(6)=[{10, 28, 29, 36, 42, 44, 45, 47, 57}, {[2, 10, 41], [2, 28, 51], [2, 44, 58], [3, 30, 36], [3, 42, 58], [3, 47, 51], [4, 29, 30], [4, 41, 44], [4, 45, 51], [5, 28, 30], [5, 57, 58]}, {}],(7)=[{11, 25, 34, 37, 40, 43, 48, 52}, {[2, 11, 42], [2, 29, 52], [2, 43, 57], [3, 37, 57], [3, 40, 45], [4, 10, 11], [4, 25, 28], [5, 34, 36], [5, 40, 42], [5, 43, 44], [5, 47, 48]}, {[3, 48, 52], [4, 48, 52]}],(9)=[{2, 3, 7, 12, 15, 18, 20, 22, 23, 33}, {[2, 2, 38], [2, 3, 39], [2, 7, 17], [2, 20, 26], [2, 22, 31], [2, 23, 32], [3, 1, 12], [3, 18, 31], [3, 20, 26], [4, 7, 9], [4, 19, 20], [5, 1, 3], [5, 15, 16], [5, 17, 18], [5, 19, 20], [5, 32, 33]}, {[4, 18, 22]}],(8)=[{1, 9, 16, 17, 19, 26, 31, 32, 38, 39}, {[2, 1, 37], [2, 9, 40], [2, 19, 25], [3, 11, 16], [3, 17, 25], [3, 32, 34], [4, 31, 34], [4, 37, 39], [4, 38, 40], [5, 9, 11], [5, 25, 26], [5, 37, 39]}, {}],(11)=[{21}, {[4, 21, 24]}, {}],(10)=[{4, 5, 6, 8, 13, 14, 24, 35}, {[2, 8, 18], [2, 24, 33], [3, 2, 5], [3, 3, 6], [3, 4, 7], [3, 8, 15], [3, 33, 35], [4, 2, 5], [4, 3, 6], [4, 12, 14], [4, 13, 15], [4, 33, 35], [5, 7, 8], [5, 12, 14], [5, 23, 24]}, {[5, 4, 5]}],(12)=[{27}, {[2, 21, 27], [3, 21, 27]}, {}]]) ], 

#################################################################
### The symmetric function = s[3, 3] + 2 s[3, 2, 1] + s[2, 2, 2] + s[3, 1, 1, 1] + s[2, 2, 1, 1]   has 4 graph isomorphism types.

  [ [[3, 4, 5], [2, 3, 5], [2, 4], [2, 4, 5], [2, 3, 4], [2, 3, 5], [2, 4, 5], [3, 4], [3, 5], [1, 3, 5], [1, 4], [1, 4, 5], [1, 3, 4], [1, 3, 5], [1, 2, 5], [1, 2, 4], [1, 2, 4, 5], [1, 3], [1, 3, 5], [1, 3, 4], [1, 2, 4], [1, 2, 5], [1, 2, 3], [1, 2, 3, 5], [1, 2, 4], [1, 3, 5], [1, 3, 4], [1, 3, 4, 5], [1, 4], [1, 4, 5], [1, 3, 5], [2, 5], [2, 4], [2, 4, 5], [2, 3], [2, 3, 5], [2, 3, 4], [2, 4], [2, 4, 5], [2, 5], [3], [3, 5], [3, 4], [2, 3, 5], [2, 4], [1, 4, 5], [1, 3, 4], [1, 3, 5], [2, 4], [2, 5], [2, 3], [2, 3, 5], [2, 4], [1, 2, 4], [1, 2, 4, 5], [1, 2, 5], [1, 3], [1, 3, 5], [1, 3, 4], [1, 3, 5], [1, 4]], 
     {[2, 2, 26], [2, 3, 27], [2, 4, 28], [2, 5, 47], [2, 6, 48], [2, 7, 46], [2, 10, 32], [2, 11, 33], [2, 12, 34], [2, 13, 49], [2, 14, 50], [2, 18, 35], [2, 19, 36], [2, 20, 37], [2, 29, 38], [2, 30, 39], [2, 31, 40], [2, 44, 60], [2, 45, 61], [2, 51, 57], [2, 52, 58], [2, 53, 59], [3, 1, 7], [3, 3, 8], [3, 4, 9], [3, 10, 15], [3, 13, 21], [3, 14, 22], [3, 16, 18], [3, 17, 19], [3, 20, 25], [3, 26, 32], [3, 27, 38], [3, 28, 39], [3, 31, 40], [3, 33, 41], [3, 34, 42], [3, 43, 45], [3, 47, 54], [3, 48, 55], [3, 49, 57], [3, 50, 58], [3, 53, 59], [3, 56, 60], [4, 2, 3], [4, 4, 6], [4, 7, 9], [4, 10, 11], [4, 12, 14], [4, 16, 18], [4, 17, 19], [4, 21, 23], [4, 24, 25], [4, 26, 29], [4, 30, 31], [4, 33, 35], [4, 34, 36], [4, 38, 41], [4, 39, 44], [4, 42, 45], [4, 46, 48], [4, 49, 51], [4, 52, 53], [4, 54, 57], [4, 55, 60], [4, 58, 61], [5, 2, 3], [5, 5, 6], [5, 8, 9], [5, 10, 11], [5, 13, 14], [5, 15, 16], [5, 19, 20], [5, 21, 22], [5, 24, 25], [5, 26, 27], [5, 29, 31], [5, 32, 33], [5, 36, 37], [5, 38, 40], [5, 42, 43], [5, 44, 45], [5, 47, 48], [5, 49, 50], [5, 52, 53], [5, 54, 56], [5, 58, 59], [5, 60, 61]}, 
     [[2, 4, 4, 5, 5, 8, 6, 7, 3, 5, 1, 3], [2, 4, 4, 8, 3, 4, 1, 3, 6, 7, 4, 5], [2, 4, 4, 8, 3, 4, 6, 7, 1, 3, 4, 5], [2, 4, 4, 8, 3, 4, 6, 7, 4, 5, 1, 3], [2, 4, 4, 8, 6, 7, 3, 4, 1, 3, 4, 5], [2, 4, 4, 8, 6, 7, 3, 4, 4, 5, 1, 3], [2, 4, 6, 7, 4, 5, 5, 8, 3, 5, 1, 3], [2, 4, 6, 7, 4, 8, 3, 4, 1, 3, 4, 5], [2, 4, 6, 7, 4, 8, 3, 4, 4, 5, 1, 3], [2, 8, 1, 2, 3, 4, 2, 3, 6, 7, 4, 5], [2, 8, 1, 2, 3, 4, 6, 7, 2, 3, 4, 5], [2, 8, 1, 2, 3, 4, 6, 7, 4, 5, 2, 3], [2, 8, 1, 2, 6, 7, 3, 4, 2, 3, 4, 5], [2, 8, 1, 2, 6, 7, 3, 4, 4, 5, 2, 3], [2, 8, 3, 4, 1, 2, 2, 3, 6, 7, 4, 5], [2, 8, 3, 4, 1, 2, 6, 7, 2, 3, 4, 5], [2, 8, 3, 4, 1, 2, 6, 7, 4, 5, 2, 3], [2, 8, 3, 4, 6, 7, 1, 2, 2, 3, 4, 5], [2, 8, 3, 4, 6, 7, 1, 2, 4, 5, 2, 3], [2, 8, 3, 4, 6, 7, 4, 5, 1, 2, 2, 3], [2, 8, 6, 7, 1, 2, 3, 4, 2, 3, 4, 5], [2, 8, 6, 7, 1, 2, 3, 4, 4, 5, 2, 3], [2, 8, 6, 7, 3, 4, 1, 2, 2, 3, 4, 5], [2, 8, 6, 7, 3, 4, 1, 2, 4, 5, 2, 3], [2, 8, 6, 7, 3, 4, 4, 5, 1, 2, 2, 3], [3, 4, 2, 3, 3, 8, 1, 3, 6, 7, 4, 5], [3, 4, 2, 3, 3, 8, 6, 7, 1, 3, 4, 5], [3, 4, 2, 3, 3, 8, 6, 7, 4, 5, 1, 3], [3, 4, 2, 3, 6, 7, 3, 8, 1, 3, 4, 5], [3, 4, 2, 3, 6, 7, 3, 8, 4, 5, 1, 3], [3, 4, 2, 3, 6, 7, 4, 5, 3, 8, 1, 3], [3, 4, 2, 8, 1, 2, 2, 3, 6, 7, 4, 5], [3, 4, 2, 8, 1, 2, 6, 7, 2, 3, 4, 5], [3, 4, 2, 8, 1, 2, 6, 7, 4, 5, 2, 3], [3, 4, 2, 8, 6, 7, 1, 2, 2, 3, 4, 5], [3, 4, 2, 8, 6, 7, 1, 2, 4, 5, 2, 3], [3, 4, 2, 8, 6, 7, 4, 5, 1, 2, 2, 3], [3, 4, 6, 7, 2, 3, 3, 8, 1, 3, 4, 5], [3, 4, 6, 7, 2, 3, 3, 8, 4, 5, 1, 3], [3, 4, 6, 7, 2, 3, 4, 5, 3, 8, 1, 3], [3, 4, 6, 7, 2, 8, 1, 2, 2, 3, 4, 5], [3, 4, 6, 7, 2, 8, 1, 2, 4, 5, 2, 3], [3, 4, 6, 7, 2, 8, 4, 5, 1, 2, 2, 3], [3, 4, 6, 7, 4, 5, 2, 3, 3, 8, 1, 3], [3, 4, 6, 7, 4, 5, 2, 8, 1, 2, 2, 3], [6, 7, 2, 4, 4, 5, 5, 8, 3, 5, 1, 3], [6, 7, 2, 4, 4, 8, 3, 4, 1, 3, 4, 5], [6, 7, 2, 4, 4, 8, 3, 4, 4, 5, 1, 3], [6, 7, 2, 8, 1, 2, 3, 4, 2, 3, 4, 5], [6, 7, 2, 8, 1, 2, 3, 4, 4, 5, 2, 3], [6, 7, 2, 8, 3, 4, 1, 2, 2, 3, 4, 5], [6, 7, 2, 8, 3, 4, 1, 2, 4, 5, 2, 3], [6, 7, 2, 8, 3, 4, 4, 5, 1, 2, 2, 3], [6, 7, 3, 4, 2, 3, 3, 8, 1, 3, 4, 5], [6, 7, 3, 4, 2, 3, 3, 8, 4, 5, 1, 3], [6, 7, 3, 4, 2, 3, 4, 5, 3, 8, 1, 3], [6, 7, 3, 4, 2, 8, 1, 2, 2, 3, 4, 5], [6, 7, 3, 4, 2, 8, 1, 2, 4, 5, 2, 3], [6, 7, 3, 4, 2, 8, 4, 5, 1, 2, 2, 3], [6, 7, 3, 4, 4, 5, 2, 3, 3, 8, 1, 3], [6, 7, 3, 4, 4, 5, 2, 8, 1, 2, 2, 3]], 
     table([(0)=[{23}, {}, {}],(1)=[{21}, {[4, 21, 23]}, {}],(2)=[{13, 22}, {[3, 13, 21], [5, 21, 22]}, {}],(3)=[{14, 49}, {[2, 13, 49], [3, 14, 22], [5, 13, 14]}, {}],(4)=[{12, 50, 51, 57}, {[2, 14, 50], [3, 49, 57], [4, 12, 14], [4, 49, 51], [5, 49, 50]}, {[2, 51, 57]}],(5)=[{34, 54, 58}, {[2, 12, 34], [3, 50, 58], [4, 54, 57]}, {}],(6)=[{36, 42, 47, 52, 56, 59, 61}, {[2, 52, 58], [3, 34, 42], [3, 47, 54], [4, 34, 36], [4, 58, 61], [5, 54, 56], [5, 58, 59]}, {}],(7)=[{5, 19, 37, 43, 45, 48, 53, 60}, {[2, 5, 47], [2, 19, 36], [2, 45, 61], [2, 53, 59], [3, 53, 59], [3, 56, 60], [4, 42, 45], [4, 52, 53], [5, 36, 37], [5, 42, 43], [5, 47, 48], [5, 52, 53], [5, 60, 61]}, {[3, 43, 45]}],(9)=[{4, 7, 25, 39}, {[2, 7, 46], [3, 20, 25], [4, 4, 6], [4, 39, 44]}, {}],(8)=[{6, 17, 20, 44, 46, 55}, {[2, 6, 48], [2, 20, 37], [2, 44, 60], [3, 17, 19], [3, 48, 55], [4, 17, 19], [4, 46, 48], [4, 55, 60], [5, 5, 6], [5, 19, 20], [5, 44, 45]}, {}],(11)=[{8, 31}, {[4, 30, 31], [5, 8, 9]}, {}],(10)=[{1, 9, 24, 28, 30}, {[2, 4, 28], [2, 30, 39], [3, 1, 7], [3, 4, 9], [3, 28, 39], [4, 7, 9], [4, 24, 25], [5, 24, 25]}, {}],(13)=[{2, 26, 27, 38}, {[2, 3, 27], [2, 29, 38], [4, 2, 3], [4, 26, 29], [5, 2, 3], [5, 38, 40]}, {[2, 2, 26], [3, 27, 38], [5, 26, 27]}],(12)=[{3, 29, 40}, {[2, 31, 40], [3, 3, 8], [3, 31, 40], [5, 29, 31]}, {}],(15)=[{10, 33}, {[2, 10, 32], [3, 33, 41], [5, 32, 33]}, {}],(14)=[{32, 41}, {[3, 26, 32], [4, 38, 41]}, {}],(16)=[{11, 15, 35}, {[2, 11, 33], [3, 10, 15], [4, 10, 11], [4, 33, 35], [5, 10, 11]}, {}],(17)=[{16, 18}, {[2, 18, 35], [5, 15, 16]}, {[3, 16, 18], [4, 16, 18]}]]) ], 

  [ [[2, 4, 5], [3, 4], [3, 4, 5], [3, 5], [2, 3, 5], [2, 4], [2, 4, 5], [2, 3, 4], [2, 3, 5], [1, 3, 5], [1, 4], [1, 4, 5], [1, 3, 4], [1, 3, 5], [1, 2, 5], [1, 2, 4], [1, 2, 4, 5], [1, 3], [1, 3, 5], [1, 3, 4], [1, 2, 4], [1, 2, 5], [1, 2, 3], [1, 2, 3, 5], [1, 2, 4], [1, 3, 5], [1, 3, 4], [1, 3, 4, 5], [1, 4], [1, 4, 5], [1, 3, 5], [2, 5], [2, 4], [2, 4, 5], [2, 3], [2, 3, 5], [2, 3, 4], [2, 4], [2, 4, 5], [2, 5], [3], [3, 5], [3, 4], [2, 3, 5], [2, 4], [1, 4, 5], [1, 3, 4], [1, 3, 5], [2, 4], [2, 5], [2, 3], [2, 3, 5], [2, 4], [1, 2, 4], [1, 2, 4, 5], [1, 2, 5], [1, 3], [1, 3, 5], [1, 3, 4], [1, 3, 5], [1, 4]], 
     {[2, 1, 46], [2, 5, 26], [2, 6, 27], [2, 7, 28], [2, 8, 47], [2, 9, 48], [2, 10, 32], [2, 11, 33], [2, 12, 34], [2, 13, 49], [2, 14, 50], [2, 18, 35], [2, 19, 36], [2, 20, 37], [2, 29, 38], [2, 30, 39], [2, 31, 40], [2, 44, 60], [2, 45, 61], [2, 51, 57], [2, 52, 58], [2, 53, 59], [3, 1, 4], [3, 2, 6], [3, 3, 7], [3, 10, 15], [3, 13, 21], [3, 14, 22], [3, 16, 18], [3, 17, 19], [3, 20, 25], [3, 26, 32], [3, 27, 38], [3, 28, 39], [3, 31, 40], [3, 33, 41], [3, 34, 42], [3, 43, 45], [3, 47, 54], [3, 48, 55], [3, 49, 57], [3, 50, 58], [3, 53, 59], [3, 56, 60], [4, 1, 4], [4, 5, 6], [4, 7, 9], [4, 10, 11], [4, 12, 14], [4, 16, 18], [4, 17, 19], [4, 21, 23], [4, 24, 25], [4, 26, 29], [4, 30, 31], [4, 33, 35], [4, 34, 36], [4, 38, 41], [4, 39, 44], [4, 42, 45], [4, 46, 48], [4, 49, 51], [4, 52, 53], [4, 54, 57], [4, 55, 60], [4, 58, 61], [5, 2, 4], [5, 5, 6], [5, 8, 9], [5, 10, 11], [5, 13, 14], [5, 15, 16], [5, 19, 20], [5, 21, 22], [5, 24, 25], [5, 26, 27], [5, 29, 31], [5, 32, 33], [5, 36, 37], [5, 38, 40], [5, 42, 43], [5, 44, 45], [5, 47, 48], [5, 49, 50], [5, 52, 53], [5, 54, 56], [5, 58, 59], [5, 60, 61]}, 
     [[2, 4, 4, 7, 5, 6, 7, 8, 3, 7, 1, 3], [2, 4, 4, 7, 7, 8, 3, 7, 1, 3, 5, 6], [2, 4, 4, 7, 7, 8, 3, 7, 5, 6, 1, 3], [2, 4, 4, 7, 7, 8, 5, 6, 3, 7, 1, 3], [2, 4, 4, 8, 3, 4, 1, 3, 4, 7, 5, 6], [2, 4, 4, 8, 3, 4, 4, 7, 1, 3, 5, 6], [2, 4, 4, 8, 3, 4, 4, 7, 5, 6, 1, 3], [2, 4, 4, 8, 5, 6, 3, 4, 1, 3, 4, 7], [2, 4, 4, 8, 5, 6, 3, 4, 4, 7, 1, 3], [2, 8, 1, 2, 3, 4, 2, 3, 4, 7, 5, 6], [2, 8, 1, 2, 3, 4, 4, 7, 2, 3, 5, 6], [2, 8, 1, 2, 3, 4, 4, 7, 5, 6, 2, 3], [2, 8, 1, 2, 5, 6, 3, 4, 2, 3, 4, 7], [2, 8, 1, 2, 5, 6, 3, 4, 4, 7, 2, 3], [2, 8, 3, 4, 1, 2, 2, 3, 4, 7, 5, 6], [2, 8, 3, 4, 1, 2, 4, 7, 2, 3, 5, 6], [2, 8, 3, 4, 1, 2, 4, 7, 5, 6, 2, 3], [2, 8, 3, 4, 4, 7, 1, 2, 2, 3, 5, 6], [2, 8, 3, 4, 4, 7, 1, 2, 5, 6, 2, 3], [2, 8, 3, 4, 4, 7, 5, 6, 1, 2, 2, 3], [2, 8, 5, 6, 1, 2, 3, 4, 2, 3, 4, 7], [2, 8, 5, 6, 1, 2, 3, 4, 4, 7, 2, 3], [2, 8, 5, 6, 3, 4, 1, 2, 2, 3, 4, 7], [2, 8, 5, 6, 3, 4, 1, 2, 4, 7, 2, 3], [2, 8, 5, 6, 3, 4, 4, 7, 1, 2, 2, 3], [3, 4, 2, 3, 3, 8, 1, 3, 4, 7, 5, 6], [3, 4, 2, 3, 3, 8, 4, 7, 1, 3, 5, 6], [3, 4, 2, 3, 3, 8, 4, 7, 5, 6, 1, 3], [3, 4, 2, 3, 4, 7, 3, 8, 1, 3, 5, 6], [3, 4, 2, 3, 4, 7, 3, 8, 5, 6, 1, 3], [3, 4, 2, 3, 4, 7, 5, 6, 3, 8, 1, 3], [3, 4, 2, 8, 1, 2, 2, 3, 4, 7, 5, 6], [3, 4, 2, 8, 1, 2, 4, 7, 2, 3, 5, 6], [3, 4, 2, 8, 1, 2, 4, 7, 5, 6, 2, 3], [3, 4, 2, 8, 4, 7, 1, 2, 2, 3, 5, 6], [3, 4, 2, 8, 4, 7, 1, 2, 5, 6, 2, 3], [3, 4, 2, 8, 4, 7, 5, 6, 1, 2, 2, 3], [3, 4, 4, 7, 2, 3, 3, 8, 1, 3, 5, 6], [3, 4, 4, 7, 2, 3, 3, 8, 5, 6, 1, 3], [3, 4, 4, 7, 2, 3, 5, 6, 3, 8, 1, 3], [3, 4, 4, 7, 2, 8, 1, 2, 2, 3, 5, 6], [3, 4, 4, 7, 2, 8, 1, 2, 5, 6, 2, 3], [3, 4, 4, 7, 2, 8, 5, 6, 1, 2, 2, 3], [3, 4, 4, 7, 5, 6, 2, 3, 3, 8, 1, 3], [3, 4, 4, 7, 5, 6, 2, 8, 1, 2, 2, 3], [5, 6, 2, 4, 4, 7, 7, 8, 3, 7, 1, 3], [5, 6, 2, 4, 4, 8, 3, 4, 1, 3, 4, 7], [5, 6, 2, 4, 4, 8, 3, 4, 4, 7, 1, 3], [5, 6, 2, 8, 1, 2, 3, 4, 2, 3, 4, 7], [5, 6, 2, 8, 1, 2, 3, 4, 4, 7, 2, 3], [5, 6, 2, 8, 3, 4, 1, 2, 2, 3, 4, 7], [5, 6, 2, 8, 3, 4, 1, 2, 4, 7, 2, 3], [5, 6, 2, 8, 3, 4, 4, 7, 1, 2, 2, 3], [5, 6, 3, 4, 2, 3, 3, 8, 1, 3, 4, 7], [5, 6, 3, 4, 2, 3, 3, 8, 4, 7, 1, 3], [5, 6, 3, 4, 2, 3, 4, 7, 3, 8, 1, 3], [5, 6, 3, 4, 2, 8, 1, 2, 2, 3, 4, 7], [5, 6, 3, 4, 2, 8, 1, 2, 4, 7, 2, 3], [5, 6, 3, 4, 2, 8, 4, 7, 1, 2, 2, 3], [5, 6, 3, 4, 4, 7, 2, 3, 3, 8, 1, 3], [5, 6, 3, 4, 4, 7, 2, 8, 1, 2, 2, 3]], 
     table([(0)=[{23}, {}, {}],(1)=[{21}, {[4, 21, 23]}, {}],(2)=[{13, 22}, {[3, 13, 21], [5, 21, 22]}, {}],(3)=[{14, 49}, {[2, 13, 49], [3, 14, 22], [5, 13, 14]}, {}],(4)=[{12, 50, 51, 57}, {[2, 14, 50], [3, 49, 57], [4, 12, 14], [4, 49, 51], [5, 49, 50]}, {[2, 51, 57]}],(5)=[{34, 54, 58}, {[2, 12, 34], [3, 50, 58], [4, 54, 57]}, {}],(6)=[{36, 42, 47, 52, 56, 59, 61}, {[2, 52, 58], [3, 34, 42], [3, 47, 54], [4, 34, 36], [4, 58, 61], [5, 54, 56], [5, 58, 59]}, {}],(7)=[{8, 19, 37, 43, 45, 48, 53, 60}, {[2, 8, 47], [2, 19, 36], [2, 45, 61], [2, 53, 59], [3, 53, 59], [3, 56, 60], [4, 42, 45], [4, 52, 53], [5, 36, 37], [5, 42, 43], [5, 47, 48], [5, 52, 53], [5, 60, 61]}, {[3, 43, 45]}],(9)=[{1, 7, 25, 39}, {[2, 1, 46], [3, 20, 25], [4, 7, 9], [4, 39, 44]}, {}],(8)=[{9, 17, 20, 44, 46, 55}, {[2, 9, 48], [2, 20, 37], [2, 44, 60], [3, 17, 19], [3, 48, 55], [4, 17, 19], [4, 46, 48], [4, 55, 60], [5, 8, 9], [5, 19, 20], [5, 44, 45]}, {}],(11)=[{2, 31}, {[4, 30, 31], [5, 2, 4]}, {}],(10)=[{3, 4, 24, 28, 30}, {[2, 7, 28], [2, 30, 39], [3, 1, 4], [3, 3, 7], [3, 28, 39], [4, 1, 4], [4, 24, 25], [5, 24, 25]}, {}],(13)=[{5, 26, 27, 38}, {[2, 6, 27], [2, 29, 38], [4, 5, 6], [4, 26, 29], [5, 5, 6], [5, 38, 40]}, {[2, 5, 26], [3, 27, 38], [5, 26, 27]}],(12)=[{6, 29, 40}, {[2, 31, 40], [3, 2, 6], [3, 31, 40], [5, 29, 31]}, {}],(15)=[{10, 33}, {[2, 10, 32], [3, 33, 41], [5, 32, 33]}, {}],(14)=[{32, 41}, {[3, 26, 32], [4, 38, 41]}, {}],(16)=[{11, 15, 35}, {[2, 11, 33], [3, 10, 15], [4, 10, 11], [4, 33, 35], [5, 10, 11]}, {}],(17)=[{16, 18}, {[2, 18, 35], [5, 15, 16]}, {[3, 16, 18], [4, 16, 18]}]]) ], 

  [ [[1, 3, 4, 5], [1, 2, 4, 5], [1, 3, 5], [1, 3, 4], [2, 4, 5], [2, 3, 5], [2, 3, 4], [2, 3, 5], [2, 4], [1, 4, 5], [1, 3, 5], [1, 3, 4], [1, 3, 5], [1, 4], [1, 2, 4, 5], [1, 3, 5], [1, 3, 4], [1, 2, 5], [1, 2, 4], [1, 2, 3], [1, 2, 5], [1, 2, 4], [1, 2, 3, 5], [1, 2, 4], [1, 3], [3, 4, 5], [2, 4, 5], [2, 3, 5], [2, 3, 4], [2, 4, 5], [3, 5], [3, 4], [2, 3, 5], [2, 4], [1, 4, 5], [1, 3, 5], [1, 3, 4], [1, 3, 5], [1, 4], [2, 5], [2, 4], [2, 3], [1, 2, 5], [1, 2, 4], [1, 3], [2, 4, 5], [3, 5], [3, 4], [2, 5], [2, 4], [2, 3, 5], [2, 4], [2, 3], [1, 4, 5], [1, 3, 5], [1, 3, 4], [1, 3, 5], [1, 4], [2, 5], [2, 4], [3]], 
     {[2, 1, 5], [2, 3, 8], [2, 4, 9], [2, 6, 36], [2, 7, 37], [2, 10, 27], [2, 11, 40], [2, 12, 41], [2, 13, 49], [2, 14, 50], [2, 16, 28], [2, 17, 29], [2, 25, 53], [2, 30, 35], [2, 33, 57], [2, 34, 58], [2, 38, 59], [2, 39, 60], [2, 42, 45], [2, 46, 54], [2, 51, 55], [2, 52, 56], [3, 1, 5], [3, 2, 3], [3, 4, 9], [3, 11, 18], [3, 12, 19], [3, 13, 21], [3, 15, 16], [3, 17, 24], [3, 22, 25], [3, 26, 30], [3, 27, 31], [3, 32, 34], [3, 36, 40], [3, 37, 44], [3, 38, 43], [3, 41, 45], [3, 46, 47], [3, 48, 60], [3, 49, 55], [3, 50, 61], [3, 52, 56], [3, 57, 59], [4, 2, 3], [4, 5, 8], [4, 6, 9], [4, 10, 13], [4, 11, 14], [4, 15, 16], [4, 19, 20], [4, 22, 25], [4, 23, 24], [4, 27, 28], [4, 30, 33], [4, 31, 34], [4, 35, 38], [4, 36, 39], [4, 41, 42], [4, 44, 45], [4, 46, 47], [4, 50, 53], [4, 51, 52], [4, 54, 57], [4, 55, 58], [4, 60, 61], [5, 3, 4], [5, 6, 7], [5, 8, 9], [5, 11, 12], [5, 13, 14], [5, 16, 17], [5, 18, 19], [5, 21, 22], [5, 23, 24], [5, 28, 29], [5, 31, 32], [5, 33, 34], [5, 36, 37], [5, 38, 39], [5, 40, 41], [5, 43, 44], [5, 47, 48], [5, 49, 50], [5, 51, 52], [5, 55, 56], [5, 57, 58], [5, 59, 60]}, 
     [[2, 6, 3, 5, 6, 7, 5, 6, 4, 5, 1, 4], [2, 6, 4, 5, 3, 4, 6, 7, 4, 6, 1, 4], [2, 6, 4, 5, 6, 7, 3, 4, 4, 6, 1, 4], [2, 6, 4, 5, 6, 7, 3, 6, 1, 3, 3, 4], [2, 6, 6, 7, 3, 5, 5, 6, 4, 5, 1, 4], [2, 6, 6, 7, 3, 6, 1, 3, 4, 5, 3, 4], [2, 6, 6, 7, 3, 6, 4, 5, 1, 3, 3, 4], [2, 6, 6, 7, 4, 5, 3, 4, 4, 6, 1, 4], [2, 6, 6, 7, 4, 5, 3, 6, 1, 3, 3, 4], [2, 7, 1, 2, 3, 5, 5, 6, 4, 5, 2, 4], [2, 7, 1, 2, 3, 6, 2, 3, 4, 5, 3, 4], [2, 7, 1, 2, 3, 6, 4, 5, 2, 3, 3, 4], [2, 7, 1, 2, 4, 5, 3, 4, 4, 6, 2, 4], [2, 7, 1, 2, 4, 5, 3, 6, 2, 3, 3, 4], [2, 7, 3, 5, 1, 2, 5, 6, 4, 5, 2, 4], [2, 7, 3, 5, 5, 6, 1, 2, 4, 5, 2, 4], [2, 7, 3, 5, 5, 6, 4, 5, 1, 2, 2, 4], [2, 7, 3, 6, 1, 2, 2, 3, 4, 5, 3, 4], [2, 7, 3, 6, 1, 2, 4, 5, 2, 3, 3, 4], [2, 7, 3, 6, 4, 5, 1, 2, 2, 3, 3, 4], [2, 7, 4, 5, 1, 2, 3, 4, 4, 6, 2, 4], [2, 7, 4, 5, 1, 2, 3, 6, 2, 3, 3, 4], [2, 7, 4, 5, 3, 4, 1, 2, 4, 6, 2, 4], [2, 7, 4, 5, 3, 4, 4, 6, 1, 2, 2, 4], [2, 7, 4, 5, 3, 6, 1, 2, 2, 3, 3, 4], [3, 5, 2, 6, 6, 7, 5, 6, 4, 5, 1, 4], [3, 5, 2, 7, 1, 2, 5, 6, 4, 5, 2, 4], [3, 5, 2, 7, 5, 6, 1, 2, 4, 5, 2, 4], [3, 5, 2, 7, 5, 6, 4, 5, 1, 2, 2, 4], [3, 5, 5, 6, 2, 5, 5, 7, 4, 5, 1, 4], [3, 5, 5, 6, 2, 7, 1, 2, 4, 5, 2, 4], [3, 5, 5, 6, 2, 7, 4, 5, 1, 2, 2, 4], [3, 5, 5, 6, 4, 5, 2, 4, 4, 7, 1, 4], [3, 5, 5, 6, 4, 5, 2, 7, 1, 2, 2, 4], [3, 6, 2, 3, 3, 5, 5, 7, 4, 5, 1, 4], [3, 6, 2, 3, 3, 7, 1, 3, 4, 5, 3, 4], [3, 6, 2, 3, 3, 7, 4, 5, 1, 3, 3, 4], [3, 6, 2, 3, 4, 5, 3, 4, 4, 7, 1, 4], [3, 6, 2, 3, 4, 5, 3, 7, 1, 3, 3, 4], [3, 6, 2, 7, 1, 2, 2, 3, 4, 5, 3, 4], [3, 6, 2, 7, 1, 2, 4, 5, 2, 3, 3, 4], [3, 6, 2, 7, 4, 5, 1, 2, 2, 3, 3, 4], [3, 6, 4, 5, 2, 3, 3, 4, 4, 7, 1, 4], [3, 6, 4, 5, 2, 3, 3, 7, 1, 3, 3, 4], [3, 6, 4, 5, 2, 7, 1, 2, 2, 3, 3, 4], [4, 5, 2, 6, 3, 4, 6, 7, 4, 6, 1, 4], [4, 5, 2, 6, 6, 7, 3, 4, 4, 6, 1, 4], [4, 5, 2, 6, 6, 7, 3, 6, 1, 3, 3, 4], [4, 5, 2, 7, 1, 2, 3, 4, 4, 6, 2, 4], [4, 5, 2, 7, 1, 2, 3, 6, 2, 3, 3, 4], [4, 5, 2, 7, 3, 4, 1, 2, 4, 6, 2, 4], [4, 5, 2, 7, 3, 4, 4, 6, 1, 2, 2, 4], [4, 5, 2, 7, 3, 6, 1, 2, 2, 3, 3, 4], [4, 5, 3, 4, 2, 6, 6, 7, 4, 6, 1, 4], [4, 5, 3, 4, 2, 7, 1, 2, 4, 6, 2, 4], [4, 5, 3, 4, 2, 7, 4, 6, 1, 2, 2, 4], [4, 5, 3, 4, 4, 6, 2, 4, 4, 7, 1, 4], [4, 5, 3, 4, 4, 6, 2, 7, 1, 2, 2, 4], [4, 5, 3, 6, 2, 3, 3, 4, 4, 7, 1, 4], [4, 5, 3, 6, 2, 3, 3, 7, 1, 3, 3, 4], [4, 5, 3, 6, 2, 7, 1, 2, 2, 3, 3, 4]], 
     table([(0)=[{20}, {}, {}],(1)=[{19}, {[4, 19, 20]}, {}],(2)=[{12, 18}, {[3, 12, 19], [5, 18, 19]}, {}],(3)=[{11, 41}, {[2, 12, 41], [3, 11, 18], [5, 11, 12]}, {}],(4)=[{14, 40, 42, 45}, {[2, 11, 40], [3, 41, 45], [4, 11, 14], [4, 41, 42], [5, 40, 41]}, {[2, 42, 45]}],(5)=[{13, 36, 44, 50}, {[2, 14, 50], [3, 36, 40], [4, 44, 45], [5, 13, 14]}, {}],(6)=[{6, 10, 21, 37, 39, 43, 49, 53, 61}, {[2, 6, 36], [2, 13, 49], [3, 13, 21], [3, 37, 44], [3, 50, 61], [4, 10, 13], [4, 36, 39], [4, 50, 53], [5, 36, 37], [5, 43, 44], [5, 49, 50]}, {}],(7)=[{7, 9, 22, 25, 27, 38, 55, 60}, {[2, 7, 37], [2, 10, 27], [2, 25, 53], [2, 39, 60], [3, 38, 43], [3, 49, 55], [4, 6, 9], [4, 60, 61], [5, 6, 7], [5, 21, 22], [5, 38, 39]}, {[3, 22, 25], [4, 22, 25]}],(9)=[{3, 5, 16, 29, 30, 32, 34, 47, 52, 57}, {[2, 3, 8], [2, 16, 28], [2, 30, 35], [2, 34, 58], [2, 52, 56], [3, 52, 56], [3, 57, 59], [4, 5, 8], [4, 31, 34], [4, 51, 52], [5, 3, 4], [5, 28, 29], [5, 31, 32], [5, 47, 48], [5, 51, 52], [5, 57, 58]}, {[3, 32, 34]}],(8)=[{4, 8, 28, 31, 35, 48, 51, 56, 58, 59}, {[2, 4, 9], [2, 38, 59], [2, 51, 55], [3, 4, 9], [3, 27, 31], [3, 48, 60], [4, 27, 28], [4, 35, 38], [4, 55, 58], [5, 8, 9], [5, 55, 56], [5, 59, 60]}, {}],(11)=[{24}, {[3, 17, 24]}, {}],(10)=[{1, 2, 15, 17, 26, 33, 46, 54}, {[2, 1, 5], [2, 17, 29], [2, 33, 57], [3, 1, 5], [3, 2, 3], [3, 15, 16], [3, 26, 30], [3, 46, 47], [4, 2, 3], [4, 15, 16], [4, 30, 33], [4, 46, 47], [4, 54, 57], [5, 16, 17], [5, 33, 34]}, {[2, 46, 54]}],(12)=[{23}, {[4, 23, 24], [5, 23, 24]}, {}]]) ], 

  [ [[1, 4, 5], [1, 3, 5], [1, 3, 4], [1, 3, 5], [1, 4], [1, 2, 4, 5], [1, 3, 5], [1, 3, 4], [1, 2, 5], [1, 2, 4], [1, 2, 3], [1, 2, 5], [1, 2, 4], [1, 2, 3, 5], [1, 2, 4], [1, 3], [2, 4, 5], [2, 3, 5], [2, 3, 4], [3, 5], [3, 4], [3, 4, 5], [2, 4], [2, 4, 5], [2, 3, 5], [2, 5], [2, 4], [2, 3, 5], [2, 4], [2, 4, 5], [2, 3], [2, 3, 4], [2, 3, 5], [1, 3, 5], [1, 3, 4], [1, 3, 4, 5], [1, 4], [1, 4, 5], [1, 3, 5], [1, 3], [1, 3, 4], [1, 3, 5], [1, 2, 4], [1, 2, 4, 5], [1, 2, 5], [2, 5], [2, 4], [2, 3, 5], [2, 4], [2, 3], [1, 3, 5], [1, 3, 4], [1, 4], [1, 4, 5], [1, 3, 5], [3], [3, 4], [3, 5], [2, 4], [2, 4, 5], [2, 5]], 
     {[2, 1, 17], [2, 2, 26], [2, 3, 27], [2, 4, 46], [2, 5, 47], [2, 7, 18], [2, 8, 19], [2, 16, 50], [2, 23, 53], [2, 24, 54], [2, 25, 55], [2, 28, 34], [2, 29, 35], [2, 30, 36], [2, 31, 40], [2, 32, 41], [2, 33, 42], [2, 37, 59], [2, 38, 60], [2, 39, 61], [2, 48, 51], [2, 49, 52], [3, 2, 9], [3, 3, 10], [3, 4, 12], [3, 6, 7], [3, 8, 15], [3, 13, 16], [3, 17, 20], [3, 21, 23], [3, 22, 24], [3, 26, 34], [3, 27, 40], [3, 29, 35], [3, 30, 36], [3, 39, 45], [3, 41, 43], [3, 42, 44], [3, 46, 51], [3, 47, 56], [3, 49, 52], [3, 55, 61], [3, 57, 59], [3, 58, 60], [4, 1, 4], [4, 2, 5], [4, 6, 7], [4, 10, 11], [4, 13, 16], [4, 14, 15], [4, 17, 18], [4, 20, 23], [4, 24, 25], [4, 27, 31], [4, 28, 29], [4, 30, 33], [4, 34, 37], [4, 38, 39], [4, 40, 43], [4, 42, 44], [4, 47, 50], [4, 48, 49], [4, 51, 53], [4, 54, 55], [4, 56, 59], [4, 58, 60], [5, 2, 3], [5, 4, 5], [5, 7, 8], [5, 9, 10], [5, 12, 13], [5, 14, 15], [5, 18, 19], [5, 20, 21], [5, 23, 25], [5, 26, 27], [5, 28, 29], [5, 32, 33], [5, 34, 35], [5, 37, 39], [5, 41, 42], [5, 43, 45], [5, 46, 47], [5, 48, 49], [5, 51, 52], [5, 53, 55], [5, 57, 58], [5, 59, 61]}, 
     [[2, 8, 1, 2, 4, 6, 6, 7, 5, 6, 3, 5], [2, 8, 1, 2, 4, 7, 3, 4, 5, 6, 4, 5], [2, 8, 1, 2, 4, 7, 5, 6, 3, 4, 4, 5], [2, 8, 1, 2, 5, 6, 4, 5, 5, 7, 3, 5], [2, 8, 1, 2, 5, 6, 4, 7, 3, 4, 4, 5], [2, 8, 4, 6, 1, 2, 6, 7, 5, 6, 3, 5], [2, 8, 4, 6, 6, 7, 1, 2, 5, 6, 3, 5], [2, 8, 4, 6, 6, 7, 5, 6, 1, 2, 3, 5], [2, 8, 4, 7, 1, 2, 3, 4, 5, 6, 4, 5], [2, 8, 4, 7, 1, 2, 5, 6, 3, 4, 4, 5], [2, 8, 4, 7, 5, 6, 1, 2, 3, 4, 4, 5], [2, 8, 5, 6, 1, 2, 4, 5, 5, 7, 3, 5], [2, 8, 5, 6, 1, 2, 4, 7, 3, 4, 4, 5], [2, 8, 5, 6, 4, 5, 1, 2, 5, 7, 3, 5], [2, 8, 5, 6, 4, 5, 5, 7, 1, 2, 3, 5], [2, 8, 5, 6, 4, 7, 1, 2, 3, 4, 4, 5], [4, 6, 2, 8, 1, 2, 6, 7, 5, 6, 3, 5], [4, 6, 2, 8, 6, 7, 1, 2, 5, 6, 3, 5], [4, 6, 2, 8, 6, 7, 5, 6, 1, 2, 3, 5], [4, 6, 6, 7, 2, 8, 1, 2, 5, 6, 3, 5], [4, 6, 6, 7, 2, 8, 5, 6, 1, 2, 3, 5], [4, 6, 6, 7, 2, 8, 5, 6, 3, 5, 1, 2], [4, 6, 6, 7, 5, 6, 2, 8, 1, 2, 3, 5], [4, 6, 6, 7, 5, 6, 2, 8, 3, 5, 1, 2], [4, 6, 6, 7, 5, 6, 3, 5, 2, 8, 1, 2], [4, 7, 2, 8, 1, 2, 3, 4, 5, 6, 4, 5], [4, 7, 2, 8, 1, 2, 5, 6, 3, 4, 4, 5], [4, 7, 2, 8, 3, 4, 1, 2, 5, 6, 4, 5], [4, 7, 2, 8, 3, 4, 5, 6, 1, 2, 4, 5], [4, 7, 2, 8, 3, 4, 5, 6, 4, 5, 1, 2], [4, 7, 2, 8, 5, 6, 1, 2, 3, 4, 4, 5], [4, 7, 2, 8, 5, 6, 3, 4, 1, 2, 4, 5], [4, 7, 2, 8, 5, 6, 3, 4, 4, 5, 1, 2], [4, 7, 3, 4, 2, 8, 1, 2, 5, 6, 4, 5], [4, 7, 3, 4, 2, 8, 5, 6, 1, 2, 4, 5], [4, 7, 3, 4, 2, 8, 5, 6, 4, 5, 1, 2], [4, 7, 3, 4, 5, 6, 2, 8, 1, 2, 4, 5], [4, 7, 3, 4, 5, 6, 2, 8, 4, 5, 1, 2], [4, 7, 3, 4, 5, 6, 4, 5, 2, 8, 1, 2], [4, 7, 5, 6, 2, 8, 1, 2, 3, 4, 4, 5], [4, 7, 5, 6, 2, 8, 3, 4, 1, 2, 4, 5], [4, 7, 5, 6, 2, 8, 3, 4, 4, 5, 1, 2], [4, 7, 5, 6, 3, 4, 2, 8, 1, 2, 4, 5], [4, 7, 5, 6, 3, 4, 2, 8, 4, 5, 1, 2], [4, 7, 5, 6, 3, 4, 4, 5, 2, 8, 1, 2], [5, 6, 2, 8, 1, 2, 4, 5, 5, 7, 3, 5], [5, 6, 2, 8, 1, 2, 4, 7, 3, 4, 4, 5], [5, 6, 2, 8, 4, 5, 1, 2, 5, 7, 3, 5], [5, 6, 2, 8, 4, 5, 5, 7, 1, 2, 3, 5], [5, 6, 2, 8, 4, 7, 1, 2, 3, 4, 4, 5], [5, 6, 4, 5, 2, 8, 1, 2, 5, 7, 3, 5], [5, 6, 4, 5, 2, 8, 5, 7, 1, 2, 3, 5], [5, 6, 4, 5, 5, 7, 2, 8, 1, 2, 3, 5], [5, 6, 4, 5, 5, 7, 2, 8, 3, 5, 1, 2], [5, 6, 4, 5, 5, 7, 3, 5, 2, 8, 1, 2], [5, 6, 4, 7, 2, 8, 1, 2, 3, 4, 4, 5], [5, 6, 4, 7, 2, 8, 3, 4, 1, 2, 4, 5], [5, 6, 4, 7, 2, 8, 3, 4, 4, 5, 1, 2], [5, 6, 4, 7, 3, 4, 2, 8, 1, 2, 4, 5], [5, 6, 4, 7, 3, 4, 2, 8, 4, 5, 1, 2], [5, 6, 4, 7, 3, 4, 4, 5, 2, 8, 1, 2]], 
     table([(0)=[{11}, {}, {}],(1)=[{10}, {[4, 10, 11]}, {}],(2)=[{3, 9}, {[3, 3, 10], [5, 9, 10]}, {}],(3)=[{2, 27}, {[2, 3, 27], [3, 2, 9], [5, 2, 3]}, {}],(4)=[{5, 26, 31, 40}, {[2, 2, 26], [3, 27, 40], [4, 2, 5], [4, 27, 31], [5, 26, 27]}, {[2, 31, 40]}],(5)=[{4, 34, 43, 47}, {[2, 5, 47], [3, 26, 34], [4, 40, 43], [5, 4, 5]}, {}],(6)=[{1, 12, 28, 35, 37, 41, 45, 46, 50, 56}, {[2, 4, 46], [2, 28, 34], [3, 4, 12], [3, 41, 43], [3, 47, 56], [4, 1, 4], [4, 34, 37], [4, 47, 50], [5, 34, 35], [5, 43, 45], [5, 46, 47]}, {}],(7)=[{13, 16, 17, 29, 32, 39, 42, 51, 59}, {[2, 1, 17], [2, 16, 50], [2, 29, 35], [2, 32, 41], [2, 37, 59], [3, 29, 35], [3, 39, 45], [3, 46, 51], [4, 28, 29], [4, 56, 59], [5, 12, 13], [5, 28, 29], [5, 37, 39], [5, 41, 42]}, {[3, 13, 16], [4, 13, 16]}],(9)=[{7, 19, 21, 23, 30, 49, 55, 58, 60}, {[2, 7, 18], [2, 23, 53], [2, 38, 60], [2, 49, 52], [3, 49, 52], [3, 55, 61], [4, 20, 23], [4, 30, 33], [4, 48, 49], [5, 18, 19], [5, 20, 21], [5, 48, 49], [5, 53, 55], [5, 57, 58]}, {[3, 21, 23], [3, 58, 60], [4, 58, 60]}],(8)=[{18, 20, 33, 38, 44, 48, 52, 53, 57, 61}, {[2, 33, 42], [2, 39, 61], [2, 48, 51], [3, 17, 20], [3, 42, 44], [3, 57, 59], [4, 17, 18], [4, 38, 39], [4, 42, 44], [4, 51, 53], [5, 32, 33], [5, 51, 52], [5, 59, 61]}, {}],(11)=[{15, 24}, {[2, 24, 54], [3, 8, 15], [4, 24, 25]}, {}],(10)=[{6, 8, 25, 36, 54}, {[2, 8, 19], [2, 25, 55], [2, 30, 36], [3, 6, 7], [3, 30, 36], [4, 6, 7], [4, 54, 55], [5, 7, 8], [5, 23, 25]}, {}],(12)=[{14, 22}, {[3, 22, 24], [4, 14, 15], [5, 14, 15]}, {}]]) ], 

#################################################################
### The symmetric function = s[5, 1] + s[4, 2] + s[4, 1, 1] + 2 s[3, 2, 1] + s[2, 2, 2]   has 1 graph isomorphism type.

  [ [[1, 4, 5], [1, 3, 4], [1, 3, 5], [2, 4, 5], [3, 4], [3, 5], [2, 3], [2, 3, 5], [2, 4], [2, 4], [2, 5], [1, 3], [1, 3, 5], [1, 3, 4], [1, 4], [1, 4, 5], [1, 5], [1], [1, 5], [1, 4], [1, 4], [1, 3, 5], [1, 3], [1, 2, 4], [1, 2, 4, 5], [1, 2, 5], [1, 2], [1, 2, 5], [1, 2, 4], [1, 3, 5], [1, 3], [1, 4], [1, 3, 5], [1, 3], [1, 3, 4], [2, 4], [2, 5], [2], [2, 3, 5], [2, 3], [2, 4], [4, 5], [3, 4], [3, 5], [2, 4], [2, 4, 5], [2, 5], [2], [2, 5], [2, 4], [2, 3, 5], [2, 3], [2, 4], [3, 5], [3], [3, 4], [5], [4], [3, 5], [3], [4]], 
     {[2, 1, 4], [2, 2, 10], [2, 3, 11], [2, 7, 12], [2, 8, 13], [2, 9, 14], [2, 15, 45], [2, 16, 46], [2, 17, 47], [2, 18, 48], [2, 19, 49], [2, 20, 50], [2, 21, 36], [2, 22, 37], [2, 23, 38], [2, 30, 51], [2, 31, 52], [2, 32, 53], [2, 33, 39], [2, 34, 40], [2, 35, 41], [3, 2, 10], [3, 3, 11], [3, 4, 6], [3, 5, 9], [3, 12, 24], [3, 13, 25], [3, 14, 36], [3, 22, 37], [3, 23, 38], [3, 26, 30], [3, 27, 31], [3, 28, 33], [3, 29, 34], [3, 35, 41], [3, 43, 45], [3, 44, 46], [3, 47, 59], [3, 48, 60], [3, 49, 54], [3, 50, 55], [3, 53, 56], [4, 1, 3], [4, 4, 6], [4, 7, 10], [4, 8, 9], [4, 12, 15], [4, 13, 16], [4, 20, 23], [4, 21, 22], [4, 24, 30], [4, 25, 33], [4, 29, 34], [4, 31, 32], [4, 36, 39], [4, 40, 41], [4, 42, 44], [4, 45, 51], [4, 46, 54], [4, 50, 55], [4, 52, 53], [4, 58, 59], [4, 60, 61], [5, 2, 3], [5, 5, 6], [5, 8, 9], [5, 10, 11], [5, 13, 14], [5, 15, 17], [5, 19, 20], [5, 21, 22], [5, 24, 26], [5, 28, 29], [5, 30, 32], [5, 33, 35], [5, 36, 37], [5, 39, 41], [5, 43, 44], [5, 45, 47], [5, 49, 50], [5, 51, 53], [5, 54, 56], [5, 57, 58], [5, 59, 61]}, 
     [[1, 6, 3, 4, 6, 7, 7, 8, 2, 7, 4, 5], [1, 6, 3, 4, 6, 8, 2, 6, 4, 5, 6, 7], [1, 6, 3, 4, 6, 8, 2, 6, 6, 7, 4, 5], [1, 6, 6, 7, 3, 4, 7, 8, 2, 7, 4, 5], [1, 6, 6, 7, 7, 8, 2, 7, 3, 4, 4, 5], [1, 6, 6, 7, 7, 8, 3, 4, 2, 7, 4, 5], [1, 6, 6, 8, 2, 6, 3, 4, 4, 5, 6, 7], [1, 6, 6, 8, 2, 6, 3, 4, 6, 7, 4, 5], [1, 6, 6, 8, 2, 6, 6, 7, 3, 4, 4, 5], [1, 6, 6, 8, 3, 4, 2, 6, 4, 5, 6, 7], [1, 6, 6, 8, 3, 4, 2, 6, 6, 7, 4, 5], [2, 6, 1, 2, 2, 8, 3, 4, 4, 5, 6, 7], [2, 6, 1, 2, 2, 8, 3, 4, 6, 7, 4, 5], [2, 6, 1, 2, 2, 8, 6, 7, 3, 4, 4, 5], [2, 6, 1, 2, 3, 4, 2, 8, 4, 5, 6, 7], [2, 6, 1, 2, 3, 4, 2, 8, 6, 7, 4, 5], [2, 6, 1, 2, 3, 4, 4, 5, 2, 8, 6, 7], [2, 6, 1, 2, 3, 4, 4, 5, 6, 7, 2, 8], [2, 6, 1, 2, 3, 4, 6, 7, 2, 8, 4, 5], [2, 6, 1, 2, 3, 4, 6, 7, 4, 5, 2, 8], [2, 6, 1, 2, 6, 7, 2, 8, 3, 4, 4, 5], [2, 6, 1, 2, 6, 7, 3, 4, 2, 8, 4, 5], [2, 6, 1, 2, 6, 7, 3, 4, 4, 5, 2, 8], [2, 6, 3, 4, 1, 2, 2, 8, 4, 5, 6, 7], [2, 6, 3, 4, 1, 2, 2, 8, 6, 7, 4, 5], [2, 6, 3, 4, 1, 2, 4, 5, 2, 8, 6, 7], [2, 6, 3, 4, 1, 2, 4, 5, 6, 7, 2, 8], [2, 6, 3, 4, 1, 2, 6, 7, 2, 8, 4, 5], [2, 6, 3, 4, 1, 2, 6, 7, 4, 5, 2, 8], [2, 6, 3, 4, 4, 5, 1, 2, 2, 8, 6, 7], [2, 6, 3, 4, 4, 5, 1, 2, 6, 7, 2, 8], [2, 6, 3, 4, 4, 5, 6, 7, 1, 2, 2, 8], [2, 6, 3, 4, 6, 7, 1, 2, 2, 8, 4, 5], [2, 6, 3, 4, 6, 7, 1, 2, 4, 5, 2, 8], [2, 6, 3, 4, 6, 7, 4, 5, 1, 2, 2, 8], [2, 6, 6, 7, 1, 2, 2, 8, 3, 4, 4, 5], [2, 6, 6, 7, 1, 2, 3, 4, 2, 8, 4, 5], [2, 6, 6, 7, 1, 2, 3, 4, 4, 5, 2, 8], [2, 6, 6, 7, 3, 4, 1, 2, 2, 8, 4, 5], [2, 6, 6, 7, 3, 4, 1, 2, 4, 5, 2, 8], [2, 6, 6, 7, 3, 4, 4, 5, 1, 2, 2, 8], [3, 4, 1, 6, 6, 7, 7, 8, 2, 7, 4, 5], [3, 4, 1, 6, 6, 8, 2, 6, 4, 5, 6, 7], [3, 4, 1, 6, 6, 8, 2, 6, 6, 7, 4, 5], [3, 4, 2, 6, 1, 2, 2, 8, 4, 5, 6, 7], [3, 4, 2, 6, 1, 2, 2, 8, 6, 7, 4, 5], [3, 4, 2, 6, 1, 2, 4, 5, 2, 8, 6, 7], [3, 4, 2, 6, 1, 2, 4, 5, 6, 7, 2, 8], [3, 4, 2, 6, 1, 2, 6, 7, 2, 8, 4, 5], [3, 4, 2, 6, 1, 2, 6, 7, 4, 5, 2, 8], [3, 4, 2, 6, 4, 5, 1, 2, 2, 8, 6, 7], [3, 4, 2, 6, 4, 5, 1, 2, 6, 7, 2, 8], [3, 4, 2, 6, 4, 5, 6, 7, 1, 2, 2, 8], [3, 4, 2, 6, 6, 7, 1, 2, 2, 8, 4, 5], [3, 4, 2, 6, 6, 7, 1, 2, 4, 5, 2, 8], [3, 4, 2, 6, 6, 7, 4, 5, 1, 2, 2, 8], [3, 4, 4, 5, 1, 6, 6, 7, 7, 8, 2, 7], [3, 4, 4, 5, 1, 6, 6, 8, 2, 6, 6, 7], [3, 4, 4, 5, 2, 6, 1, 2, 2, 8, 6, 7], [3, 4, 4, 5, 2, 6, 1, 2, 6, 7, 2, 8], [3, 4, 4, 5, 2, 6, 6, 7, 1, 2, 2, 8]], 
     table([(0)=[{18}, {}, {}],(1)=[{48}, {[2, 18, 48]}, {}],(2)=[{60}, {[3, 48, 60]}, {}],(3)=[{61}, {[4, 60, 61]}, {}],(4)=[{59}, {[5, 59, 61]}, {}],(5)=[{47, 58}, {[3, 47, 59], [4, 58, 59]}, {}],(6)=[{17, 45, 57}, {[2, 17, 47], [5, 45, 47], [5, 57, 58]}, {}],(7)=[{15, 43, 51}, {[2, 15, 45], [3, 43, 45], [4, 45, 51], [5, 15, 17]}, {}],(9)=[{7, 24, 26, 32, 42, 46, 52, 56}, {[2, 7, 12], [2, 32, 53], [3, 12, 24], [3, 26, 30], [3, 44, 46], [3, 53, 56], [4, 24, 30], [4, 42, 44], [4, 52, 53], [5, 30, 32]}, {[5, 24, 26]}],(8)=[{12, 30, 44, 53}, {[2, 30, 51], [4, 12, 15], [5, 43, 44], [5, 51, 53]}, {}],(11)=[{2, 11, 13, 27, 49}, {[2, 2, 10], [3, 2, 10], [3, 27, 31], [3, 49, 54], [4, 13, 16], [5, 10, 11]}, {}],(10)=[{10, 16, 31, 54}, {[2, 16, 46], [2, 31, 52], [4, 7, 10], [4, 31, 32], [4, 46, 54], [5, 54, 56]}, {}],(13)=[{1, 9, 20, 33, 36, 55}, {[2, 9, 14], [2, 20, 50], [3, 14, 36], [3, 50, 55], [4, 1, 3], [4, 8, 9], [4, 25, 33], [4, 50, 55], [5, 8, 9], [5, 19, 20]}, {}],(12)=[{3, 8, 14, 19, 25, 50}, {[2, 3, 11], [2, 8, 13], [2, 19, 49], [3, 3, 11], [3, 13, 25], [5, 2, 3], [5, 13, 14], [5, 49, 50]}, {}],(15)=[{6, 22, 29, 38, 41}, {[2, 22, 37], [2, 23, 38], [2, 35, 41], [3, 4, 6], [3, 22, 37], [3, 23, 38], [3, 35, 41], [4, 4, 6], [4, 21, 22], [5, 5, 6], [5, 21, 22], [5, 28, 29], [5, 39, 41]}, {}],(14)=[{4, 5, 21, 23, 28, 35, 37, 39}, {[2, 1, 4], [2, 21, 36], [2, 33, 39], [3, 5, 9], [3, 28, 33], [4, 20, 23], [4, 36, 39], [5, 33, 35], [5, 36, 37]}, {}],(16)=[{34, 40}, {[3, 29, 34], [4, 29, 34], [4, 40, 41]}, {[2, 34, 40]}]]) ], 

#################################################################
### The symmetric function = s[4, 2] + s[4, 1, 1] + 2 s[3, 2, 1] + s[3, 1, 1, 1]   has 1 graph isomorphism type.

  [ [[2, 4, 5], [3, 5], [3, 4], [3, 4, 5], [1, 4, 5], [1, 3, 5], [1, 3, 4], [2, 3, 5], [2, 4], [2, 4, 5], [2, 5], [2, 4], [2, 3, 4], [2, 3, 5], [2, 3], [1, 3, 5], [1, 4], [1, 4, 5], [1, 5], [1, 4], [1, 3, 4], [1, 3, 5], [1, 3], [1, 2, 5], [1, 2, 4], [1, 3], [1, 2, 4], [1, 2, 5], [1, 2], [1, 2, 3], [4, 5], [3, 5], [3, 4], [2, 5], [2, 4], [2, 3], [3, 5], [4], [2, 5], [2, 4], [3], [2, 3, 5], [2, 4], [2, 4, 5], [3, 4], [3, 5], [1, 3, 5], [1, 4], [1, 4, 5], [1, 2, 5], [1, 2, 4], [1, 3, 4], [1, 3, 5], [1, 3], [2, 4], [2, 5], [2], [2, 3], [1, 5], [1, 4], [1, 3]], 
     {[2, 1, 5], [2, 6, 11], [2, 7, 12], [2, 8, 16], [2, 9, 17], [2, 10, 18], [2, 13, 52], [2, 14, 53], [2, 15, 54], [2, 19, 34], [2, 20, 35], [2, 21, 55], [2, 22, 56], [2, 23, 57], [2, 26, 36], [2, 39, 59], [2, 40, 60], [2, 42, 47], [2, 43, 48], [2, 44, 49], [2, 58, 61], [3, 1, 2], [3, 3, 9], [3, 4, 10], [3, 6, 11], [3, 7, 12], [3, 16, 24], [3, 21, 27], [3, 22, 28], [3, 23, 29], [3, 25, 26], [3, 32, 34], [3, 33, 40], [3, 35, 41], [3, 37, 39], [3, 43, 45], [3, 44, 46], [3, 47, 50], [3, 51, 54], [3, 52, 55], [3, 53, 56], [3, 57, 61], [4, 1, 2], [4, 5, 6], [4, 8, 9], [4, 10, 14], [4, 12, 15], [4, 16, 17], [4, 18, 22], [4, 20, 23], [4, 25, 26], [4, 27, 30], [4, 31, 32], [4, 35, 36], [4, 37, 38], [4, 40, 41], [4, 42, 43], [4, 44, 46], [4, 47, 48], [4, 49, 53], [4, 51, 54], [4, 55, 58], [4, 60, 61], [5, 2, 3], [5, 6, 7], [5, 8, 9], [5, 11, 12], [5, 13, 14], [5, 16, 17], [5, 19, 20], [5, 21, 22], [5, 24, 25], [5, 27, 28], [5, 32, 33], [5, 34, 35], [5, 37, 38], [5, 39, 40], [5, 42, 43], [5, 45, 46], [5, 47, 48], [5, 50, 51], [5, 52, 53], [5, 55, 56], [5, 59, 60]}, 
     [[2, 5, 1, 8, 3, 4, 8, 9, 5, 8, 6, 7], [2, 5, 1, 8, 8, 9, 3, 4, 5, 8, 6, 7], [2, 5, 1, 8, 8, 9, 5, 8, 3, 4, 6, 7], [2, 5, 1, 8, 8, 9, 5, 8, 6, 7, 3, 4], [2, 5, 3, 4, 1, 8, 8, 9, 5, 8, 6, 7], [2, 5, 3, 4, 5, 8, 1, 5, 5, 9, 6, 7], [2, 5, 3, 4, 5, 8, 6, 7, 1, 5, 5, 9], [2, 5, 5, 8, 1, 5, 3, 4, 5, 9, 6, 7], [2, 5, 5, 8, 1, 5, 5, 9, 3, 4, 6, 7], [2, 5, 5, 8, 1, 5, 5, 9, 6, 7, 3, 4], [2, 5, 5, 8, 3, 4, 1, 5, 5, 9, 6, 7], [2, 5, 5, 8, 3, 4, 6, 7, 1, 5, 5, 9], [2, 5, 5, 8, 6, 7, 1, 5, 3, 4, 5, 9], [2, 5, 5, 8, 6, 7, 1, 5, 5, 9, 3, 4], [2, 5, 5, 8, 6, 7, 3, 4, 1, 5, 5, 9], [2, 8, 1, 2, 2, 5, 3, 4, 5, 9, 6, 7], [2, 8, 1, 2, 2, 5, 5, 9, 3, 4, 6, 7], [2, 8, 1, 2, 2, 5, 5, 9, 6, 7, 3, 4], [2, 8, 1, 2, 3, 4, 2, 5, 5, 9, 6, 7], [2, 8, 1, 2, 3, 4, 6, 7, 2, 5, 5, 9], [2, 8, 1, 2, 6, 7, 2, 5, 3, 4, 5, 9], [2, 8, 1, 2, 6, 7, 2, 5, 5, 9, 3, 4], [2, 8, 1, 2, 6, 7, 3, 4, 2, 5, 5, 9], [2, 8, 3, 4, 1, 2, 2, 5, 5, 9, 6, 7], [2, 8, 3, 4, 1, 2, 6, 7, 2, 5, 5, 9], [2, 8, 3, 4, 6, 7, 1, 2, 2, 5, 5, 9], [2, 8, 6, 7, 1, 2, 2, 5, 3, 4, 5, 9], [2, 8, 6, 7, 1, 2, 2, 5, 5, 9, 3, 4], [2, 8, 6, 7, 1, 2, 3, 4, 2, 5, 5, 9], [2, 8, 6, 7, 3, 4, 1, 2, 2, 5, 5, 9], [3, 4, 2, 5, 1, 8, 8, 9, 5, 8, 6, 7], [3, 4, 2, 5, 5, 8, 1, 5, 5, 9, 6, 7], [3, 4, 2, 5, 5, 8, 6, 7, 1, 5, 5, 9], [3, 4, 2, 8, 1, 2, 2, 5, 5, 9, 6, 7], [3, 4, 2, 8, 1, 2, 6, 7, 2, 5, 5, 9], [3, 4, 2, 8, 6, 7, 1, 2, 2, 5, 5, 9], [3, 4, 6, 7, 1, 8, 2, 5, 8, 9, 5, 8], [3, 4, 6, 7, 1, 8, 8, 9, 2, 5, 5, 8], [3, 4, 6, 7, 2, 5, 1, 8, 8, 9, 5, 8], [3, 4, 6, 7, 2, 5, 5, 8, 1, 5, 5, 9], [3, 4, 6, 7, 2, 8, 1, 2, 2, 5, 5, 9], [6, 7, 1, 8, 2, 5, 3, 4, 8, 9, 5, 8], [6, 7, 1, 8, 2, 5, 8, 9, 3, 4, 5, 8], [6, 7, 1, 8, 2, 5, 8, 9, 5, 8, 3, 4], [6, 7, 1, 8, 8, 9, 2, 5, 3, 4, 5, 8], [6, 7, 1, 8, 8, 9, 2, 5, 5, 8, 3, 4], [6, 7, 2, 5, 1, 8, 3, 4, 8, 9, 5, 8], [6, 7, 2, 5, 1, 8, 8, 9, 3, 4, 5, 8], [6, 7, 2, 5, 1, 8, 8, 9, 5, 8, 3, 4], [6, 7, 2, 5, 3, 4, 1, 8, 8, 9, 5, 8], [6, 7, 2, 5, 3, 4, 5, 8, 1, 5, 5, 9], [6, 7, 2, 5, 5, 8, 1, 5, 3, 4, 5, 9], [6, 7, 2, 5, 5, 8, 1, 5, 5, 9, 3, 4], [6, 7, 2, 5, 5, 8, 3, 4, 1, 5, 5, 9], [6, 7, 2, 8, 1, 2, 2, 5, 3, 4, 5, 9], [6, 7, 2, 8, 1, 2, 2, 5, 5, 9, 3, 4], [6, 7, 2, 8, 1, 2, 3, 4, 2, 5, 5, 9], [6, 7, 2, 8, 3, 4, 1, 2, 2, 5, 5, 9], [6, 7, 3, 4, 2, 5, 1, 8, 8, 9, 5, 8], [6, 7, 3, 4, 2, 5, 5, 8, 1, 5, 5, 9], [6, 7, 3, 4, 2, 8, 1, 2, 2, 5, 5, 9]], 
     table([(0)=[{29}, {}, {}],(1)=[{23}, {[3, 23, 29]}, {}],(2)=[{20, 57}, {[2, 23, 57], [4, 20, 23]}, {}],(3)=[{19, 35, 61}, {[2, 20, 35], [3, 57, 61], [5, 19, 20]}, {}],(4)=[{34, 36, 41, 58, 60}, {[2, 19, 34], [2, 58, 61], [3, 35, 41], [4, 35, 36], [4, 60, 61], [5, 34, 35]}, {}],(5)=[{26, 32, 40, 55, 59}, {[2, 26, 36], [2, 40, 60], [3, 32, 34], [4, 40, 41], [4, 55, 58], [5, 59, 60]}, {}],(6)=[{21, 25, 31, 33, 39, 52, 56}, {[2, 21, 55], [2, 39, 59], [3, 25, 26], [3, 33, 40], [3, 52, 55], [4, 25, 26], [4, 31, 32], [5, 32, 33], [5, 39, 40], [5, 55, 56]}, {}],(7)=[{13, 22, 24, 27, 37, 53}, {[2, 13, 52], [2, 22, 56], [3, 21, 27], [3, 37, 39], [3, 53, 56], [5, 21, 22], [5, 24, 25], [5, 52, 53]}, {}],(9)=[{8, 10, 17, 44}, {[2, 8, 16], [2, 10, 18], [2, 44, 49], [4, 10, 14], [4, 16, 17], [5, 16, 17]}, {}],(8)=[{14, 16, 18, 28, 30, 38, 49}, {[2, 14, 53], [3, 16, 24], [3, 22, 28], [4, 18, 22], [4, 27, 30], [4, 37, 38], [4, 49, 53], [5, 13, 14], [5, 27, 28], [5, 37, 38]}, {}],(11)=[{3, 45}, {[3, 3, 9], [5, 45, 46]}, {}],(10)=[{4, 9, 46}, {[2, 9, 17], [3, 4, 10], [3, 44, 46], [4, 8, 9], [4, 44, 46], [5, 8, 9]}, {}],(13)=[{1, 42, 48}, {[2, 43, 48], [3, 1, 2], [4, 1, 2], [4, 42, 43], [5, 42, 43]}, {}],(12)=[{2, 43}, {[3, 43, 45], [5, 2, 3]}, {}],(15)=[{6, 50}, {[3, 47, 50], [4, 5, 6]}, {}],(14)=[{5, 47}, {[2, 1, 5], [2, 42, 47], [4, 47, 48], [5, 47, 48]}, {}],(18)=[{15}, {[2, 15, 54], [4, 12, 15]}, {}],(16)=[{7, 11, 51}, {[2, 6, 11], [3, 6, 11], [5, 6, 7], [5, 50, 51]}, {}],(17)=[{12, 54}, {[2, 7, 12], [3, 7, 12], [3, 51, 54], [4, 51, 54], [5, 11, 12]}, {}]]) ], 

#################################################################
### The symmetric function = s[3, 3] + 2 s[3, 2, 1] + s[3, 1, 1, 1] + s[2, 2, 1, 1] + s[2, 1, 1, 1, 1]   has 1 graph isomorphism type.

  [ [[2, 3, 4, 5], [1, 3, 5], [1, 4, 5], [1, 4], [1, 3, 4, 5], [1, 3, 5], [1, 3, 4], [1, 2, 5], [1, 2, 4, 5], [1, 2, 4], [1, 2, 3, 5], [1, 2, 4], [1, 3, 5], [1, 3], [1, 3, 4], [1, 2, 4, 5], [1, 2, 5], [1, 2, 4], [1, 2, 3, 5], [1, 2, 3], [1, 2, 3, 4], [2, 4, 5], [3, 5], [3, 4, 5], [3, 4], [2, 5], [2, 4, 5], [2, 4], [2, 3, 5], [2, 4], [2, 3, 5], [2, 3], [2, 3, 4], [1, 4, 5], [1, 3, 5], [1, 3, 4], [1, 3, 5], [1, 4], [2, 3, 5], [2, 4, 5], [2, 4], [3, 5], [3], [3, 4], [2, 5], [2, 4], [1, 3, 4, 5], [2, 4, 5], [2, 5], [2, 4], [2, 3, 5], [2, 3], [2, 3, 4], [1, 3, 5], [1, 4, 5], [1, 4], [1, 3, 5], [1, 3], [1, 3, 4], [1, 2, 5], [1, 2, 4]], 
     {[2, 1, 47], [2, 2, 26], [2, 3, 27], [2, 4, 28], [2, 5, 48], [2, 6, 49], [2, 7, 50], [2, 13, 31], [2, 14, 32], [2, 15, 33], [2, 22, 34], [2, 29, 35], [2, 30, 36], [2, 37, 45], [2, 38, 46], [2, 39, 54], [2, 40, 55], [2, 41, 56], [2, 51, 57], [2, 52, 58], [2, 53, 59], [3, 2, 8], [3, 5, 16], [3, 6, 17], [3, 7, 18], [3, 9, 13], [3, 10, 14], [3, 12, 15], [3, 22, 23], [3, 24, 40], [3, 25, 41], [3, 26, 35], [3, 27, 42], [3, 28, 43], [3, 30, 36], [3, 37, 45], [3, 44, 46], [3, 47, 48], [3, 49, 57], [3, 50, 58], [3, 54, 60], [3, 59, 61], [4, 2, 4], [4, 3, 6], [4, 9, 13], [4, 10, 14], [4, 11, 12], [4, 16, 19], [4, 18, 20], [4, 22, 23], [4, 27, 31], [4, 28, 32], [4, 29, 30], [4, 34, 37], [4, 35, 38], [4, 39, 41], [4, 40, 42], [4, 43, 46], [4, 48, 51], [4, 50, 52], [4, 54, 56], [4, 55, 57], [4, 58, 61], [5, 2, 4], [5, 6, 7], [5, 8, 10], [5, 11, 12], [5, 13, 15], [5, 17, 18], [5, 19, 21], [5, 23, 25], [5, 26, 28], [5, 29, 30], [5, 31, 33], [5, 35, 36], [5, 37, 38], [5, 39, 41], [5, 42, 44], [5, 45, 46], [5, 49, 50], [5, 51, 53], [5, 54, 56], [5, 57, 59], [5, 60, 61]}, 
     [[2, 6, 6, 9, 7, 8, 1, 6, 4, 5, 3, 4], [2, 9, 1, 2, 4, 5, 3, 4, 7, 8, 2, 6], [2, 9, 1, 2, 4, 5, 7, 8, 2, 6, 3, 4], [2, 9, 1, 2, 4, 5, 7, 8, 3, 4, 2, 6], [2, 9, 1, 2, 7, 8, 2, 6, 4, 5, 3, 4], [2, 9, 1, 2, 7, 8, 4, 5, 2, 6, 3, 4], [2, 9, 1, 2, 7, 8, 4, 5, 3, 4, 2, 6], [2, 9, 4, 5, 1, 2, 3, 4, 7, 8, 2, 6], [2, 9, 4, 5, 1, 2, 7, 8, 2, 6, 3, 4], [2, 9, 4, 5, 1, 2, 7, 8, 3, 4, 2, 6], [2, 9, 4, 5, 3, 4, 1, 2, 7, 8, 2, 6], [2, 9, 4, 5, 3, 4, 7, 8, 1, 2, 2, 6], [2, 9, 4, 5, 7, 8, 1, 2, 2, 6, 3, 4], [2, 9, 4, 5, 7, 8, 1, 2, 3, 4, 2, 6], [2, 9, 4, 5, 7, 8, 3, 4, 1, 2, 2, 6], [2, 9, 7, 8, 1, 2, 2, 6, 4, 5, 3, 4], [2, 9, 7, 8, 1, 2, 4, 5, 2, 6, 3, 4], [2, 9, 7, 8, 1, 2, 4, 5, 3, 4, 2, 6], [2, 9, 7, 8, 4, 5, 1, 2, 2, 6, 3, 4], [2, 9, 7, 8, 4, 5, 1, 2, 3, 4, 2, 6], [2, 9, 7, 8, 4, 5, 3, 4, 1, 2, 2, 6], [4, 5, 2, 6, 3, 4, 6, 9, 7, 8, 1, 6], [4, 5, 2, 6, 6, 9, 3, 4, 7, 8, 1, 6], [4, 5, 2, 6, 6, 9, 7, 8, 1, 6, 3, 4], [4, 5, 2, 6, 6, 9, 7, 8, 3, 4, 1, 6], [4, 5, 2, 9, 1, 2, 3, 4, 7, 8, 2, 6], [4, 5, 2, 9, 1, 2, 7, 8, 2, 6, 3, 4], [4, 5, 2, 9, 1, 2, 7, 8, 3, 4, 2, 6], [4, 5, 2, 9, 3, 4, 1, 2, 7, 8, 2, 6], [4, 5, 2, 9, 3, 4, 7, 8, 1, 2, 2, 6], [4, 5, 2, 9, 7, 8, 1, 2, 2, 6, 3, 4], [4, 5, 2, 9, 7, 8, 1, 2, 3, 4, 2, 6], [4, 5, 2, 9, 7, 8, 3, 4, 1, 2, 2, 6], [4, 5, 3, 4, 2, 6, 6, 9, 7, 8, 1, 6], [4, 5, 3, 4, 2, 9, 1, 2, 7, 8, 2, 6], [4, 5, 3, 4, 2, 9, 7, 8, 1, 2, 2, 6], [4, 5, 3, 4, 7, 8, 2, 6, 6, 9, 1, 6], [4, 5, 3, 4, 7, 8, 2, 9, 1, 2, 2, 6], [4, 5, 7, 8, 2, 6, 3, 4, 6, 9, 1, 6], [4, 5, 7, 8, 2, 6, 6, 9, 1, 6, 3, 4], [4, 5, 7, 8, 2, 6, 6, 9, 3, 4, 1, 6], [4, 5, 7, 8, 2, 9, 1, 2, 2, 6, 3, 4], [4, 5, 7, 8, 2, 9, 1, 2, 3, 4, 2, 6], [4, 5, 7, 8, 2, 9, 3, 4, 1, 2, 2, 6], [4, 5, 7, 8, 3, 4, 2, 6, 6, 9, 1, 6], [4, 5, 7, 8, 3, 4, 2, 9, 1, 2, 2, 6], [7, 8, 2, 6, 6, 9, 1, 6, 4, 5, 3, 4], [7, 8, 2, 9, 1, 2, 2, 6, 4, 5, 3, 4], [7, 8, 2, 9, 1, 2, 4, 5, 2, 6, 3, 4], [7, 8, 2, 9, 1, 2, 4, 5, 3, 4, 2, 6], [7, 8, 2, 9, 4, 5, 1, 2, 2, 6, 3, 4], [7, 8, 2, 9, 4, 5, 1, 2, 3, 4, 2, 6], [7, 8, 2, 9, 4, 5, 3, 4, 1, 2, 2, 6], [7, 8, 4, 5, 2, 6, 3, 4, 6, 9, 1, 6], [7, 8, 4, 5, 2, 6, 6, 9, 1, 6, 3, 4], [7, 8, 4, 5, 2, 6, 6, 9, 3, 4, 1, 6], [7, 8, 4, 5, 2, 9, 1, 2, 2, 6, 3, 4], [7, 8, 4, 5, 2, 9, 1, 2, 3, 4, 2, 6], [7, 8, 4, 5, 2, 9, 3, 4, 1, 2, 2, 6], [7, 8, 4, 5, 3, 4, 2, 6, 6, 9, 1, 6], [7, 8, 4, 5, 3, 4, 2, 9, 1, 2, 2, 6]], 
     table([(0)=[{20}, {}, {}],(1)=[{18}, {[4, 18, 20]}, {}],(2)=[{7, 17}, {[3, 7, 18], [5, 17, 18]}, {}],(3)=[{6, 50}, {[2, 7, 50], [3, 6, 17], [5, 6, 7]}, {}],(4)=[{3, 49, 52, 58}, {[2, 6, 49], [3, 50, 58], [4, 3, 6], [4, 50, 52], [5, 49, 50]}, {[2, 52, 58]}],(5)=[{27, 57, 61}, {[2, 3, 27], [3, 49, 57], [4, 58, 61]}, {}],(6)=[{31, 42, 51, 55, 59, 60}, {[2, 51, 57], [3, 27, 42], [3, 59, 61], [4, 27, 31], [4, 55, 57], [5, 57, 59], [5, 60, 61]}, {}],(7)=[{13, 33, 40, 44, 48, 53, 54}, {[2, 13, 31], [2, 40, 55], [2, 53, 59], [3, 54, 60], [4, 40, 42], [4, 48, 51], [5, 31, 33], [5, 42, 44], [5, 51, 53]}, {}],(9)=[{1, 12, 16, 38, 41, 43, 45}, {[2, 1, 47], [2, 38, 46], [2, 41, 56], [3, 5, 16], [3, 12, 15], [4, 39, 41], [4, 43, 46], [5, 39, 41], [5, 45, 46]}, {}],(8)=[{5, 9, 15, 24, 39, 46, 47, 56}, {[2, 5, 48], [2, 15, 33], [2, 39, 54], [3, 9, 13], [3, 24, 40], [3, 44, 46], [3, 47, 48], [4, 9, 13], [4, 54, 56], [5, 13, 15], [5, 54, 56]}, {}],(11)=[{4, 21, 23, 26, 29, 32, 34, 36}, {[2, 4, 28], [2, 29, 35], [3, 26, 35], [4, 28, 32], [4, 34, 37], [5, 19, 21], [5, 23, 25], [5, 26, 28], [5, 35, 36]}, {}],(10)=[{11, 19, 25, 28, 35, 37}, {[2, 37, 45], [3, 25, 41], [3, 28, 43], [3, 37, 45], [4, 11, 12], [4, 16, 19], [4, 35, 38], [5, 11, 12], [5, 37, 38]}, {}],(13)=[{8, 10}, {[3, 2, 8], [3, 10, 14], [4, 10, 14]}, {[5, 8, 10]}],(12)=[{2, 14, 22, 30}, {[2, 2, 26], [2, 14, 32], [2, 22, 34], [2, 30, 36], [3, 22, 23], [3, 30, 36], [4, 2, 4], [4, 22, 23], [4, 29, 30], [5, 2, 4], [5, 29, 30]}, {}]]) ], 

#################################################################
### The symmetric function = s[4, 1, 1] + 2 s[3, 2, 1] + s[3, 1, 1, 1] + s[2, 2, 1, 1]   has 1 graph isomorphism type.

  [ [[1, 4, 5], [1, 3, 5], [1, 3, 4], [1, 3, 4, 5], [2, 5], [2, 4], [2, 4, 5], [2, 3, 4], [2, 3, 5], [2, 3], [2, 4, 5], [3, 5], [3, 4], [4, 5], [3, 5], [3, 4], [2, 5], [2, 4], [2, 3, 5], [2, 3], [2, 4], [2, 4, 5], [3, 5], [3, 4, 5], [3, 4], [1, 4, 5], [1, 3, 5], [1, 3, 4], [2, 3, 5], [2, 4, 5], [2, 4], [2, 3, 5], [2, 3], [2, 3, 4], [2, 5], [2, 4], [1, 2, 5], [1, 2, 4], [1, 3, 5], [1, 4, 5], [1, 4], [1, 3, 4], [1, 3, 5], [1, 3], [1, 2, 4], [1, 2, 4, 5], [1, 2, 5], [1, 2], [1, 2, 5], [1, 2, 4], [1, 2, 3, 5], [1, 2, 3], [1, 2, 4], [1, 3, 5], [1, 3], [1, 3, 4], [1, 5], [1, 4], [1, 3, 5], [1, 3], [1, 4]], 
     {[2, 1, 11], [2, 2, 5], [2, 3, 6], [2, 4, 7], [2, 8, 42], [2, 9, 43], [2, 10, 44], [2, 17, 57], [2, 18, 58], [2, 19, 59], [2, 20, 60], [2, 21, 61], [2, 22, 26], [2, 27, 35], [2, 28, 36], [2, 29, 39], [2, 30, 40], [2, 31, 41], [2, 32, 54], [2, 33, 55], [2, 34, 56], [3, 2, 5], [3, 3, 6], [3, 4, 7], [3, 11, 12], [3, 13, 18], [3, 15, 17], [3, 16, 21], [3, 22, 23], [3, 24, 30], [3, 25, 31], [3, 27, 35], [3, 28, 36], [3, 37, 39], [3, 38, 44], [3, 42, 45], [3, 43, 46], [3, 47, 59], [3, 48, 60], [3, 49, 54], [3, 50, 55], [3, 53, 56], [4, 1, 2], [4, 6, 10], [4, 7, 9], [4, 11, 12], [4, 14, 15], [4, 18, 19], [4, 20, 21], [4, 22, 23], [4, 26, 27], [4, 29, 31], [4, 30, 32], [4, 33, 36], [4, 38, 44], [4, 39, 41], [4, 40, 43], [4, 45, 51], [4, 46, 54], [4, 50, 55], [4, 52, 53], [4, 58, 59], [4, 60, 61], [5, 2, 3], [5, 5, 6], [5, 8, 9], [5, 12, 13], [5, 15, 16], [5, 17, 18], [5, 19, 21], [5, 23, 25], [5, 27, 28], [5, 29, 31], [5, 32, 34], [5, 35, 36], [5, 37, 38], [5, 39, 41], [5, 42, 43], [5, 45, 47], [5, 49, 50], [5, 51, 53], [5, 54, 56], [5, 57, 58], [5, 59, 61]}, 
     [[1, 7, 3, 4, 5, 6, 7, 8, 6, 7, 2, 6], [1, 7, 3, 4, 7, 8, 5, 6, 6, 7, 2, 6], [1, 7, 3, 4, 7, 8, 5, 7, 2, 5, 5, 6], [1, 7, 5, 6, 7, 8, 6, 7, 2, 6, 3, 4], [1, 7, 7, 8, 3, 4, 5, 6, 6, 7, 2, 6], [1, 7, 7, 8, 3, 4, 5, 7, 2, 5, 5, 6], [1, 7, 7, 8, 5, 6, 6, 7, 2, 6, 3, 4], [1, 7, 7, 8, 5, 7, 2, 5, 3, 4, 5, 6], [1, 7, 7, 8, 5, 7, 2, 5, 5, 6, 3, 4], [1, 7, 7, 8, 5, 7, 3, 4, 2, 5, 5, 6], [3, 4, 1, 7, 5, 6, 7, 8, 6, 7, 2, 6], [3, 4, 1, 7, 7, 8, 5, 6, 6, 7, 2, 6], [3, 4, 1, 7, 7, 8, 5, 7, 2, 5, 5, 6], [3, 4, 5, 6, 1, 7, 7, 8, 6, 7, 2, 6], [3, 4, 5, 6, 6, 7, 1, 6, 6, 8, 2, 6], [3, 4, 5, 6, 6, 7, 2, 6, 1, 2, 2, 8], [3, 4, 5, 7, 1, 5, 5, 6, 6, 8, 2, 6], [3, 4, 5, 7, 1, 5, 5, 8, 2, 5, 5, 6], [3, 4, 5, 7, 2, 5, 1, 2, 2, 8, 5, 6], [3, 4, 5, 7, 2, 5, 1, 2, 5, 6, 2, 8], [3, 4, 5, 7, 2, 5, 5, 6, 1, 2, 2, 8], [5, 6, 1, 7, 3, 4, 7, 8, 6, 7, 2, 6], [5, 6, 1, 7, 7, 8, 3, 4, 6, 7, 2, 6], [5, 6, 1, 7, 7, 8, 6, 7, 2, 6, 3, 4], [5, 6, 1, 7, 7, 8, 6, 7, 3, 4, 2, 6], [5, 6, 3, 4, 1, 7, 7, 8, 6, 7, 2, 6], [5, 6, 3, 4, 6, 7, 1, 6, 6, 8, 2, 6], [5, 6, 3, 4, 6, 7, 2, 6, 1, 2, 2, 8], [5, 6, 6, 7, 1, 6, 3, 4, 6, 8, 2, 6], [5, 6, 6, 7, 1, 6, 6, 8, 2, 6, 3, 4], [5, 6, 6, 7, 1, 6, 6, 8, 3, 4, 2, 6], [5, 6, 6, 7, 2, 6, 1, 2, 2, 8, 3, 4], [5, 6, 6, 7, 2, 6, 1, 2, 3, 4, 2, 8], [5, 6, 6, 7, 2, 6, 3, 4, 1, 2, 2, 8], [5, 6, 6, 7, 3, 4, 1, 6, 6, 8, 2, 6], [5, 6, 6, 7, 3, 4, 2, 6, 1, 2, 2, 8], [5, 7, 1, 5, 3, 4, 5, 6, 6, 8, 2, 6], [5, 7, 1, 5, 3, 4, 5, 8, 2, 5, 5, 6], [5, 7, 1, 5, 5, 6, 3, 4, 6, 8, 2, 6], [5, 7, 1, 5, 5, 6, 6, 8, 2, 6, 3, 4], [5, 7, 1, 5, 5, 6, 6, 8, 3, 4, 2, 6], [5, 7, 1, 5, 5, 8, 2, 5, 3, 4, 5, 6], [5, 7, 1, 5, 5, 8, 2, 5, 5, 6, 3, 4], [5, 7, 1, 5, 5, 8, 3, 4, 2, 5, 5, 6], [5, 7, 2, 5, 1, 2, 2, 8, 3, 4, 5, 6], [5, 7, 2, 5, 1, 2, 2, 8, 5, 6, 3, 4], [5, 7, 2, 5, 1, 2, 3, 4, 2, 8, 5, 6], [5, 7, 2, 5, 1, 2, 3, 4, 5, 6, 2, 8], [5, 7, 2, 5, 1, 2, 5, 6, 2, 8, 3, 4], [5, 7, 2, 5, 1, 2, 5, 6, 3, 4, 2, 8], [5, 7, 2, 5, 3, 4, 1, 2, 2, 8, 5, 6], [5, 7, 2, 5, 3, 4, 1, 2, 5, 6, 2, 8], [5, 7, 2, 5, 3, 4, 5, 6, 1, 2, 2, 8], [5, 7, 2, 5, 5, 6, 1, 2, 2, 8, 3, 4], [5, 7, 2, 5, 5, 6, 1, 2, 3, 4, 2, 8], [5, 7, 2, 5, 5, 6, 3, 4, 1, 2, 2, 8], [5, 7, 3, 4, 1, 5, 5, 6, 6, 8, 2, 6], [5, 7, 3, 4, 1, 5, 5, 8, 2, 5, 5, 6], [5, 7, 3, 4, 2, 5, 1, 2, 2, 8, 5, 6], [5, 7, 3, 4, 2, 5, 1, 2, 5, 6, 2, 8], [5, 7, 3, 4, 2, 5, 5, 6, 1, 2, 2, 8]], 
     table([(0)=[{48}, {}, {}],(1)=[{60}, {[3, 48, 60]}, {}],(2)=[{20, 61}, {[2, 20, 60], [4, 60, 61]}, {}],(3)=[{21, 59}, {[2, 21, 61], [4, 20, 21], [5, 59, 61]}, {}],(4)=[{16, 19, 47, 58}, {[2, 19, 59], [3, 16, 21], [3, 47, 59], [4, 58, 59], [5, 19, 21]}, {}],(5)=[{15, 18, 45, 57}, {[2, 18, 58], [4, 18, 19], [5, 15, 16], [5, 45, 47], [5, 57, 58]}, {}],(6)=[{13, 14, 17, 42, 51}, {[2, 17, 57], [3, 13, 18], [3, 15, 17], [3, 42, 45], [4, 14, 15], [4, 45, 51], [5, 17, 18]}, {}],(7)=[{8, 12, 43, 53}, {[2, 8, 42], [5, 12, 13], [5, 42, 43], [5, 51, 53]}, {}],(9)=[{1, 7, 30, 34, 54}, {[2, 1, 11], [2, 30, 40], [2, 34, 56], [4, 7, 9], [4, 46, 54], [5, 54, 56]}, {}],(8)=[{9, 11, 40, 46, 52, 56}, {[2, 9, 43], [3, 11, 12], [3, 43, 46], [3, 53, 56], [4, 11, 12], [4, 40, 43], [4, 52, 53], [5, 8, 9]}, {}],(11)=[{3, 5, 50}, {[2, 2, 5], [3, 2, 5], [5, 2, 3], [5, 49, 50]}, {}],(10)=[{2, 4, 24, 32, 49}, {[2, 4, 7], [2, 32, 54], [3, 4, 7], [3, 24, 30], [3, 49, 54], [4, 1, 2], [4, 30, 32], [5, 32, 34]}, {}],(13)=[{10, 33}, {[2, 33, 55], [4, 6, 10]}, {}],(12)=[{6, 55}, {[2, 3, 6], [3, 3, 6], [3, 50, 55], [4, 50, 55], [5, 5, 6]}, {}],(15)=[{28, 35, 38}, {[2, 28, 36], [3, 28, 36], [3, 38, 44], [4, 38, 44], [5, 35, 36]}, {}],(14)=[{36, 44}, {[2, 10, 44], [4, 33, 36]}, {}],(18)=[{22, 29, 41}, {[2, 22, 26], [2, 29, 39], [4, 39, 41], [5, 39, 41]}, {}],(19)=[{23, 31}, {[2, 31, 41], [3, 22, 23], [4, 22, 23], [4, 29, 31], [5, 29, 31]}, {}],(16)=[{27, 37}, {[2, 27, 35], [3, 27, 35], [5, 27, 28], [5, 37, 38]}, {}],(17)=[{26, 39}, {[3, 37, 39], [4, 26, 27]}, {}],(20)=[{25}, {[3, 25, 31], [5, 23, 25]}, {}]]) ], 

 NULL]:
