##############################################################################
#
#  Data for the enumerative problem
#  Xe2 Ye2 Ze2  = 2 on Fermat
#  1000 iterations planned  
#
##############################################################################
FlagVariety:=[1, 2, 3, 4]:
Label := "Xe2 Ye2 Ze2 ":
EnumerativeProblem:=[ [2, 1, 3, 4] ,[2, 1, 3, 4]
                     ,[1, 3, 2, 4] ,[1, 3, 2, 4]
                     ,[1, 2, 4, 3] ,[1, 2, 4, 3]
                    ]:
NumberOfSolutions := 2:
Necklaces:=[ [1, 2, 3, 4, 5] ,[1, 2, 4, 3, 5]
            ,[1, 2, 5, 3, 4] ,[1, 3, 4, 2, 5]
            ,[2, 1, 3, 4, 5] ,[2, 1, 4, 3, 5]
            ,[3, 1, 2, 4, 5] ,[4, 1, 2, 3, 5]
            ,[3, 1, 4, 2, 5] ,[3, 1, 5, 2, 4]
            ,[4, 1, 3, 2, 5]]:
Points:=[[14, 211],[25, 209],[36, 208],[47, 206],[57, 203],[68, 200],[78, 196]
       ,[88, 192],[98, 187],[107, 182],[116, 176],[125, 170],[134, 163],[142, 156]
       ,[150, 149],[157, 141],[164, 132],[171, 124],[177, 115],[183, 106],[188, 96]
       ,[193, 86],[197, 76],[200, 66],[204, 55],[206, 45],[208, 34],[210, 23]
       ,[211, 13],[211, 2],[211, -9],[210, -20],[209, -31],[207, -41],[204, -52]
       ,[202, -62],[198, -73],[194, -83],[190, -93],[185, -102],[179, -112],[173, -121]
       ,[167, -130],[160, -138],[152, -146],[145, -154],[137, -161],[128, -168],[119, -174]
       ,[110, -180],[101, -185],[91, -190],[81, -195],[71, -199],[61, -202],[50, -205]
       ,[40, -207],[29, -209],[18, -210],[7, -211] ]:
PointSelection := "QuasiUniformPointsAss(60,211)":
Machine := "Fermat":
NumberOfIterations := 1000:
##############################################################################
Instance:=10000:
PreTime:=    545.68:
GroebnerTime:=    418.65:
RealTime:=    381.97:
Table:=[[0,10000]
       ,[2377,7623]
       ,[0,10000]
       ,[3575,6425]
       ,[2317,7683]
       ,[773,9227]
       ,[3569,6431]
       ,[607,9393]
       ,[1149,8851]
       ,[3125,6875]
       ,[3127,6873]]:
CoefficientHeight:=   28.0:
