#BadIdeals here, if any
##############################################################################
#
#  Data for the enumerative problem
#  Xe2 Ye2 Z2  = 2 on Hermes
#  1000 iterations planned  
#
##############################################################################
FlagVariety:=[1, 2, 3, 4]:
Label := "Xe2 Ye2 Z2 ":
EnumerativeProblem:=[ [2, 1, 3, 4] ,[2, 1, 3, 4]
                     ,[1, 3, 2, 4] ,[1, 3, 2, 4]
                     ,[1, 3, 4, 2]]:
NumberOfSolutions := 2:
Necklaces:=[ [1, 2, 3, 4] ,[1, 2, 4, 3]
            ,[2, 1, 3, 4] ,[3, 1, 2, 4]
           ]:
Points:=[[26, 502],[45, 501],[65, 499],[84, 496],[103, 492],[122, 488],[141, 483]
       ,[160, 477],[178, 470],[196, 463],[214, 455],[232, 447],[249, 437],[265, 427]
       ,[282, 417],[298, 405],[313, 394],[328, 381],[343, 368],[357, 355],[370, 340]
       ,[383, 326],[396, 311],[407, 295],[418, 279],[429, 263],[439, 246],[448, 229]
       ,[457, 211],[464, 193],[472, 175],[478, 157],[484, 138],[489, 119],[493, 100]
       ,[496, 81],[499, 62],[501, 42],[502, 23],[503, 3],[503, -16],[502, -36]
       ,[500, -55],[497, -75],[494, -94],[490, -113],[485, -132],[480, -150],[474, -169]
       ,[467, -187],[459, -205],[451, -223],[442, -240],[432, -257],[422, -274],[411, -290]
       ,[400, -306],[387, -321],[375, -336],[361, -350],[348, -364],[333, -377],[318, -389]
       ,[303, -402],[287, -413],[271, -424],[254, -434],[237, -444],[220, -452],[202, -461]
       ,[184, -468],[166, -475],[147, -481],[129, -486],[110, -491],[91, -495],[71, -498]
       ,[52, -500],[32, -502],[13, -503] ]:
PointSelection := "QuasiUniformPointsAss(80,503)":
Machine := "rcf1537-8":
NumberOfIterations := 1000:
##############################################################################
Instance:=10000:
PreTime:=   1024.04:
GroebnerTime:=    224.87:
RealTime:=    437.23:
Table:=[[0,10000]
       ,[0,10000]
       ,[2322,7678]
       ,[2354,7646]]:
CoefficientHeight:=   24.1:

