1234567
2134567
2314567
2341567
2345167
2345617
2345671
3124567
3214567
3241567
3245167
3245617
3245671
3412567
3421567
3425167
3425617
3425671
3451267
3452167
3452617
3452671
3456127
3456217
3456271
3456712
3456721
4123567
4213567
4231567
4235167
4235617
4235671
4312567
4321567
4325167
4325617
4325671
4351267
4352167
4352617
4352671
4356127
4356217
4356271
4356712
4356721
4512367
4521367
4523167
4523617
4523671
4531267
4532167
4532617
4532671
4536127
4536217
4536271
4536712
4536721
4561237
4562137
4562317
4562371
4563127
4563217
4563271
4563712
4563721
4567123
4567213
4567231
4567312
4567321
5123467
5213467
5231467
5234167
5234617
5234671
5312467
5321467
5324167
5324617
5324671
5341267
5342167
5342617
5342671
5346127
5346217
5346271
5346712
5346721
5412367
5421367
5423167
5423617
5423671
5431267
5432167
5432617
5432671
5436127
5436217
5436271
5436712
5436721
5461237
5462137
5462317
5462371
5463127
5463217
5463271
5463712
5463721
5467123
5467213
5467231
5467312
5467321
5612347
5621347
5623147
5623417
5623471
5631247
5632147
5632417
5632471
5634127
5634217
5634271
5634712
5634721
5641237
5642137
5642317
5642371
5643127
5643217
5643271
5643712
5643721
5647123
5647213
5647231
5647312
5647321
5671234
5672134
5672314
5672341
5673124
5673214
5673241
5673412
5673421
5674123
5674213
5674231
5674312
5674321
6123457
6213457
6231457
6234157
6234517
6234571
6312457
6321457
6324157
6324517
6324571
6341257
6342157
6342517
6342571
6345127
6345217
6345271
6345712
6345721
6412357
6421357
6423157
6423517
6423571
6431257
6432157
6432517
6432571
6435127
6435217
6435271
6435712
6435721
6451237
6452137
6452317
6452371
6453127
6453217
6453271
6453712
6453721
6457123
6457213
6457231
6457312
6457321
6512347
6521347
6523147
6523417
6523471
6531247
6532147
6532417
6532471
6534127
6534217
6534271
6534712
6534721
6541237
6542137
6542317
6542371
6543127
6543217
6543271
6543712
6543721
6547123
6547213
6547231
6547312
6547321
6571234
6572134
6572314
6572341
6573124
6573214
6573241
6573412
6573421
6574123
6574213
6574231
6574312
6574321
6712345
6721345
6723145
6723415
6723451
6731245
6732145
6732415
6732451
6734125
6734215
6734251
6734512
6734521
6741235
6742135
6742315
6742351
6743125
6743215
6743251
6743512
6743521
6745123
6745213
6745231
6745312
6745321
6751234
6752134
6752314
6752341
6753124
6753214
6753241
6753412
6753421
6754123
6754213
6754231
6754312
6754321
7123456
7213456
7231456
7234156
7234516
7234561
7312456
7321456
7324156
7324516
7324561
7341256
7342156
7342516
7342561
7345126
7345216
7345261
7345612
7345621
7412356
7421356
7423156
7423516
7423561
7431256
7432156
7432516
7432561
7435126
7435216
7435261
7435612
7435621
7451236
7452136
7452316
7452361
7453126
7453216
7453261
7453612
7453621
7456123
7456213
7456231
7456312
7456321
7512346
7521346
7523146
7523416
7523461
7531246
7532146
7532416
7532461
7534126
7534216
7534261
7534612
7534621
7541236
7542136
7542316
7542361
7543126
7543216
7543261
7543612
7543621
7546123
7546213
7546231
7546312
7546321
7561234
7562134
7562314
7562341
7563124
7563214
7563241
7563412
7563421
7564123
7564213
7564231
7564312
7564321
7612345
7621345
7623145
7623415
7623451
7631245
7632145
7632415
7632451
7634125
7634215
7634251
7634512
7634521
7641235
7642135
7642315
7642351
7643125
7643215
7643251
7643512
7643521
7645123
7645213
7645231
7645312
7645321
7651234
7652134
7652314
7652341
7653124
7653214
7653241
7653412
7653421
7654123
7654213
7654231
7654312
7654321
