123456
213456
231456
234156
234516
234561
312456
321456
324156
324516
324561
341256
342156
342516
342561
345126
345216
345261
345612
345621
412356
421356
423156
423516
423561
431256
432156
432516
432561
435126
435216
435261
435612
435621
451236
452136
452316
452361
453126
453216
453261
453612
453621
456123
456213
456231
456312
456321
512346
521346
523146
523416
523461
531246
532146
532416
532461
534126
534216
534261
534612
534621
541236
542136
542316
542361
543126
543216
543261
543612
543621
546123
546213
546231
546312
546321
561234
562134
562314
562341
563124
563214
563241
563412
563421
564123
564213
564231
564312
564321
612345
621345
623145
623415
623451
631245
632145
632415
632451
634125
634215
634251
634512
634521
641235
642135
642315
642351
643125
643215
643251
643512
643521
645123
645213
645231
645312
645321
651234
652134
652314
652341
653124
653214
653241
653412
653421
654123
654213
654231
654312
654321
