##############################################################################
#
#  Data for the enumerative problem
#  W3e2 A1325 Ye3 Ve2  = 4 on Pieri
#  1000 iterations planned  
#
##############################################################################
FlagVariety:=[1, 2, 4, 6]:
Label := "W3e2 A1325 Ye3 Ve2 ":
EnumerativeProblem:=[ [1, 5, 2, 3, 4, 6] ,[1, 5, 2, 3, 4, 6]
                     ,[1, 3, 2, 5, 4, 6] ,[1, 2, 3, 5, 4, 6]
                     ,[1, 2, 3, 5, 4, 6] ,[1, 2, 3, 5, 4, 6]
                     ,[2, 1, 3, 4, 5, 6] ,[2, 1, 3, 4, 5, 6]
                    ]:
NumberOfSolutions := 4:
Necklaces:=[ [5, 4, 1, 2, 7, 3, 6] ,[1, 7, 3, 4, 6, 2, 5]
            ,[5, 2, 3, 4, 7, 1, 6] ,[1, 2, 3, 4, 5, 6, 7]
            ,[1, 3, 4, 6, 7, 2, 5] ,[1, 3, 4, 5, 7, 2, 6]
            ,[1, 6, 2, 5, 7, 3, 4] ,[1, 5, 2, 6, 7, 3, 4]
            ,[1, 6, 2, 4, 7, 3, 5] ,[1, 5, 2, 4, 7, 3, 6]
            ,[1, 4, 2, 6, 7, 3, 5] ,[1, 6, 2, 3, 7, 4, 5]
            ,[1, 2, 5, 6, 7, 3, 4] ,[1, 2, 4, 6, 7, 3, 5]
            ,[1, 2, 4, 5, 7, 3, 6] ,[1, 2, 3, 6, 7, 4, 5]
            ,[1, 2, 3, 5, 7, 4, 6] ,[1, 2, 3, 4, 7, 5, 6]
            ,[2, 7, 3, 4, 6, 1, 5] ,[5, 7, 1, 4, 6, 2, 3]
            ,[4, 7, 1, 5, 6, 2, 3] ,[4, 7, 3, 5, 6, 1, 2]
            ,[5, 7, 1, 3, 6, 2, 4] ,[4, 7, 1, 3, 6, 2, 5]
            ,[3, 7, 1, 5, 6, 2, 4] ,[3, 7, 1, 4, 6, 2, 5]
            ,[5, 7, 1, 2, 6, 3, 4] ,[4, 7, 1, 2, 6, 3, 5]
            ,[3, 7, 1, 2, 6, 4, 5] ,[2, 7, 1, 5, 6, 3, 4]
            ,[2, 7, 1, 4, 6, 3, 5] ,[2, 7, 1, 3, 6, 4, 5]
            ,[1, 7, 3, 5, 6, 2, 4] ,[6, 4, 3, 5, 7, 1, 2]
            ,[4, 6, 3, 5, 7, 1, 2] ,[6, 3, 4, 5, 7, 1, 2]
            ,[5, 3, 4, 6, 7, 1, 2] ,[4, 3, 5, 6, 7, 1, 2]
            ,[3, 6, 4, 5, 7, 1, 2] ,[3, 4, 5, 6, 7, 1, 2]
            ,[6, 4, 2, 5, 7, 1, 3] ,[5, 4, 2, 6, 7, 1, 3]
            ,[4, 6, 2, 5, 7, 1, 3] ,[4, 5, 2, 6, 7, 1, 3]
            ,[6, 5, 2, 3, 7, 1, 4] ,[5, 6, 2, 3, 7, 1, 4]
            ,[6, 4, 2, 3, 7, 1, 5] ,[5, 4, 2, 3, 7, 1, 6]
            ,[4, 6, 2, 3, 7, 1, 5] ,[4, 5, 2, 3, 7, 1, 6]
            ,[6, 3, 2, 5, 7, 1, 4] ,[5, 3, 2, 6, 7, 1, 4]
            ,[6, 3, 2, 4, 7, 1, 5] ,[5, 3, 2, 4, 7, 1, 6]
            ,[4, 3, 2, 6, 7, 1, 5] ,[3, 6, 2, 4, 7, 1, 5]
            ,[3, 5, 2, 4, 7, 1, 6] ,[3, 4, 2, 6, 7, 1, 5]
            ,[6, 2, 4, 5, 7, 1, 3] ,[5, 2, 4, 6, 7, 1, 3]
            ,[4, 2, 5, 6, 7, 1, 3] ,[6, 2, 3, 5, 7, 1, 4]
            ,[4, 2, 3, 5, 7, 1, 6] ,[3, 2, 5, 6, 7, 1, 4]
            ,[3, 2, 4, 6, 7, 1, 5] ,[3, 2, 4, 5, 7, 1, 6]
            ,[2, 6, 4, 5, 7, 1, 3] ,[2, 5, 4, 6, 7, 1, 3]
            ,[2, 4, 5, 6, 7, 1, 3] ,[2, 6, 3, 5, 7, 1, 4]
            ,[2, 5, 3, 6, 7, 1, 4] ,[2, 6, 3, 4, 7, 1, 5]
            ,[2, 3, 5, 6, 7, 1, 4] ,[2, 3, 4, 5, 7, 1, 6]
            ,[6, 4, 1, 5, 7, 2, 3] ,[5, 4, 1, 6, 7, 2, 3]
            ,[6, 5, 1, 3, 7, 2, 4] ,[5, 6, 1, 3, 7, 2, 4]
            ,[5, 4, 1, 3, 7, 2, 6] ,[4, 5, 1, 3, 7, 2, 6]
            ,[6, 3, 1, 5, 7, 2, 4] ,[4, 3, 1, 6, 7, 2, 5]
            ,[3, 6, 1, 5, 7, 2, 4] ,[3, 5, 1, 6, 7, 2, 4]
            ,[6, 5, 1, 2, 7, 3, 4] ,[5, 6, 1, 2, 7, 3, 4]
            ,[4, 6, 1, 2, 7, 3, 5] ,[3, 1, 5, 6, 7, 2, 4]
            ,[2, 1, 5, 6, 7, 3, 4] ,[2, 1, 4, 6, 7, 3, 5]
            ,[2, 1, 4, 5, 7, 3, 6] ,[2, 1, 3, 6, 7, 4, 5]
            ,[2, 1, 3, 5, 7, 4, 6] ,[1, 6, 4, 5, 7, 2, 3]
            ,[1, 5, 4, 6, 7, 2, 3] ,[1, 4, 5, 6, 7, 2, 3]
            ,[1, 6, 3, 5, 7, 2, 4] ,[1, 5, 3, 6, 7, 2, 4]
            ,[1, 6, 3, 4, 7, 2, 5] ,[1, 5, 3, 4, 7, 2, 6]
            ,[1, 4, 3, 6, 7, 2, 5] ,[1, 4, 3, 5, 7, 2, 6]
            ,[1, 3, 5, 6, 7, 2, 4] ,[2, 1, 4, 5, 6, 3, 7]
            ,[1, 4, 3, 5, 6, 2, 7] ,[1, 3, 4, 5, 6, 2, 7]
            ,[1, 2, 4, 5, 6, 3, 7] ,[2, 3, 4, 5, 6, 1, 7]
           ]:
Points:=[[17, 210],[30, 209],[43, 207],[56, 204],[68, 200],[80, 195],[92, 190]
       ,[104, 184],[115, 177],[125, 170],[136, 162],[145, 153],[154, 144],[163, 134]
       ,[171, 124],[178, 113],[185, 102],[191, 90],[196, 78],[200, 66],[204, 54]
       ,[207, 41],[209, 28],[210, 15],[211, 2],[211, -11],[210, -24],[208, -37]
       ,[205, -49],[202, -62],[198, -74],[193, -86],[187, -98],[181, -109],[173, -120]
       ,[166, -131],[157, -141],[148, -150],[139, -159],[129, -167],[118, -175],[107, -182]
       ,[96, -188],[84, -193],[72, -198],[60, -202],[47, -206],[35, -208],[22, -210]
       ,[9, -211] ]:
PointSelection := "QuasiUniformPointsAss(50,211)":
Machine := "Pieri":
NumberOfIterations := 1000:
##############################################################################
Instance:=5000:
PreTime:=   4763.61:
GroebnerTime:= 190408.28:
RealTime:=  26360.01:
Table:=[[623,56,3321]
       ,[0,0,4000]
       ,[394,109,3497]
       ,[0,0,4000]
       ,[1086,0,2914]
       ,[1010,0,2990]
       ,[0,257,3743]
       ,[0,6,3994]
       ,[0,592,3408]
       ,[955,309,2736]
       ,[794,84,3122]
       ,[0,256,3744]
       ,[0,0,4000]
       ,[0,0,4000]
       ,[0,0,4000]
       ,[0,0,4000]
       ,[0,0,4000]
       ,[0,0,4000]
       ,[441,0,3559]
       ,[0,231,3769]
       ,[0,161,3839]
       ,[0,0,4000]
       ,[0,190,3810]
       ,[155,211,3634]
       ,[123,135,3742]
       ,[217,195,3588]
       ,[0,113,3887]
       ,[131,176,3693]
       ,[0,158,3842]
       ,[0,73,3927]
       ,[0,132,3868]
       ,[0,84,3916]
       ,[0,0,4000]
       ,[0,207,3793]
       ,[0,50,3950]
       ,[0,0,4000]
       ,[0,0,4000]
       ,[0,0,4000]
       ,[0,0,4000]
       ,[0,0,4000]
       ,[0,200,3800]
       ,[0,144,3856]
       ,[0,38,3962]
       ,[0,72,3928]
       ,[0,174,3826]
       ,[0,233,3767]
       ,[443,42,3515]
       ,[74,143,3783]
       ,[297,108,3595]
       ,[214,110,3676]
       ,[755,149,3096]
       ,[424,98,3478]
       ,[616,204,3180]
       ,[196,245,3559]
       ,[75,142,3783]
       ,[682,76,3242]
       ,[518,38,3444]
       ,[270,95,3635]
       ,[1009,83,2908]
       ,[868,40,3092]
       ,[536,0,3464]
       ,[897,85,3018]
       ,[493,125,3382]
       ,[264,0,3736]
       ,[351,0,3649]
       ,[348,0,3652]
       ,[306,37,3657]
       ,[448,17,3535]
       ,[596,0,3404]
       ,[585,128,3287]
       ,[692,25,3283]
       ,[663,22,3315]
       ,[494,0,3506]
       ,[271,0,3729]
       ,[1,63,3936]
       ,[0,78,3922]
       ,[0,113,3887]
       ,[0,168,3832]
       ,[290,94,3616]
       ,[511,118,3371]
       ,[1214,27,2759]
       ,[470,29,3501]
       ,[270,55,3675]
       ,[607,5,3388]
       ,[0,227,3773]
       ,[0,0,4000]
       ,[382,13,3605]
       ,[214,0,3786]
       ,[0,0,4000]
       ,[0,0,4000]
       ,[0,0,4000]
       ,[0,0,4000]
       ,[0,0,4000]
       ,[0,0,4000]
       ,[0,0,4000]
       ,[0,0,4000]
       ,[0,23,3977]
       ,[0,10,3990]
       ,[0,52,3948]
       ,[575,26,3399]
       ,[615,17,3368]
       ,[1145,93,2762]
       ,[818,0,3182]
       ,[0,0,4000]
       ,[978,37,2985]
       ,[721,0,3279]
       ,[0,0,4000]
       ,[132,0,3868]]:
CoefficientHeight:=    0.0:
