##############################################################################
#
#  Data for the enumerative problem
#  W32 We2 Ye4 V2  = 4 on rcf1422-4
#  250000 iterations planned  
#
##############################################################################
FlagVariety:=[1, 2, 4, 6]:
Label := "W32 We2 Ye4 V2 ":
EnumerativeProblem:=[ [3, 5, 1, 2, 4, 6] ,[1, 3, 2, 4, 5, 6]
                     ,[1, 3, 2, 4, 5, 6] ,[1, 2, 3, 5, 4, 6]
                     ,[1, 2, 3, 5, 4, 6] ,[1, 2, 3, 5, 4, 6]
                     ,[1, 2, 3, 5, 4, 6] ,[3, 1, 2, 4, 5, 6]
                    ]:
NumberOfSolutions := 4:
Necklaces:=[ [1, 2, 3, 4, 5, 6, 7] ,[1, 2, 3, 4, 5, 7, 6]
            ,[1, 2, 3, 4, 6, 7, 5] ,[1, 2, 3, 5, 6, 7, 4]
            ,[1, 2, 4, 5, 6, 7, 3] ,[1, 3, 2, 4, 5, 6, 7]
            ,[1, 3, 2, 4, 5, 7, 6] ,[1, 3, 2, 4, 6, 7, 5]
            ,[1, 3, 2, 5, 6, 7, 4] ,[1, 4, 2, 3, 5, 6, 7]
            ,[1, 4, 2, 3, 5, 7, 6] ,[1, 4, 2, 3, 6, 7, 5]
            ,[1, 5, 2, 3, 4, 6, 7] ,[1, 5, 2, 3, 4, 7, 6]
            ,[1, 6, 2, 3, 4, 5, 7] ,[1, 7, 2, 3, 4, 5, 6]
            ,[1, 6, 2, 3, 4, 7, 5] ,[1, 7, 2, 3, 4, 6, 5]
            ,[1, 5, 2, 3, 6, 7, 4] ,[1, 6, 2, 3, 5, 7, 4]
            ,[1, 7, 2, 3, 5, 6, 4] ,[1, 4, 2, 5, 6, 7, 3]
            ,[1, 5, 2, 4, 6, 7, 3] ,[1, 6, 2, 4, 5, 7, 3]
            ,[1, 3, 4, 5, 6, 7, 2] ,[1, 4, 3, 5, 6, 7, 2]
            ,[1, 5, 3, 4, 6, 7, 2] ,[1, 6, 3, 4, 5, 7, 2]
            ,[2, 3, 1, 4, 5, 6, 7] ,[2, 3, 1, 4, 5, 7, 6]
            ,[2, 3, 1, 4, 6, 7, 5] ,[2, 3, 1, 5, 6, 7, 4]
            ,[2, 4, 1, 3, 5, 6, 7] ,[2, 4, 1, 3, 5, 7, 6]
            ,[2, 4, 1, 3, 6, 7, 5] ,[2, 5, 1, 3, 4, 6, 7]
            ,[2, 5, 1, 3, 4, 7, 6] ,[2, 6, 1, 3, 4, 5, 7]
            ,[2, 6, 1, 3, 4, 7, 5] ,[2, 5, 1, 3, 6, 7, 4]
            ,[2, 6, 1, 3, 5, 7, 4] ,[2, 4, 1, 5, 6, 7, 3]
            ,[2, 5, 1, 4, 6, 7, 3] ,[3, 4, 1, 2, 5, 6, 7]
            ,[3, 4, 1, 2, 5, 7, 6] ,[3, 4, 1, 2, 6, 7, 5]
            ,[3, 5, 1, 2, 4, 6, 7] ,[3, 5, 1, 2, 4, 7, 6]
            ,[3, 6, 1, 2, 4, 5, 7] ,[3, 5, 1, 2, 6, 7, 4]
            ,[4, 5, 1, 2, 3, 6, 7] ,[4, 5, 1, 2, 3, 7, 6]
            ,[4, 6, 1, 2, 3, 5, 7] ,[5, 6, 1, 2, 3, 4, 7]
           ]:
Points:=[[3, 23],[5, 22],[8, 22],[10, 21],[12, 20],[14, 18],[16, 17]
       ,[17, 15],[19, 13],[20, 12],[21, 9],[22, 7],[22, 5],[23, 3]
       ,[23, 0],[23, -2],[23, -4],[22, -7],[21, -9],[20, -11],[19, -13]
       ,[18, -15],[16, -16],[14, -18],[12, -19],[10, -20],[8, -21],[6, -22]
       ,[4, -23],[2, -23] ]:
PointSelection := "QuasiUniformPointsAss(30,23)":
Machine := "rcf1422-4":
NumberOfIterations := 250000:
##############################################################################
Instance:=250000:
PreTime:=  98431.89:
GroebnerTime:= 652692.32:
RealTime:= 155426.51:
Table:=[[0,0,250000]
       ,[0,0,250000]
       ,[0,0,250000]
       ,[0,0,250000]
       ,[0,0,250000]
       ,[0,0,250000]
       ,[0,10978,239022]
       ,[0,7001,242999]
       ,[0,115,249885]
       ,[0,0,250000]
       ,[0,12657,237343]
       ,[0,12105,237895]
       ,[0,0,250000]
       ,[0,186,249814]
       ,[0,0,250000]
       ,[0,0,250000]
       ,[0,186,249814]
       ,[0,0,250000]
       ,[0,12105,237895]
       ,[0,12657,237343]
       ,[0,0,250000]
       ,[0,115,249885]
       ,[0,7001,242999]
       ,[0,10978,239022]
       ,[0,0,250000]
       ,[0,0,250000]
       ,[0,0,250000]
       ,[0,0,250000]
       ,[0,123,249877]
       ,[0,5581,244419]
       ,[0,3616,246384]
       ,[0,4171,245829]
       ,[1,11604,238395]
       ,[3,10202,239795]
       ,[0,4023,245977]
       ,[0,9211,240789]
       ,[0,4405,245595]
       ,[0,0,250000]
       ,[0,4405,245595]
       ,[0,4023,245977]
       ,[3,10202,239795]
       ,[0,4171,245829]
       ,[0,3616,246384]
       ,[0,9627,240373]
       ,[0,4063,245937]
       ,[4,2288,247708]
       ,[0,5757,244243]
       ,[0,4336,245664]
       ,[0,0,250000]
       ,[4,2288,247708]
       ,[0,93,249907]
       ,[0,6425,243575]
       ,[0,0,250000]
       ,[0,0,250000]]:
CoefficientHeight:=   86.6:
