##############################################################################
#
#  Data for the enumerative problem
#  A1325e2 Y11 A214e2  = 6 on rcf1537-9
#
##############################################################################
FlagVariety:=[1, 2, 3, 4, 5]:
Label := "A1325e2 Y11 A214e2 ":
EnumerativeProblem:=[ [1, 3, 2, 5, 4] ,[1, 3, 2, 5, 4]
                     ,[1, 3, 4, 2, 5] ,[2, 1, 4, 3, 5]
                     ,[2, 1, 4, 3, 5]]:
NumberOfSolutions := 6:
Necklaces:=[ [1, 2, 3, 4] ,[1, 3, 2, 4]
            ,[2, 1, 3, 4] ,[3, 1, 2, 4]
           ]:
Points:=[[3, 31],[6, 31],[8, 30],[10, 29],[12, 28],[14, 27],[17, 26]
       ,[18, 25],[20, 23],[22, 22],[24, 20],[25, 18],[26, 16],[28, 14]
       ,[29, 12],[29, 10],[30, 7],[31, 5],[31, 3],[31, 0],[31, -2]
       ,[31, -4],[30, -7],[30, -9],[29, -11],[28, -13],[27, -16],[26, -18]
       ,[24, -19],[23, -21],[21, -23],[19, -24],[17, -26],[15, -27],[13, -28]
       ,[11, -29],[9, -30],[6, -30],[4, -31],[2, -31] ]:
PointSelection := "QuasiUniformPointsAss(40,31)":
Machine := "rcf1537-9":
##############################################################################
Instance:=15000:
PreTime:=   2125.61:
GroebnerTime:=   6056.05:
RealTime:=    947.73:
Table:=[[0,13146,680,1174]
       ,[8562,2936,2564,938]
       ,[0,11460,1398,2142]
       ,[0,511,9238,5251]]:
CoefficientHeight:=   60.6:
