##############################################################################
#
#  Data for the enumerative problem
#  A1325e3 Y11 W2  = 5 on Schubert
#
##############################################################################
FlagVariety:=[1, 2, 3, 4, 5]:
Label := "A1325e3 Y11 W2 ":
EnumerativeProblem:=[ [1, 3, 2, 5, 4] ,[1, 3, 2, 5, 4]
                     ,[1, 3, 2, 5, 4] ,[1, 3, 4, 2, 5]
                     ,[3, 1, 2, 4, 5]]:
NumberOfSolutions := 5:
Necklaces:=[ [1, 2, 3, 4] ,[1, 3, 2, 4]
           ]:
Points:=[[3, 31],[6, 31],[8, 30],[10, 29],[12, 28],[14, 27],[17, 26]
       ,[18, 25],[20, 23],[22, 22],[24, 20],[25, 18],[26, 16],[28, 14]
       ,[29, 12],[29, 10],[30, 7],[31, 5],[31, 3],[31, 0],[31, -2]
       ,[31, -4],[30, -7],[30, -9],[29, -11],[28, -13],[27, -16],[26, -18]
       ,[24, -19],[23, -21],[21, -23],[19, -24],[17, -26],[15, -27],[13, -28]
       ,[11, -29],[9, -30],[6, -30],[4, -31],[2, -31] ]:
PointSelection := "QuasiUniformPointsAss(40,31)":
Machine := "Schubert":
##############################################################################
Instance:=2000:
PreTime:=    530.93:
GroebnerTime:=    250.50:
RealTime:=    180.55:
Table:=[ [0, 0, 2000]
        ,[0, 0, 2000]]:
CoefficientHeight:=   16.0:
