##############################################################################
#
#  Data for the enumerative problem
#  A4125 Ye4 Xe2  = 7 on Noether
#
##############################################################################
FlagVariety:=[1, 2, 3, 4, 5]:
Label := "A4125 Ye4 Xe2 ":
EnumerativeProblem:=[ [4, 1, 2, 5, 3] ,[1, 2, 4, 3, 5]
                     ,[1, 2, 4, 3, 5] ,[1, 2, 4, 3, 5]
                     ,[1, 2, 4, 3, 5] ,[1, 3, 2, 4, 5]
                     ,[1, 3, 2, 4, 5]]:
NumberOfSolutions := 7:
Necklaces:=[ [1, 2, 3, 4, 5, 6] ,[1, 2, 3, 5, 4, 6]
            ,[1, 2, 3, 6, 4, 5] ,[1, 2, 4, 5, 3, 6]
            ,[1, 2, 4, 6, 3, 5] ,[1, 2, 5, 6, 3, 4]
            ,[1, 3, 4, 5, 2, 6] ,[1, 3, 4, 6, 2, 5]
            ,[2, 3, 4, 5, 1, 6]]:
Points:=[[4, 32],[7, 31],[11, 30],[14, 29],[16, 27],[19, 26],[22, 24]
       ,[24, 21],[26, 19],[28, 16],[29, 13],[30, 10],[31, 7],[32, 4]
       ,[32, 1],[32, -3],[31, -6],[31, -9],[30, -12],[28, -15],[27, -18]
       ,[25, -20],[22, -23],[20, -25],[17, -27],[15, -28],[12, -30],[9, -31]
       ,[5, -32],[2, -32] ]:
PointSelection := "QuasiUniformPointsAss(30,32)":
Machine := "Noether":
##############################################################################
Instance:=15000:
PreTime:=   2749.30:
GroebnerTime:=  18840.03:
RealTime:=   4149.06:
Table:=[[0,0,0,15000]
       ,[744,3351,5843,5062]
       ,[0,1298,3983,9719]
       ,[0,1672,8064,5264]
       ,[2345,3357,5341,3957]
       ,[0,47,6263,8690]
       ,[0,2249,5860,6891]
       ,[17,1548,8702,4733]
       ,[0,0,0,15000]]:
CoefficientHeight:=   34.2:
