#BadIdeals here, if any
##############################################################################
#
#  Data for the enumerative problem
#  F1234.W2Xe3Y135Z11   W2 X^3 Y21 Z11 = 5  on Fermat
#  50000 iterations planned  
#
##############################################################################
FlagVariety:=[1, 2, 3, 4, 5]:
Label := "F1234.W2Xe3Y135Z11   W2 X^3 Y21 Z11 = 5  on Fermat":
EnumerativeProblem:=[ [1, 3, 5, 2, 4] ,[1, 2, 4, 5, 3]
                     ,[3, 1, 2, 4, 5] ,[1, 3, 2, 4, 5]
                     ,[1, 3, 2, 4, 5] ,[1, 3, 2, 4, 5]
                    ]:
NumberOfSolutions := 5:
Necklaces:=[ [1, 2, 3, 4, 5] ,[2, 1, 3, 4, 5]
            ,[1, 5, 2, 3, 4] ,[3, 2, 1, 4, 5]
            ,[3, 1, 2, 4, 5] ,[1, 4, 2, 3, 5]
            ,[2, 5, 1, 3, 4] ,[4, 3, 1, 2, 5]
            ,[4, 2, 1, 3, 5] ,[1, 3, 2, 4, 5]
           ]:
Points:=[[6, 41],[10, 40],[14, 39],[17, 37],[21, 35],[25, 33],[28, 30]
       ,[31, 27],[33, 24],[36, 21],[37, 17],[39, 13],[40, 9],[41, 5]
       ,[41, 1],[41, -3],[40, -8],[39, -12],[38, -16],[36, -19],[34, -23]
       ,[32, -26],[29, -29],[26, -32],[22, -34],[19, -36],[15, -38],[11, -40]
       ,[7, -40],[3, -41] ]:
PointSelection := "QuasiUniformPointsAss(30, 41)":
Machine := "Fermat":
NumberOfIterations := 50000:
##############################################################################
Instance:=50000:
PreTime:=   4047.60:
GroebnerTime:=   4984.38:
RealTime:=   3003.40:
Table:=[ [0, 0, 50000]
        ,[9027, 12698, 28275]
        ,[0, 0, 50000]
        ,[2331, 24580, 23089]
        ,[2331, 24580, 23089]
        ,[0, 0, 50000]
        ,[9027, 12698, 28275]
        ,[9673, 14159, 26168]
        ,[9673, 14159, 26168]
        ,[0, 0, 50000]]:
CoefficientHeight:=   26.0:

