##############################################################################
#
#  Data for the enumerative problem
#   F(1,2,3,4;5): W3 X2 Y11 Z111 = 2 on Pieri
#  10000 iterations planned  
#
##############################################################################
FlagVariety:=[1, 2, 3, 4, 5]:
Label := " F(1,2,3,4;5): W3 X2 Y11 Z111 = 2 on Pieri":
EnumerativeProblem:=[ [4, 1, 2, 3, 5] ,[1, 4, 2, 3, 5]
                     ,[1, 3, 4, 2, 5] ,[1, 3, 4, 5, 2]
                    ]:
NumberOfSolutions := 2:
Necklaces:=[ [1, 2, 3] ,[3, 2, 1]
            ,[3, 1, 2] ,[1, 3, 2]
            ,[2, 1, 3] ,[2, 3, 1]
           ]:
Points:=[[14, 211],[25, 209],[36, 208],[47, 206],[57, 203],[68, 200],[78, 196]
       ,[88, 192],[98, 187],[107, 182],[116, 176],[125, 170],[134, 163],[142, 156]
       ,[150, 149],[157, 141],[164, 132],[171, 124],[177, 115],[183, 106],[188, 96]
       ,[193, 86],[197, 76],[200, 66],[204, 55],[206, 45],[208, 34],[210, 23]
       ,[211, 13],[211, 2],[211, -9],[210, -20],[209, -31],[207, -41],[204, -52]
       ,[202, -62],[198, -73],[194, -83],[190, -93],[185, -102],[179, -112],[173, -121]
       ,[167, -130],[160, -138],[152, -146],[145, -154],[137, -161],[128, -168],[119, -174]
       ,[110, -180],[101, -185],[91, -190],[81, -195],[71, -199],[61, -202],[50, -205]
       ,[40, -207],[29, -209],[18, -210],[7, -211] ]:
PointSelection := "QuasiUniformPointsAss(60,211)":
Machine := "Pieri":
NumberOfIterations := 10000:
##############################################################################
Instance:=10000:
PreTime:=   2948.42:
GroebnerTime:=   1062.24:
RealTime:=    606.66:
Table:=[ [0, 10000]
        ,[0, 10000]
        ,[0, 10000]
        ,[0, 10000]
        ,[0, 10000]
        ,[0, 10000]]:
CoefficientHeight:=    7.9:
