##############################################################################
#
#  Data for the enumerative problem
#  Fl(1,2,3,4;5): W3 X^2 Y^4 Z = 7 on Pieri = 7 on Pieri
#  15000 iterations planned  
#
##############################################################################
FlagVariety:=[1, 2, 3, 4, 5]:
Label := "Fl(1,2,3,4;5): W3 X^2 Y^4 Z = 7 on Pieri":
EnumerativeProblem:=[ [4, 1, 2, 3, 5] ,[1, 3, 2, 4, 5]
                     ,[1, 3, 2, 4, 5] ,[1, 2, 4, 3, 5]
                     ,[1, 2, 4, 3, 5] ,[1, 2, 4, 3, 5]
                     ,[1, 2, 4, 3, 5] ,[1, 2, 3, 5, 4]
                    ]:
NumberOfSolutions := 7:
Necklaces:=[ [1, 2, 3, 4, 5, 6, 7] ,[1, 7, 3, 4, 5, 6, 2]
            ,[1, 2, 4, 5, 6, 7, 3] ,[5, 7, 2, 3, 4, 6, 1]
            ,[1, 6, 3, 4, 5, 7, 2] ,[5, 6, 2, 3, 4, 7, 1]
            ,[6, 7, 1, 3, 4, 5, 2] ,[2, 7, 1, 4, 5, 6, 3]
            ,[1, 7, 2, 4, 5, 6, 3] ,[2, 3, 1, 5, 6, 7, 4]
            ,[1, 3, 2, 5, 6, 7, 4] ,[1, 2, 3, 5, 6, 7, 4]
            ,[4, 7, 2, 3, 5, 6, 1] ,[1, 5, 3, 4, 6, 7, 2]
            ,[4, 6, 2, 3, 5, 7, 1] ,[5, 7, 1, 3, 4, 6, 2]
            ,[2, 6, 1, 4, 5, 7, 3] ,[1, 6, 2, 4, 5, 7, 3]
            ,[4, 5, 2, 3, 6, 7, 1] ,[5, 6, 1, 3, 4, 7, 2]
            ,[6, 7, 1, 2, 4, 5, 3] ,[3, 7, 1, 2, 5, 6, 4]
            ,[2, 7, 1, 3, 5, 6, 4] ,[1, 7, 2, 3, 5, 6, 4]
            ,[3, 4, 1, 2, 6, 7, 5] ,[2, 4, 1, 3, 6, 7, 5]
            ,[2, 3, 1, 4, 6, 7, 5] ,[1, 4, 2, 3, 6, 7, 5]
            ,[1, 3, 2, 4, 6, 7, 5] ,[3, 7, 2, 4, 5, 6, 1]
            ,[1, 4, 3, 5, 6, 7, 2] ,[3, 6, 2, 4, 5, 7, 1]
            ,[4, 7, 1, 3, 5, 6, 2] ,[2, 5, 1, 4, 6, 7, 3]
            ,[1, 5, 2, 4, 6, 7, 3] ,[3, 5, 2, 4, 6, 7, 1]
            ,[4, 6, 1, 3, 5, 7, 2] ,[3, 6, 1, 2, 5, 7, 4]
            ,[2, 6, 1, 3, 5, 7, 4] ,[3, 4, 2, 5, 6, 7, 1]
            ,[4, 5, 1, 3, 6, 7, 2] ,[4, 7, 1, 2, 3, 6, 5]
            ,[4, 5, 1, 2, 3, 7, 6] ,[3, 5, 1, 2, 4, 7, 6]
            ,[2, 5, 1, 3, 4, 7, 6] ,[1, 5, 2, 3, 4, 7, 6]
            ,[2, 7, 3, 4, 5, 6, 1] ,[1, 3, 4, 5, 6, 7, 2]
            ,[2, 6, 3, 4, 5, 7, 1] ,[2, 4, 1, 5, 6, 7, 3]
            ,[2, 5, 3, 4, 6, 7, 1] ,[3, 5, 1, 2, 6, 7, 4]
            ,[2, 4, 3, 5, 6, 7, 1] ,[2, 3, 4, 5, 6, 7, 1]
           ]:
Points:=[[3, 21],[5, 20],[7, 20],[9, 19],[11, 18],[13, 17],[14, 15]
       ,[16, 14],[17, 12],[18, 11],[19, 9],[20, 7],[20, 5],[21, 2]
       ,[21, 0],[21, -2],[21, -4],[20, -6],[19, -8],[19, -10],[17, -12]
       ,[16, -13],[15, -15],[13, -16],[11, -18],[10, -19],[8, -20],[6, -20]
       ,[4, -21],[1, -21] ]:
PointSelection := "QuasiUniformPointsAss(30,21)":
Machine := "Pieri":
NumberOfIterations := 15000:
##############################################################################
Instance:=15000:
PreTime:=   4517.59:
GroebnerTime:= 212276.30:
RealTime:=  20793.05:
Table:=[[0,0,0,15000]
       ,[0,0,0,15000]
       ,[0,0,0,15000]
       ,[664,3442,5289,5605]
       ,[0,3845,5132,6023]
       ,[0,1909,2927,10164]
       ,[0,0,0,15000]
       ,[0,3123,4961,6916]
       ,[0,0,0,15000]
       ,[0,1711,3254,10035]
       ,[766,3977,4394,5863]
       ,[0,0,0,15000]
       ,[0,1461,7217,6322]
       ,[0,956,7776,6268]
       ,[1944,3597,5762,3697]
       ,[583,3079,6803,4535]
       ,[33,934,8304,5729]
       ,[0,2049,5536,7415]
       ,[0,33,6628,8339]
       ,[0,1327,4042,9631]
       ,[0,0,0,15000]
       ,[0,704,7690,6606]
       ,[0,1781,7293,5926]
       ,[0,0,0,15000]
       ,[0,28,5949,9023]
       ,[2833,3276,4183,4708]
       ,[0,999,3712,10289]
       ,[0,2156,7169,5675]
       ,[929,3528,5896,4647]
       ,[0,2878,5647,6475]
       ,[640,3753,4780,5827]
       ,[38,1469,9118,4375]
       ,[0,1325,9231,4444]
       ,[1646,3309,5522,4523]
       ,[0,2068,8607,4325]
       ,[2503,3529,5324,3644]
       ,[2452,3554,5442,3552]
       ,[1486,3478,6143,3893]
       ,[19,2018,9655,3308]
       ,[0,1727,5670,7603]
       ,[0,31,6520,8449]
       ,[360,1865,7845,4930]
       ,[0,460,2202,12338]
       ,[2826,3103,4539,4532]
       ,[5,1869,8453,4673]
       ,[0,1674,5605,7721]
       ,[0,0,0,15000]
       ,[0,0,0,15000]
       ,[0,1790,7424,5786]
       ,[0,2047,3738,9215]
       ,[0,1947,8233,4820]
       ,[0,117,6760,8123]
       ,[973,3632,6178,4217]
       ,[0,0,0,15000]]:
CoefficientHeight:=   29.9:
