##############################################################################
#
#  Data for the enumerative problem
#  w^2 X^3 Y^3 Z^2 = 12 on TAMU
#
##############################################################################
FlagVariety:=[1, 2, 3, 4, 5]:
Label := "w^2 X^3 Y^3 Z^2":
EnumerativeProblem:=[ [2, 1, 3, 4, 5] ,[2, 1, 3, 4, 5]
                     ,[1, 3, 2, 4, 5] ,[1, 3, 2, 4, 5]
                     ,[1, 3, 2, 4, 5] ,[1, 2, 4, 3, 5]
                     ,[1, 2, 4, 3, 5] ,[1, 2, 4, 3, 5]
                     ,[1, 2, 3, 5, 4] ,[1, 2, 3, 5, 4]
                    ]:
NumberOfSolutions := 12:
Necklaces:=[ [1, 2, 3, 4, 5, 6, 7, 8, 9] ,[1, 5, 6, 7, 2, 3, 4, 8, 9]
            ,[1, 2, 3, 4, 7, 8, 9, 5, 6]]:
Points:=[[3, 23],[5, 22],[8, 22],[10, 21],[12, 20],[14, 18],[16, 17]
       ,[17, 15],[19, 13],[20, 12],[21, 9],[22, 7],[22, 5],[23, 3]
       ,[23, 0],[23, -2],[23, -4],[22, -7],[21, -9],[20, -11],[19, -13]
       ,[18, -15],[16, -16],[14, -18],[12, -19],[10, -20],[8, -21],[6, -22]
       ,[4, -23],[2, -23] ]:
PointSelection := "QuasiUniformPointsAss(30,23)":
Machine := "TAMU":
##############################################################################
Instance:=10000:
PreTime:=    593.56:
GroebnerTime:=1370092.01:
RealTime:=    708.61:
Table:=[[0,0,0,0,0,0,10000]
       ,[0,102,462,1556,3821,2809,1250]
       ,[0,0,0,0,0,0,10000]]:
CoefficientHeight:=  211.8:
