##############################################################################
#
#  Data for the enumerative problem
#  We2 XX2 YY11 Ze2 = 4 on Witherlin
#
##############################################################################
FlagVariety:=[1, 2, 3, 4, 5]:
Label := "We2 XX2 YY11 Ze2":
EnumerativeProblem:=[ [1, 4, 2, 3, 5] ,[1, 3, 2, 4, 5]
                     ,[1, 2, 4, 3, 5] ,[1, 3, 4, 2, 5]
                     ,[1, 2, 3, 5, 4] ,[1, 2, 3, 5, 4]
                     ,[2, 1, 3, 4, 5] ,[2, 1, 3, 4, 5]
                    ]:
NumberOfSolutions := 4:
Necklaces:=[ [1, 2, 3, 4, 5, 6, 7] ,[1, 2, 3, 6, 7, 4, 5]
            ,[1, 4, 5, 6, 7, 2, 3] ,[1, 4, 5, 2, 3, 6, 7]
            ,[1, 6, 7, 2, 3, 4, 5] ,[1, 6, 7, 4, 5, 2, 3]
           ]:
Points:=[[4, 41],[7, 40],[10, 40],[13, 39],[16, 38],[19, 36],[22, 35]
       ,[24, 33],[27, 31],[29, 29],[31, 26],[33, 24],[35, 21],[37, 19]
       ,[38, 16],[39, 13],[40, 10],[40, 7],[41, 4],[41, 1],[41, -3]
       ,[41, -6],[40, -9],[39, -12],[38, -15],[37, -18],[36, -21],[34, -23]
       ,[32, -26],[30, -28],[28, -30],[25, -32],[23, -34],[20, -36],[17, -37]
       ,[14, -38],[11, -39],[8, -40],[5, -41],[2, -41] ]:
PointSelection := "QuasiUniformPointsAss(40,41)":
Machine := "Witherlin":
##############################################################################
Instance:=10000:
PreTime:=   2298.84:
GroebnerTime:=   5381.65:
RealTime:=    956.67:
Table:=[[0,0,10000]
       ,[254,2527,7219]
       ,[0,0,10000]
       ,[0,0,10000]
       ,[849,4390,4761]
       ,[0,0,10000]]:
CoefficientHeight:=   62.5:
