#BadIdeals here, if any
##############################################################################
#
#  Data for the enumerative problem
#  Fl(1,2,3,4;5) : W Xe5 Y11 Z11
#  1000 iterations planned  
#
##############################################################################
FlagVariety:=[1, 2, 3, 4, 5]:
Label := "Fl(1,2,3,4;5) : W Xe5 Y11 Z11":
EnumerativeProblem:=[ [1, 3, 4, 2, 5] ,[1, 2, 4, 5, 3]
                     ,[2, 1, 3, 4, 5] ,[1, 3, 2, 4, 5]
                     ,[1, 3, 2, 4, 5] ,[1, 3, 2, 4, 5]
                     ,[1, 3, 2, 4, 5] ,[1, 3, 2, 4, 5]
                    ]:
NumberOfSolutions := 5:
Necklaces:=[ [1, 2, 3, 4, 5, 6, 7] ,[2, 1, 3, 4, 5, 6, 7]
            ,[1, 7, 2, 3, 4, 5, 6] ,[3, 2, 1, 4, 5, 6, 7]
            ,[3, 1, 2, 4, 5, 6, 7] ,[1, 6, 2, 3, 4, 5, 7]
            ,[2, 7, 1, 3, 4, 5, 6] ,[4, 3, 1, 2, 5, 6, 7]
            ,[4, 2, 1, 3, 5, 6, 7] ,[4, 1, 2, 3, 5, 6, 7]
            ,[1, 5, 2, 3, 4, 6, 7] ,[2, 6, 1, 3, 4, 5, 7]
            ,[3, 7, 1, 2, 4, 5, 6] ,[5, 4, 1, 2, 3, 6, 7]
            ,[5, 3, 1, 2, 4, 6, 7] ,[5, 2, 1, 3, 4, 6, 7]
            ,[1, 4, 2, 3, 5, 6, 7] ,[2, 5, 1, 3, 4, 6, 7]
            ,[6, 5, 1, 2, 3, 4, 7] ,[6, 4, 1, 2, 3, 5, 7]
            ,[1, 3, 2, 4, 5, 6, 7]]:
Points:=[[7, 71],[13, 70],[18, 69],[23, 67],[28, 65],[33, 63],[38, 60]
       ,[42, 57],[47, 54],[51, 50],[54, 46],[58, 42],[61, 37],[63, 32]
       ,[66, 27],[67, 22],[69, 17],[70, 12],[71, 6],[71, 1],[71, -5]
       ,[70, -10],[69, -15],[68, -21],[66, -26],[64, -31],[61, -36],[59, -40]
       ,[55, -44],[52, -49],[48, -52],[44, -56],[39, -59],[35, -62],[30, -64]
       ,[25, -67],[20, -68],[14, -70],[9, -70],[4, -71] ]:
PointSelection := "QuasiUniformPointsAss(40,71)":
Machine := "rcf1422-3":
NumberOfIterations := 1000:
##############################################################################
Instance:=1000:
PreTime:=    234.42:
GroebnerTime:=    735.35:
RealTime:=    260.36:
Table:=[ [0, 0, 1000]
        ,[0, 0, 1000]
        ,[0, 0, 1000]
        ,[0, 0, 1000]
        ,[0, 0, 1000]
        ,[0, 0, 1000]
        ,[0, 0, 1000]
        ,[0, 0, 1000]
        ,[0, 0, 1000]
        ,[0, 0, 1000]
        ,[0, 0, 1000]
        ,[0, 0, 1000]
        ,[0, 0, 1000]
        ,[0, 0, 1000]
        ,[0, 0, 1000]
        ,[0, 0, 1000]
        ,[0, 0, 1000]
        ,[0, 0, 1000]
        ,[0, 0, 1000]
        ,[0, 0, 1000]
        ,[0, 0, 1000]]:
CoefficientHeight:=   16.6:

