#BadIdeals here, if any
##############################################################################
#
#  Data for the enumerative problem
#  Fl(1,2,3,4;5):  W Xe6 Y Z11 = 5 
#  10000 iterations planned  
#
##############################################################################
FlagVariety:=[1, 2, 3, 4, 5]:
Label := "Fl(1,2,3,4;5):  W Xe6 Y Z11 = 5 ":
EnumerativeProblem:=[ [1, 2, 4, 5, 3] ,[2, 1, 3, 4, 5]
                     ,[1, 3, 2, 4, 5] ,[1, 3, 2, 4, 5]
                     ,[1, 3, 2, 4, 5] ,[1, 3, 2, 4, 5]
                     ,[1, 3, 2, 4, 5] ,[1, 3, 2, 4, 5]
                     ,[1, 2, 4, 3, 5]]:
NumberOfSolutions := 5:
Necklaces:=[ [1, 2, 3, 4, 5, 6, 7, 8] ,[7, 1, 2, 3, 4, 5, 6, 8]
            ,[6, 1, 2, 3, 4, 5, 7, 8] ,[5, 1, 2, 3, 4, 6, 7, 8]
            ,[4, 1, 2, 3, 5, 6, 7, 8] ,[3, 1, 2, 4, 5, 6, 7, 8]
            ,[2, 1, 3, 4, 5, 6, 7, 8] ,[6, 1, 2, 3, 4, 5, 8, 7]
            ,[5, 1, 2, 3, 4, 6, 8, 7] ,[4, 1, 2, 3, 5, 6, 8, 7]
            ,[3, 1, 2, 4, 5, 6, 8, 7] ,[2, 1, 3, 4, 5, 6, 8, 7]
            ,[1, 2, 3, 4, 5, 6, 8, 7] ,[5, 1, 2, 3, 4, 7, 8, 6]
            ,[4, 1, 2, 3, 5, 7, 8, 6] ,[3, 1, 2, 4, 5, 7, 8, 6]
            ,[2, 1, 3, 4, 5, 7, 8, 6] ,[1, 2, 3, 4, 5, 7, 8, 6]
            ,[4, 1, 2, 3, 6, 7, 8, 5] ,[3, 1, 2, 4, 6, 7, 8, 5]
            ,[2, 1, 3, 4, 6, 7, 8, 5] ,[1, 2, 3, 4, 6, 7, 8, 5]
            ,[3, 1, 2, 5, 6, 7, 8, 4] ,[2, 1, 3, 5, 6, 7, 8, 4]
            ,[1, 2, 3, 5, 6, 7, 8, 4] ,[2, 1, 4, 5, 6, 7, 8, 3]
            ,[1, 2, 4, 5, 6, 7, 8, 3] ,[1, 3, 4, 5, 6, 7, 8, 2]
           ]:
Points:=[[7, 71],[13, 70],[18, 69],[23, 67],[28, 65],[33, 63],[38, 60]
       ,[42, 57],[47, 54],[51, 50],[54, 46],[58, 42],[61, 37],[63, 32]
       ,[66, 27],[67, 22],[69, 17],[70, 12],[71, 6],[71, 1],[71, -5]
       ,[70, -10],[69, -15],[68, -21],[66, -26],[64, -31],[61, -36],[59, -40]
       ,[55, -44],[52, -49],[48, -52],[44, -56],[39, -59],[35, -62],[30, -64]
       ,[25, -67],[20, -68],[14, -70],[9, -70],[4, -71] ]:
PointSelection := "QuasiUniformPointsAss(40,71)":
Machine := "rcf1422-3":
NumberOfIterations := 10000:
##############################################################################
Instance:=10000:
PreTime:=   2517.38:
GroebnerTime:=  12591.94:
RealTime:=   4069.11:
Table:=[ [0, 0, 10000]
        ,[0, 0, 10000]
        ,[0, 0, 10000]
        ,[0, 0, 10000]
        ,[0, 0, 10000]
        ,[0, 0, 10000]
        ,[0, 0, 10000]
        ,[0, 0, 10000]
        ,[0, 0, 10000]
        ,[0, 0, 10000]
        ,[0, 0, 10000]
        ,[0, 0, 10000]
        ,[0, 0, 10000]
        ,[0, 0, 10000]
        ,[0, 0, 10000]
        ,[0, 0, 10000]
        ,[0, 0, 10000]
        ,[0, 0, 10000]
        ,[0, 0, 10000]
        ,[0, 0, 10000]
        ,[0, 0, 10000]
        ,[0, 0, 10000]
        ,[0, 0, 10000]
        ,[0, 0, 10000]
        ,[0, 0, 10000]
        ,[0, 0, 10000]
        ,[0, 0, 10000]
        ,[0, 0, 10000]]:
CoefficientHeight:=   68.6:

