##############################################################################
#
#  Data for the enumerative problem
#  W21e4 = 8 on Rcf1422-1
#
##############################################################################
FlagVariety:=[3, 7]:
Label := "W21e4":
EnumerativeProblem:=[ [1, 3, 5, 2, 4, 6, 7] ,[1, 3, 5, 2, 4, 6, 7]
                     ,[1, 3, 5, 2, 4, 6, 7] ,[1, 3, 5, 2, 4, 6, 7]
                    ]:
NumberOfSolutions := 8:
Necklaces:=[ [1, 2, 3]]:
Points:=[[1, -13715],[1, -13714],[1, -13713],[1, -13711],[1, -13709],[1, -13705],[1, -13703]
       ,[1, -13699],[1, -13697],[1, -13693],[1, -13687],[1, -13685],[1, -13679],[1, -13675]
       ,[1, -13673],[1, -13669],[1, -13663],[1, -13657],[1, -13655],[1, -13649],[1, -13645]
       ,[1, -13643],[1, -13637],[1, -13633],[1, -13627],[1, -13619],[1, -13615],[1, -13613]
       ,[1, -13609],[1, -13607],[1, -13603],[1, -13589],[1, -13585],[1, -13579],[1, -13577]
       ,[1, -13567],[1, -13565],[1, -13559],[1, -13553],[1, -13549],[1, -13543],[1, -13537]
       ,[1, -13535],[1, -13525],[1, -13523],[1, -13519],[1, -13517],[1, -13505],[1, -13493]
       ,[1, -13489],[1, -13487],[1, -13483],[1, -13477],[1, -13475],[1, -13465],[1, -13459]
       ,[1, -13453],[1, -13447],[1, -13445],[1, -13439],[1, -13435],[1, -13433],[1, -13423]
       ,[1, -13409],[1, -13405],[1, -13403],[1, -13399],[1, -13385],[1, -13379],[1, -13369]
       ,[1, -13367],[1, -13363],[1, -13357],[1, -13349],[1, -13343],[1, -13337],[1, -13333]
       ,[1, -13327],[1, -13319],[1, -13315],[1, -13307],[1, -13297],[1, -13295],[1, -13285]
       ,[1, -13283],[1, -13277],[1, -13273],[1, -13267],[1, -13259],[1, -13255],[1, -13253]
       ,[1, -13249],[1, -13237],[1, -13229],[1, -13225],[1, -13217],[1, -13213],[1, -13207]
       ,[1, -13195],[1, -13193],[1, -13175],[1, -13169],[1, -13159],[1, -13153],[1, -13147]
       ,[1, -13145],[1, -13139],[1, -13129],[1, -13123],[1, -13117],[1, -13115],[1, -13109]
       ,[1, -13103],[1, -13099],[1, -13097],[1, -13085],[1, -13075],[1, -13073],[1, -13069]
       ,[1, -13063],[1, -13057],[1, -13055],[1, -13043],[1, -13039],[1, -13033],[1, -13025]
       ,[1, -13015],[1, -13007],[1, -12997],[1, -12989],[1, -12983],[1, -12977],[1, -12973]
       ,[1, -12965],[1, -12959],[1, -12955],[1, -12947],[1, -12943],[1, -12929],[1, -12919]
       ,[1, -12907],[1, -12905],[1, -12895],[1, -12893],[1, -12889],[1, -12887],[1, -12877]
       ,[1, -12863],[1, -12859],[1, -12857],[1, -12853],[1, -12839],[1, -12835],[1, -12833]
       ,[1, -12829],[1, -12809],[1, -12805],[1, -12797],[1, -12787],[1, -12779],[1, -12775]
       ,[1, -12769],[1, -12763],[1, -12749],[1, -12745],[1, -12739],[1, -12733],[1, -12725]
       ,[1, -12719],[1, -12707],[1, -12703],[1, -12697],[1, -12695],[1, -12685],[1, -12683]
       ,[1, -12677],[1, -12667],[1, -12665],[1, -12655],[1, -12653],[1, -12647],[1, -12629]
       ,[1, -12625],[1, -12623],[1, -12619],[1, -12613],[1, -12607],[1, -12599],[1, -12593]
       ,[1, -12587],[1, -12565],[1, -12563],[1, -12553],[1, -12545],[1, -12535],[1, -12529]
       ,[1, -12523],[1, -12515],[1, -12503],[1, -12499],[1, -12493],[1, -12487],[1, -12485]
       ,[1, -12479],[1, -12467],[1, -12457],[1, -12439],[1, -12437],[1, -12433],[1, -12427]
       ,[1, -12425],[1, -12419],[1, -12415],[1, -12413],[1, -12409],[1, -12397],[1, -12395]
       ,[1, -12389],[1, -12355],[1, -12349],[1, -12343],[1, -12335],[1, -12317],[1, -12307]
       ,[1, -12293],[1, -12289],[1, -12287],[1, -12283],[1, -12277],[1, -12269],[1, -12265]
       ,[1, -12263],[1, -12257],[1, -12245],[1, -12235],[1, -12233],[1, -12229],[1, -12227]
       ,[1, -12223],[1, -12217],[1, -12205],[1, -12193],[1, -12185],[1, -12173],[1, -12167]
       ,[1, -12163],[1, -12157],[1, -12149],[1, -12145],[1, -12137],[1, -12133],[1, -12119]
       ,[1, -12115],[1, -12109],[1, -12107],[1, -12103],[1, -12097],[1, -12095],[1, -12089]
       ,[1, -12079],[1, -12059],[1, -12053],[1, -12049],[1, -12047],[1, -12023],[1, -12019]
       ,[1, -12017],[1, -12007],[1, -11995],[1, -11993],[1, -11983],[1, -11975],[1, -11969]
       ,[1, -11963],[1, -11957],[1, -11939],[1, -11933],[1, -11929],[1, -11927],[1, -11915]
       ,[1, -11905],[1, -11893],[1, -11885],[1, -11869],[1, -11855],[1, -11849],[1, -11845]
       ,[1, -11843],[1, -11839],[1, -11837],[1, -11827],[1, -11815],[1, -11809],[1, -11803]
       ,[1, -11785],[1, -11783],[1, -11767],[1, -11765],[1, -11743],[1, -11737],[1, -11729]
       ,[1, -11723],[1, -11719],[1, -11717],[1, -11713],[1, -11705],[1, -11699],[1, -11689]
       ,[1, -11687],[1, -11677],[1, -11663],[1, -11653],[1, -11647],[1, -11635],[1, -11633]
       ,[1, -11629],[1, -11627],[1, -11617],[1, -11605],[1, -11603],[1, -11587],[1, -11585]
       ,[1, -11579],[1, -11575],[1, -11573],[1, -11563],[1, -11555],[1, -11537],[1, -11513]
       ,[1, -11509],[1, -11503],[1, -11495],[1, -11479],[1, -11477],[1, -11473],[1, -11465]
       ,[1, -11449],[1, -11447],[1, -11443],[1, -11435],[1, -11429],[1, -11423],[1, -11419]
       ,[1, -11407],[1, -11405],[1, -11383],[1, -11377],[1, -11375],[1, -11369],[1, -11365]
       ,[1, -11359],[1, -11345],[1, -11339],[1, -11335],[1, -11333],[1, -11327],[1, -11323]
       ,[1, -11317],[1, -11305],[1, -11299],[1, -11293],[1, -11279],[1, -11275],[1, -11269]
       ,[1, -11257],[1, -11249],[1, -11243],[1, -11239],[1, -11213],[1, -11195],[1, -11185]
       ,[1, -11177],[1, -11173],[1, -11167],[1, -11165],[1, -11159],[1, -11137],[1, -11125]
       ,[1, -11123],[1, -11107],[1, -11099],[1, -11095],[1, -11083],[1, -11069],[1, -11059]
       ,[1, -11057],[1, -11053],[1, -11045],[1, -11039],[1, -11033],[1, -11029],[1, -11027]
       ,[1, -11023],[1, -11017],[1, -11009],[1, -11005],[1, -11003],[1, -10997],[1, -10987]
       ,[1, -10985],[1, -10975],[1, -10967],[1, -10963],[1, -10949],[1, -10939],[1, -10927]
       ,[1, -10925],[1, -10919],[1, -10915],[1, -10913],[1, -10897],[1, -10883],[1, -10879]
       ,[1, -10873],[1, -10865],[1, -10859],[1, -10855],[1, -10837],[1, -10829],[1, -10819]
       ,[1, -10813],[1, -10807],[1, -10799],[1, -10789],[1, -10777],[1, -10763],[1, -10759]
       ,[1, -10753],[1, -10747],[1, -10745],[1, -10717],[1, -10715],[1, -10705],[1, -10697]
       ,[1, -10693],[1, -10679],[1, -10675],[1, -10667],[1, -10655],[1, -10649],[1, -10637]
       ,[1, -10633],[1, -10627],[1, -10607],[1, -10597],[1, -10595],[1, -10579],[1, -10553]
       ,[1, -10549],[1, -10547],[1, -10535],[1, -10529],[1, -10525],[1, -10513],[1, -10507]
       ,[1, -10499],[1, -10495],[1, -10487],[1, -10465],[1, -10463],[1, -10459],[1, -10457]
       ,[1, -10445],[1, -10417],[1, -10415],[1, -10409],[1, -10403],[1, -10397],[1, -10393]
       ,[1, -10387],[1, -10385],[1, -10373],[1, -10369],[1, -10357],[1, -10355],[1, -10345]
       ,[1, -10343],[1, -10327],[1, -10325],[1, -10309],[1, -10303],[1, -10283],[1, -10267]
       ,[1, -10259],[1, -10255],[1, -10253],[1, -10249],[1, -10247],[1, -10225],[1, -10217]
       ,[1, -10205],[1, -10199],[1, -10189],[1, -10187],[1, -10183],[1, -10177],[1, -10175]
       ,[1, -10169],[1, -10159],[1, -10157],[1, -10145],[1, -10135],[1, -10133],[1, -10123]
       ,[1, -10109],[1, -10103],[1, -10099],[1, -10093],[1, -10085],[1, -10079],[1, -10073]
       ,[1, -10057],[1, -10045],[1, -10043],[1, -10039],[1, -10025],[1, -10019],[1, -10015]
       ,[1, -10007],[1, -9997],[1, -9989],[1, -9983],[1, -9977],[1, -9955],[1, -9949]
       ,[1, -9947],[1, -9937],[1, -9923],[1, -9919],[1, -9913],[1, -9895],[1, -9893]
       ,[1, -9883],[1, -9869],[1, -9865],[1, -9863],[1, -9853],[1, -9839],[1, -9835]
       ,[1, -9827],[1, -9809],[1, -9805],[1, -9799],[1, -9797],[1, -9793],[1, -9787]
       ,[1, -9785],[1, -9773],[1, -9769],[1, -9749],[1, -9727],[1, -9715],[1, -9713]
       ,[1, -9709],[1, -9703],[1, -9697],[1, -9695],[1, -9689],[1, -9667],[1, -9665]
       ,[1, -9659],[1, -9643],[1, -9637],[1, -9625],[1, -9623],[1, -9617],[1, -9605]
       ,[1, -9589],[1, -9587],[1, -9583],[1, -9577],[1, -9563],[1, -9559],[1, -9557]
       ,[1, -9539],[1, -9515],[1, -9505],[1, -9499],[1, -9497],[1, -9487],[1, -9485]
       ,[1, -9475],[1, -9473],[1, -9463],[1, -9457],[1, -9455],[1, -9445],[1, -9443]
       ,[1, -9433],[1, -9427],[1, -9419],[1, -9389],[1, -9379],[1, -9377],[1, -9367]
       ,[1, -9359],[1, -9353],[1, -9343],[1, -9325],[1, -9319],[1, -9307],[1, -9295]
       ,[1, -9293],[1, -9275],[1, -9269],[1, -9265],[1, -9259],[1, -9253],[1, -9235]
       ,[1, -9233],[1, -9223],[1, -9209],[1, -9203],[1, -9199],[1, -9197],[1, -9193]
       ,[1, -9169],[1, -9167],[1, -9155],[1, -9149],[1, -9133],[1, -9125],[1, -9119]
       ,[1, -9113],[1, -9095],[1, -9079],[1, -9077],[1, -9073],[1, -9067],[1, -9065]
       ,[1, -9059],[1, -9053],[1, -9043],[1, -9037],[1, -9025],[1, -9013],[1, -8995]
       ,[1, -8993],[1, -8987],[1, -8983],[1, -8965],[1, -8957],[1, -8933],[1, -8929]
       ,[1, -8927],[1, -8923],[1, -8917],[1, -8915],[1, -8903],[1, -8899],[1, -8885]
       ,[1, -8855],[1, -8845],[1, -8839],[1, -8827],[1, -8813],[1, -8807],[1, -8797]
       ,[1, -8785],[1, -8783],[1, -8779],[1, -8773],[1, -8765],[1, -8759],[1, -8749]
       ,[1, -8747],[1, -8743],[1, -8729],[1, -8723],[1, -8717],[1, -8713],[1, -8707]
       ,[1, -8705],[1, -8695],[1, -8693],[1, -8677],[1, -8665],[1, -8657],[1, -8639]
       ,[1, -8635],[1, -8629],[1, -8617],[1, -8615],[1, -8609],[1, -8603],[1, -8597]
       ,[1, -8569],[1, -8563],[1, -8549],[1, -8545],[1, -8537],[1, -8527],[1, -8519]
       ,[1, -8507],[1, -8489],[1, -8485],[1, -8483],[1, -8479],[1, -8455],[1, -8443]
       ,[1, -8437],[1, -8435],[1, -8419],[1, -8413],[1, -8407],[1, -8393],[1, -8383]
       ,[1, -8369],[1, -8365],[1, -8335],[1, -8329],[1, -8323],[1, -8317],[1, -8309]
       ,[1, -8303],[1, -8299],[1, -8297],[1, -8285],[1, -8279],[1, -8275],[1, -8273]
       ,[1, -8267],[1, -8245],[1, -8239],[1, -8237],[1, -8233],[1, -8215],[1, -8213]
       ,[1, -8209],[1, -8197],[1, -8195],[1, -8189],[1, -8185],[1, -8159],[1, -8153]
       ,[1, -8147],[1, -8143],[1, -8135],[1, -8125],[1, -8093],[1, -8077],[1, -8075]
       ,[1, -8069],[1, -8065],[1, -8063],[1, -8059],[1, -8057],[1, -8047],[1, -8033]
       ,[1, -8027],[1, -8023],[1, -8015],[1, -8005],[1, -7999],[1, -7979],[1, -7975]
       ,[1, -7973],[1, -7967],[1, -7937],[1, -7933],[1, -7925],[1, -7915],[1, -7909]
       ,[1, -7903],[1, -7895],[1, -7889],[1, -7877],[1, -7873],[1, -7867],[1, -7865]
       ,[1, -7859],[1, -7855],[1, -7849],[1, -7847],[1, -7837],[1, -7835],[1, -7819]
       ,[1, -7813],[1, -7793],[1, -7789],[1, -7777],[1, -7763],[1, -7735],[1, -7729]
       ,[1, -7709],[1, -7705],[1, -7687],[1, -7679],[1, -7673],[1, -7669],[1, -7663]
       ,[1, -7649],[1, -7643],[1, -7637],[1, -7627],[1, -7625],[1, -7615],[1, -7603]
       ,[1, -7595],[1, -7585],[1, -7583],[1, -7573],[1, -7565],[1, -7553],[1, -7543]
       ,[1, -7519],[1, -7517],[1, -7513],[1, -7505],[1, -7499],[1, -7495],[1, -7487]
       ,[1, -7469],[1, -7459],[1, -7453],[1, -7447],[1, -7445],[1, -7439],[1, -7429]
       ,[1, -7417],[1, -7415],[1, -7405],[1, -7399],[1, -7393],[1, -7387],[1, -7379]
       ,[1, -7373],[1, -7363],[1, -7357],[1, -7355],[1, -7349],[1, -7343],[1, -7337]
       ,[1, -7327],[1, -7319],[1, -7295],[1, -7289],[1, -7267],[1, -7265],[1, -7247]
       ,[1, -7243],[1, -7235],[1, -7225],[1, -7195],[1, -7187],[1, -7169],[1, -7165]
       ,[1, -7163],[1, -7153],[1, -7147],[1, -7145],[1, -7139],[1, -7135],[1, -7117]
       ,[1, -7109],[1, -7097],[1, -7079],[1, -7063],[1, -7057],[1, -7055],[1, -7043]
       ,[1, -7037],[1, -7027],[1, -7025],[1, -7015],[1, -7013],[1, -7007],[1, -6997]
       ,[1, -6983],[1, -6979],[1, -6955],[1, -6953],[1, -6937],[1, -6935],[1, -6925]
       ,[1, -6923],[1, -6913],[1, -6893],[1, -6889],[1, -6887],[1, -6883],[1, -6875]
       ,[1, -6859],[1, -6853],[1, -6847],[1, -6845],[1, -6833],[1, -6817],[1, -6809]
       ,[1, -6805],[1, -6799],[1, -6769],[1, -6767],[1, -6757],[1, -6755],[1, -6749]
       ,[1, -6745],[1, -6739],[1, -6733],[1, -6725],[1, -6719],[1, -6715],[1, -6703]
       ,[1, -6697],[1, -6689],[1, -6677],[1, -6673],[1, -6659],[1, -6647],[1, -6637]
       ,[1, -6613],[1, -6607],[1, -6595],[1, -6589],[1, -6587],[1, -6565],[1, -6557]
       ,[1, -6539],[1, -6529],[1, -6523],[1, -6509],[1, -6505],[1, -6503],[1, -6497]
       ,[1, -6487],[1, -6479],[1, -6473],[1, -6469],[1, -6463],[1, -6433],[1, -6419]
       ,[1, -6409],[1, -6407],[1, -6395],[1, -6385],[1, -6383],[1, -6367],[1, -6365]
       ,[1, -6347],[1, -6323],[1, -6305],[1, -6299],[1, -6283],[1, -6265],[1, -6259]
       ,[1, -6257],[1, -6239],[1, -6235],[1, -6229],[1, -6227],[1, -6217],[1, -6209]
       ,[1, -6199],[1, -6193],[1, -6187],[1, -6179],[1, -6175],[1, -6169],[1, -6167]
       ,[1, -6157],[1, -6155],[1, -6143],[1, -6139],[1, -6133],[1, -6127],[1, -6125]
       ,[1, -6113],[1, -6109],[1, -6095],[1, -6077],[1, -6073],[1, -6067],[1, -6047]
       ,[1, -6043],[1, -6035],[1, -6029],[1, -6025],[1, -6017],[1, -6013],[1, -5999]
       ,[1, -5993],[1, -5989],[1, -5975],[1, -5963],[1, -5959],[1, -5957],[1, -5927]
       ,[1, -5923],[1, -5899],[1, -5893],[1, -5887],[1, -5875],[1, -5863],[1, -5849]
       ,[1, -5843],[1, -5839],[1, -5837],[1, -5833],[1, -5815],[1, -5809],[1, -5797]
       ,[1, -5789],[1, -5783],[1, -5779],[1, -5767],[1, -5765],[1, -5753],[1, -5723]
       ,[1, -5707],[1, -5705],[1, -5699],[1, -5677],[1, -5663],[1, -5657],[1, -5647]
       ,[1, -5635],[1, -5629],[1, -5627],[1, -5623],[1, -5615],[1, -5605],[1, -5599]
       ,[1, -5593],[1, -5569],[1, -5555],[1, -5549],[1, -5545],[1, -5537],[1, -5525]
       ,[1, -5507],[1, -5497],[1, -5495],[1, -5485],[1, -5483],[1, -5479],[1, -5473]
       ,[1, -5453],[1, -5447],[1, -5443],[1, -5429],[1, -5425],[1, -5423],[1, -5419]
       ,[1, -5405],[1, -5399],[1, -5387],[1, -5363],[1, -5353],[1, -5347],[1, -5339]
       ,[1, -5329],[1, -5327],[1, -5297],[1, -5293],[1, -5287],[1, -5285],[1, -5273]
       ,[1, -5269],[1, -5255],[1, -5249],[1, -5215],[1, -5203],[1, -5195],[1, -5189]
       ,[1, -5179],[1, -5177],[1, -5173],[1, -5153],[1, -5143],[1, -5135],[1, -5119]
       ,[1, -5117],[1, -5107],[1, -5093],[1, -5089],[1, -5087],[1, -5075],[1, -5069]
       ,[1, -5053],[1, -5047],[1, -5039],[1, -5035],[1, -5027],[1, -5023],[1, -5017]
       ,[1, -5009],[1, -5003],[1, -4997],[1, -4985],[1, -4979],[1, -4975],[1, -4969]
       ,[1, -4963],[1, -4955],[1, -4937],[1, -4933],[1, -4913],[1, -4909],[1, -4897]
       ,[1, -4895],[1, -4885],[1, -4879],[1, -4877],[1, -4867],[1, -4855],[1, -4853]
       ,[1, -4849],[1, -4829],[1, -4823],[1, -4793],[1, -4787],[1, -4783],[1, -4775]
       ,[1, -4765],[1, -4753],[1, -4747],[1, -4745],[1, -4717],[1, -4715],[1, -4709]
       ,[1, -4705],[1, -4703],[1, -4687],[1, -4675],[1, -4673],[1, -4667],[1, -4657]
       ,[1, -4649],[1, -4625],[1, -4613],[1, -4607],[1, -4589],[1, -4583],[1, -4579]
       ,[1, -4565],[1, -4559],[1, -4555],[1, -4543],[1, -4535],[1, -4529],[1, -4517]
       ,[1, -4513],[1, -4507],[1, -4495],[1, -4489],[1, -4477],[1, -4475],[1, -4459]
       ,[1, -4439],[1, -4435],[1, -4433],[1, -4423],[1, -4405],[1, -4397],[1, -4393]
       ,[1, -4379],[1, -4375],[1, -4373],[1, -4367],[1, -4345],[1, -4339],[1, -4325]
       ,[1, -4319],[1, -4313],[1, -4303],[1, -4297],[1, -4295],[1, -4285],[1, -4283]
       ,[1, -4279],[1, -4277],[1, -4255],[1, -4253],[1, -4249],[1, -4243],[1, -4237]
       ,[1, -4225],[1, -4219],[1, -4205],[1, -4195],[1, -4183],[1, -4177],[1, -4169]
       ,[1, -4165],[1, -4129],[1, -4115],[1, -4103],[1, -4097],[1, -4093],[1, -4087]
       ,[1, -4085],[1, -4073],[1, -4067],[1, -4055],[1, -4039],[1, -4037],[1, -4027]
       ,[1, -4019],[1, -3997],[1, -3995],[1, -3983],[1, -3977],[1, -3973],[1, -3967]
       ,[1, -3949],[1, -3947],[1, -3935],[1, -3929],[1, -3925],[1, -3913],[1, -3905]
       ,[1, -3899],[1, -3887],[1, -3883],[1, -3877],[1, -3865],[1, -3859],[1, -3857]
       ,[1, -3845],[1, -3833],[1, -3829],[1, -3815],[1, -3809],[1, -3793],[1, -3787]
       ,[1, -3785],[1, -3775],[1, -3767],[1, -3749],[1, -3743],[1, -3709],[1, -3707]
       ,[1, -3679],[1, -3677],[1, -3655],[1, -3649],[1, -3647],[1, -3637],[1, -3625]
       ,[1, -3623],[1, -3617],[1, -3613],[1, -3605],[1, -3583],[1, -3577],[1, -3575]
       ,[1, -3565],[1, -3557],[1, -3553],[1, -3547],[1, -3539],[1, -3535],[1, -3523]
       ,[1, -3505],[1, -3493],[1, -3473],[1, -3469],[1, -3463],[1, -3457],[1, -3449]
       ,[1, -3445],[1, -3443],[1, -3427],[1, -3415],[1, -3413],[1, -3403],[1, -3395]
       ,[1, -3385],[1, -3383],[1, -3379],[1, -3373],[1, -3359],[1, -3347],[1, -3325]
       ,[1, -3317],[1, -3289],[1, -3287],[1, -3283],[1, -3263],[1, -3259],[1, -3257]
       ,[1, -3253],[1, -3239],[1, -3229],[1, -3217],[1, -3215],[1, -3203],[1, -3187]
       ,[1, -3185],[1, -3157],[1, -3149],[1, -3127],[1, -3119],[1, -3115],[1, -3109]
       ,[1, -3103],[1, -3089],[1, -3085],[1, -3077],[1, -3065],[1, -3059],[1, -3053]
       ,[1, -3049],[1, -3029],[1, -3025],[1, -3007],[1, -3005],[1, -2993],[1, -2987]
       ,[1, -2983],[1, -2977],[1, -2963],[1, -2945],[1, -2935],[1, -2927],[1, -2917]
       ,[1, -2885],[1, -2879],[1, -2869],[1, -2863],[1, -2857],[1, -2855],[1, -2849]
       ,[1, -2833],[1, -2827],[1, -2825],[1, -2813],[1, -2807],[1, -2779],[1, -2777]
       ,[1, -2767],[1, -2759],[1, -2743],[1, -2737],[1, -2729],[1, -2723],[1, -2713]
       ,[1, -2689],[1, -2669],[1, -2659],[1, -2657],[1, -2647],[1, -2645],[1, -2633]
       ,[1, -2629],[1, -2623],[1, -2603],[1, -2599],[1, -2597],[1, -2585],[1, -2567]
       ,[1, -2557],[1, -2555],[1, -2545],[1, -2543],[1, -2539],[1, -2519],[1, -2503]
       ,[1, -2477],[1, -2473],[1, -2465],[1, -2459],[1, -2455],[1, -2443],[1, -2437]
       ,[1, -2429],[1, -2417],[1, -2405],[1, -2399],[1, -2395],[1, -2387],[1, -2365]
       ,[1, -2363],[1, -2347],[1, -2333],[1, -2323],[1, -2317],[1, -2305],[1, -2293]
       ,[1, -2279],[1, -2273],[1, -2269],[1, -2249],[1, -2245],[1, -2233],[1, -2227]
       ,[1, -2225],[1, -2219],[1, -2213],[1, -2197],[1, -2189],[1, -2167],[1, -2165]
       ,[1, -2137],[1, -2129],[1, -2123],[1, -2119],[1, -2099],[1, -2095],[1, -2083]
       ,[1, -2059],[1, -2039],[1, -2035],[1, -2027],[1, -2017],[1, -2015],[1, -1999]
       ,[1, -1997],[1, -1985],[1, -1973],[1, -1939],[1, -1937],[1, -1933],[1, -1927]
       ,[1, -1915],[1, -1909],[1, -1903],[1, -1895],[1, -1889],[1, -1885],[1, -1883]
       ,[1, -1877],[1, -1853],[1, -1849],[1, -1829],[1, -1819],[1, -1813],[1, -1807]
       ,[1, -1793],[1, -1789],[1, -1783],[1, -1777],[1, -1775],[1, -1763],[1, -1757]
       ,[1, -1747],[1, -1745],[1, -1735],[1, -1729],[1, -1709],[1, -1705],[1, -1679]
       ,[1, -1675],[1, -1673],[1, -1667],[1, -1645],[1, -1643],[1, -1619],[1, -1615]
       ,[1, -1609],[1, -1607],[1, -1603],[1, -1597],[1, -1573],[1, -1567],[1, -1559]
       ,[1, -1555],[1, -1553],[1, -1519],[1, -1513],[1, -1505],[1, -1489],[1, -1477]
       ,[1, -1475],[1, -1465],[1, -1463],[1, -1453],[1, -1447],[1, -1439],[1, -1435]
       ,[1, -1427],[1, -1415],[1, -1393],[1, -1387],[1, -1373],[1, -1369],[1, -1343]
       ,[1, -1339],[1, -1337],[1, -1325],[1, -1315],[1, -1307],[1, -1303],[1, -1295]
       ,[1, -1283],[1, -1279],[1, -1265],[1, -1259],[1, -1243],[1, -1237],[1, -1229]
       ,[1, -1225],[1, -1219],[1, -1213],[1, -1205],[1, -1199],[1, -1189],[1, -1177]
       ,[1, -1175],[1, -1169],[1, -1163],[1, -1147],[1, -1139],[1, -1133],[1, -1127]
       ,[1, -1115],[1, -1105],[1, -1103],[1, -1097],[1, -1079],[1, -1075],[1, -1069]
       ,[1, -1063],[1, -1057],[1, -1045],[1, -1027],[1, -1019],[1, -1013],[1, -1003]
       ,[1, -995],[1, -977],[1, -973],[1, -959],[1, -953],[1, -935],[1, -925]
       ,[1, -917],[1, -907],[1, -895],[1, -893],[1, -887],[1, -875],[1, -863]
       ,[1, -827],[1, -823],[1, -817],[1, -809],[1, -805],[1, -799],[1, -797]
       ,[1, -793],[1, -775],[1, -763],[1, -757],[1, -749],[1, -743],[1, -737]
       ,[1, -733],[1, -715],[1, -713],[1, -709],[1, -707],[1, -683],[1, -679]
       ,[1, -673],[1, -667],[1, -653],[1, -623],[1, -617],[1, -613],[1, -607]
       ,[1, -595],[1, -589],[1, -569],[1, -565],[1, -557],[1, -553],[1, -545]
       ,[1, -539],[1, -533],[1, -529],[1, -499],[1, -497],[1, -487],[1, -475]
       ,[1, -467],[1, -457],[1, -449],[1, -425],[1, -419],[1, -407],[1, -403]
       ,[1, -389],[1, -385],[1, -379],[1, -377],[1, -349],[1, -335],[1, -319]
       ,[1, -317],[1, -305],[1, -299],[1, -295],[1, -275],[1, -265],[1, -259]
       ,[1, -253],[1, -247],[1, -239],[1, -229],[1, -217],[1, -203],[1, -193]
       ,[1, -179],[1, -163],[1, -149],[1, -139],[1, -125],[1, -119],[1, -103]
       ,[1, -97],[1, -89],[1, -83],[1, -67],[1, -47],[1, -37],[1, -35]
       ,[1, -29],[1, -25],[1, -23],[1, -19],[1, -7],[1, -5],[1, 5]
       ,[1, 7],[1, 13],[1, 35],[1, 41],[1, 43],[1, 47],[1, 65]
       ,[1, 73],[1, 83],[1, 91],[1, 113],[1, 115],[1, 125],[1, 143]
       ,[1, 157],[1, 161],[1, 163],[1, 167],[1, 185],[1, 187],[1, 191]
       ,[1, 197],[1, 205],[1, 215],[1, 217],[1, 247],[1, 251],[1, 281]
       ,[1, 283],[1, 293],[1, 295],[1, 313],[1, 317],[1, 335],[1, 341]
       ,[1, 355],[1, 365],[1, 367],[1, 371],[1, 391],[1, 427],[1, 433]
       ,[1, 437],[1, 443],[1, 457],[1, 461],[1, 481],[1, 491],[1, 505]
       ,[1, 527],[1, 533],[1, 535],[1, 565],[1, 577],[1, 587],[1, 605]
       ,[1, 607],[1, 611],[1, 625],[1, 631],[1, 653],[1, 671],[1, 673]
       ,[1, 685],[1, 691],[1, 695],[1, 703],[1, 707],[1, 715],[1, 721]
       ,[1, 731],[1, 733],[1, 745],[1, 763],[1, 773],[1, 787],[1, 803]
       ,[1, 817],[1, 821],[1, 827],[1, 833],[1, 835],[1, 841],[1, 845]
       ,[1, 847],[1, 875],[1, 877],[1, 905],[1, 911],[1, 913],[1, 917]
       ,[1, 923],[1, 937],[1, 941],[1, 953],[1, 967],[1, 983],[1, 997]
       ,[1, 1001],[1, 1007],[1, 1015],[1, 1021],[1, 1025],[1, 1031],[1, 1037]
       ,[1, 1043],[1, 1051],[1, 1055],[1, 1063],[1, 1067],[1, 1081],[1, 1097]
       ,[1, 1105],[1, 1111],[1, 1115],[1, 1127],[1, 1135],[1, 1151],[1, 1153]
       ,[1, 1163],[1, 1171],[1, 1175],[1, 1181],[1, 1207],[1, 1213],[1, 1223]
       ,[1, 1231],[1, 1235],[1, 1241],[1, 1253],[1, 1267],[1, 1297],[1, 1301]
       ,[1, 1315],[1, 1337],[1, 1345],[1, 1357],[1, 1361],[1, 1367],[1, 1375]
       ,[1, 1385],[1, 1391],[1, 1405],[1, 1415],[1, 1421],[1, 1423],[1, 1433]
       ,[1, 1445],[1, 1457],[1, 1471],[1, 1477],[1, 1483],[1, 1501],[1, 1511]
       ,[1, 1517],[1, 1525],[1, 1543],[1, 1547],[1, 1553],[1, 1555],[1, 1561]
       ,[1, 1571],[1, 1573],[1, 1583],[1, 1591],[1, 1597],[1, 1603],[1, 1613]
       ,[1, 1615],[1, 1633],[1, 1643],[1, 1645],[1, 1657],[1, 1661],[1, 1667]
       ,[1, 1675],[1, 1685],[1, 1697],[1, 1711],[1, 1723],[1, 1727],[1, 1735]
       ,[1, 1745],[1, 1751],[1, 1757],[1, 1777],[1, 1781],[1, 1795],[1, 1811]
       ,[1, 1825],[1, 1835],[1, 1843],[1, 1853],[1, 1865],[1, 1867],[1, 1885]
       ,[1, 1891],[1, 1903],[1, 1913],[1, 1925],[1, 1927],[1, 1931],[1, 1933]
       ,[1, 1945],[1, 1951],[1, 1955],[1, 1963],[1, 1967],[1, 2011],[1, 2015]
       ,[1, 2017],[1, 2021],[1, 2023],[1, 2033],[1, 2045],[1, 2051],[1, 2057]
       ,[1, 2071],[1, 2075],[1, 2081],[1, 2087],[1, 2093],[1, 2101],[1, 2107]
       ,[1, 2143],[1, 2161],[1, 2165],[1, 2171],[1, 2173],[1, 2185],[1, 2191]
       ,[1, 2197],[1, 2203],[1, 2207],[1, 2221],[1, 2243],[1, 2255],[1, 2257]
       ,[1, 2275],[1, 2285],[1, 2291],[1, 2317],[1, 2341],[1, 2345],[1, 2347]
       ,[1, 2351],[1, 2353],[1, 2357],[1, 2371],[1, 2375],[1, 2381],[1, 2387]
       ,[1, 2395],[1, 2411],[1, 2423],[1, 2425],[1, 2467],[1, 2471],[1, 2473]
       ,[1, 2477],[1, 2501],[1, 2507],[1, 2513],[1, 2515],[1, 2533],[1, 2537]
       ,[1, 2551],[1, 2557],[1, 2585],[1, 2603],[1, 2617],[1, 2623],[1, 2633]
       ,[1, 2645],[1, 2647],[1, 2653],[1, 2665],[1, 2695],[1, 2701],[1, 2705]
       ,[1, 2711],[1, 2717],[1, 2731],[1, 2735],[1, 2737],[1, 2761],[1, 2765]
       ,[1, 2771],[1, 2777],[1, 2803],[1, 2813],[1, 2831],[1, 2837],[1, 2845]
       ,[1, 2851],[1, 2857],[1, 2887],[1, 2891],[1, 2903],[1, 2915],[1, 2917]
       ,[1, 2933],[1, 2935],[1, 2941],[1, 2945],[1, 2957],[1, 2975],[1, 2977]
       ,[1, 2983],[1, 2987],[1, 3013],[1, 3025],[1, 3031],[1, 3043],[1, 3047]
       ,[1, 3071],[1, 3095],[1, 3107],[1, 3113],[1, 3115],[1, 3127],[1, 3155]
       ,[1, 3163],[1, 3167],[1, 3173],[1, 3185],[1, 3187],[1, 3205],[1, 3211]
       ,[1, 3215],[1, 3221],[1, 3227],[1, 3247],[1, 3263],[1, 3265],[1, 3271]
       ,[1, 3277],[1, 3295],[1, 3305],[1, 3311],[1, 3313],[1, 3317],[1, 3325]
       ,[1, 3331],[1, 3337],[1, 3361],[1, 3377],[1, 3383],[1, 3391],[1, 3401]
       ,[1, 3407],[1, 3421],[1, 3443],[1, 3451],[1, 3467],[1, 3473],[1, 3475]
       ,[1, 3487],[1, 3491],[1, 3493],[1, 3515],[1, 3523],[1, 3541],[1, 3575]
       ,[1, 3577],[1, 3583],[1, 3601],[1, 3605],[1, 3611],[1, 3617],[1, 3625]
       ,[1, 3635],[1, 3643],[1, 3661],[1, 3667],[1, 3671],[1, 3673],[1, 3677]
       ,[1, 3685],[1, 3701],[1, 3703],[1, 3715],[1, 3727],[1, 3733],[1, 3751]
       ,[1, 3755],[1, 3761],[1, 3767],[1, 3773],[1, 3775],[1, 3781],[1, 3793]
       ,[1, 3803],[1, 3823],[1, 3835],[1, 3853],[1, 3857],[1, 3863],[1, 3865]
       ,[1, 3881],[1, 3883],[1, 3893],[1, 3907],[1, 3911],[1, 3941],[1, 3943]
       ,[1, 3953],[1, 3965],[1, 3967],[1, 3991],[1, 3997],[1, 4013],[1, 4021]
       ,[1, 4031],[1, 4033],[1, 4045],[1, 4067],[1, 4073],[1, 4075],[1, 4091]
       ,[1, 4111],[1, 4121],[1, 4123],[1, 4135],[1, 4147],[1, 4165],[1, 4175]
       ,[1, 4187],[1, 4193],[1, 4195],[1, 4205],[1, 4207],[1, 4213],[1, 4223]
       ,[1, 4241],[1, 4243],[1, 4255],[1, 4261],[1, 4265],[1, 4271],[1, 4273]
       ,[1, 4297],[1, 4325],[1, 4327],[1, 4331],[1, 4333],[1, 4343],[1, 4345]
       ,[1, 4361],[1, 4373],[1, 4381],[1, 4403],[1, 4405],[1, 4411],[1, 4415]
       ,[1, 4417],[1, 4427],[1, 4433],[1, 4453],[1, 4465],[1, 4475],[1, 4483]
       ,[1, 4495],[1, 4501],[1, 4507],[1, 4513],[1, 4517],[1, 4535],[1, 4537]
       ,[1, 4541],[1, 4553],[1, 4571],[1, 4573],[1, 4585],[1, 4591],[1, 4595]
       ,[1, 4597],[1, 4613],[1, 4625],[1, 4637],[1, 4651],[1, 4655],[1, 4663]
       ,[1, 4681],[1, 4685],[1, 4697],[1, 4711],[1, 4717],[1, 4723],[1, 4727]
       ,[1, 4735],[1, 4741],[1, 4745],[1, 4765],[1, 4777],[1, 4787],[1, 4801]
       ,[1, 4805],[1, 4807],[1, 4823],[1, 4825],[1, 4837],[1, 4867],[1, 4871]
       ,[1, 4877],[1, 4901],[1, 4921],[1, 4945],[1, 4955],[1, 4963],[1, 4975]
       ,[1, 4985],[1, 4997],[1, 5003],[1, 5015],[1, 5027],[1, 5033],[1, 5041]
       ,[1, 5057],[1, 5071],[1, 5077],[1, 5081],[1, 5087],[1, 5123],[1, 5143]
       ,[1, 5153],[1, 5183],[1, 5195],[1, 5197],[1, 5201],[1, 5203],[1, 5231]
       ,[1, 5243],[1, 5257],[1, 5263],[1, 5285],[1, 5293],[1, 5297],[1, 5315]
       ,[1, 5321],[1, 5335],[1, 5353],[1, 5357],[1, 5363],[1, 5365],[1, 5371]
       ,[1, 5405],[1, 5423],[1, 5425],[1, 5441],[1, 5447],[1, 5465],[1, 5467]
       ,[1, 5491],[1, 5495],[1, 5497],[1, 5503],[1, 5515],[1, 5521],[1, 5533]
       ,[1, 5543],[1, 5551],[1, 5557],[1, 5573],[1, 5585],[1, 5593],[1, 5603]
       ,[1, 5617],[1, 5657],[1, 5663],[1, 5665],[1, 5671],[1, 5675],[1, 5687]
       ,[1, 5701],[1, 5705],[1, 5707],[1, 5711],[1, 5713],[1, 5717],[1, 5725]
       ,[1, 5731],[1, 5741],[1, 5747],[1, 5753],[1, 5755],[1, 5761],[1, 5767]
       ,[1, 5773],[1, 5785],[1, 5791],[1, 5815],[1, 5825],[1, 5827],[1, 5837]
       ,[1, 5843],[1, 5855],[1, 5861],[1, 5867],[1, 5881],[1, 5887],[1, 5893]
       ,[1, 5945],[1, 5965],[1, 5971],[1, 5981],[1, 5983],[1, 5993],[1, 6001]
       ,[1, 6011],[1, 6023],[1, 6035],[1, 6037],[1, 6043],[1, 6047],[1, 6061]
       ,[1, 6077],[1, 6085],[1, 6097],[1, 6103],[1, 6125],[1, 6127],[1, 6137]
       ,[1, 6145],[1, 6151],[1, 6173],[1, 6175],[1, 6197],[1, 6203],[1, 6211]
       ,[1, 6221],[1, 6233],[1, 6245],[1, 6247],[1, 6257],[1, 6263],[1, 6275]
       ,[1, 6277],[1, 6281],[1, 6295],[1, 6305],[1, 6307],[1, 6313],[1, 6331]
       ,[1, 6335],[1, 6347],[1, 6355],[1, 6373],[1, 6385],[1, 6391],[1, 6397]
       ,[1, 6401],[1, 6407],[1, 6413],[1, 6427],[1, 6431],[1, 6433],[1, 6445]
       ,[1, 6457],[1, 6461],[1, 6467],[1, 6485],[1, 6503],[1, 6515],[1, 6517]
       ,[1, 6533],[1, 6545],[1, 6553],[1, 6571],[1, 6581],[1, 6607],[1, 6611]
       ,[1, 6617],[1, 6625],[1, 6631],[1, 6637],[1, 6641],[1, 6643],[1, 6653]
       ,[1, 6673],[1, 6677],[1, 6683],[1, 6691],[1, 6695],[1, 6715],[1, 6725]
       ,[1, 6727],[1, 6761],[1, 6763],[1, 6767],[1, 6791],[1, 6793],[1, 6805]
       ,[1, 6817],[1, 6827],[1, 6833],[1, 6835],[1, 6847],[1, 6877],[1, 6883]
       ,[1, 6895],[1, 6911],[1, 6923],[1, 6925],[1, 6947],[1, 6965],[1, 6977]
       ,[1, 6991],[1, 7001],[1, 7003],[1, 7015],[1, 7027],[1, 7031],[1, 7033]
       ,[1, 7037],[1, 7043],[1, 7055],[1, 7057],[1, 7073],[1, 7091],[1, 7093]
       ,[1, 7133],[1, 7141],[1, 7157],[1, 7163],[1, 7171],[1, 7181],[1, 7183]
       ,[1, 7187],[1, 7205],[1, 7213],[1, 7223],[1, 7231],[1, 7243],[1, 7247]
       ,[1, 7265],[1, 7267],[1, 7285],[1, 7295],[1, 7297],[1, 7301],[1, 7303]
       ,[1, 7307],[1, 7315],[1, 7343],[1, 7345],[1, 7351],[1, 7373],[1, 7385]
       ,[1, 7391],[1, 7405],[1, 7423],[1, 7427],[1, 7433],[1, 7441],[1, 7447]
       ,[1, 7453],[1, 7463],[1, 7471],[1, 7475],[1, 7477],[1, 7495],[1, 7505]
       ,[1, 7511],[1, 7531],[1, 7553],[1, 7561],[1, 7567],[1, 7597],[1, 7601]
       ,[1, 7603],[1, 7607],[1, 7625],[1, 7631],[1, 7661],[1, 7663],[1, 7667]
       ,[1, 7675],[1, 7681],[1, 7685],[1, 7691],[1, 7703],[1, 7717],[1, 7751]
       ,[1, 7765],[1, 7771],[1, 7775],[1, 7777],[1, 7783],[1, 7787],[1, 7801]
       ,[1, 7805],[1, 7807],[1, 7813],[1, 7841],[1, 7843],[1, 7847],[1, 7853]
       ,[1, 7861],[1, 7871],[1, 7873],[1, 7883],[1, 7885],[1, 7895],[1, 7897]
       ,[1, 7901],[1, 7931],[1, 7933],[1, 7945],[1, 7957],[1, 7967],[1, 7985]
       ,[1, 7997],[1, 8011],[1, 8021],[1, 8023],[1, 8035],[1, 8041],[1, 8051]
       ,[1, 8057],[1, 8071],[1, 8083],[1, 8087],[1, 8101],[1, 8105],[1, 8123]
       ,[1, 8125],[1, 8135],[1, 8143],[1, 8147],[1, 8155],[1, 8165],[1, 8177]
       ,[1, 8195],[1, 8213],[1, 8221],[1, 8227],[1, 8245],[1, 8261],[1, 8275]
       ,[1, 8281],[1, 8287],[1, 8297],[1, 8311],[1, 8315],[1, 8321],[1, 8323]
       ,[1, 8335],[1, 8347],[1, 8351],[1, 8357],[1, 8363],[1, 8375],[1, 8377]
       ,[1, 8393],[1, 8395],[1, 8407],[1, 8413],[1, 8417],[1, 8431],[1, 8437]
       ,[1, 8441],[1, 8443],[1, 8455],[1, 8473],[1, 8477],[1, 8513],[1, 8531]
       ,[1, 8543],[1, 8555],[1, 8557],[1, 8561],[1, 8563],[1, 8567],[1, 8575]
       ,[1, 8587],[1, 8591],[1, 8627],[1, 8633],[1, 8651],[1, 8653],[1, 8665]
       ,[1, 8675],[1, 8681],[1, 8693],[1, 8717],[1, 8725],[1, 8731],[1, 8737]
       ,[1, 8753],[1, 8765],[1, 8767],[1, 8785],[1, 8795],[1, 8815],[1, 8825]
       ,[1, 8827],[1, 8833],[1, 8851],[1, 8855],[1, 8857],[1, 8897],[1, 8903]
       ,[1, 8905],[1, 8921],[1, 8923],[1, 8927],[1, 8935],[1, 8953],[1, 8963]
       ,[1, 8975],[1, 8981],[1, 8983],[1, 8993],[1, 9001],[1, 9005],[1, 9011]
       ,[1, 9023],[1, 9025],[1, 9035],[1, 9053],[1, 9061],[1, 9067],[1, 9071]
       ,[1, 9091],[1, 9095],[1, 9101],[1, 9137],[1, 9143],[1, 9145],[1, 9155]
       ,[1, 9161],[1, 9185],[1, 9191],[1, 9205],[1, 9221],[1, 9227],[1, 9245]
       ,[1, 9247],[1, 9257],[1, 9277],[1, 9287],[1, 9295],[1, 9301],[1, 9305]
       ,[1, 9311],[1, 9313],[1, 9323],[1, 9325],[1, 9337],[1, 9341],[1, 9343]
       ,[1, 9347],[1, 9355],[1, 9365],[1, 9371],[1, 9383],[1, 9401],[1, 9415]
       ,[1, 9427],[1, 9443],[1, 9451],[1, 9457],[1, 9473],[1, 9481],[1, 9485]
       ,[1, 9487],[1, 9493],[1, 9511],[1, 9535],[1, 9553],[1, 9563],[1, 9575]
       ,[1, 9577],[1, 9581],[1, 9595],[1, 9605],[1, 9611],[1, 9617],[1, 9623]
       ,[1, 9641],[1, 9653],[1, 9655],[1, 9683],[1, 9701],[1, 9715],[1, 9731]
       ,[1, 9743],[1, 9757],[1, 9781],[1, 9793],[1, 9815],[1, 9821],[1, 9823]
       ,[1, 9833],[1, 9841],[1, 9845],[1, 9847],[1, 9851],[1, 9865],[1, 9877]
       ,[1, 9883],[1, 9887],[1, 9893],[1, 9907],[1, 9911],[1, 9913],[1, 9917]
       ,[1, 9947],[1, 9953],[1, 9955],[1, 9961],[1, 9971],[1, 9973],[1, 10003]
       ,[1, 10025],[1, 10027],[1, 10031],[1, 10037],[1, 10045],[1, 10051],[1, 10057]
       ,[1, 10073],[1, 10085],[1, 10097],[1, 10103],[1, 10111],[1, 10115],[1, 10117]
       ,[1, 10141],[1, 10153],[1, 10157],[1, 10163],[1, 10171],[1, 10177],[1, 10183]
       ,[1, 10193],[1, 10195],[1, 10201],[1, 10213],[1, 10241],[1, 10255],[1, 10261]
       ,[1, 10265],[1, 10277],[1, 10285],[1, 10291],[1, 10303],[1, 10307],[1, 10313]
       ,[1, 10327],[1, 10333],[1, 10345],[1, 10355],[1, 10361],[1, 10367],[1, 10375]
       ,[1, 10381],[1, 10387],[1, 10391],[1, 10393],[1, 10397],[1, 10405],[1, 10417]
       ,[1, 10421],[1, 10435],[1, 10453],[1, 10463],[1, 10465],[1, 10481],[1, 10487]
       ,[1, 10507],[1, 10513],[1, 10523],[1, 10531],[1, 10535],[1, 10565],[1, 10601]
       ,[1, 10613],[1, 10621],[1, 10643],[1, 10655],[1, 10657],[1, 10663],[1, 10675]
       ,[1, 10691],[1, 10697],[1, 10703],[1, 10705],[1, 10723],[1, 10727],[1, 10753]
       ,[1, 10757],[1, 10765],[1, 10783],[1, 10793],[1, 10801],[1, 10811],[1, 10817]
       ,[1, 10831],[1, 10835],[1, 10855],[1, 10877],[1, 10895],[1, 10907],[1, 10915]
       ,[1, 10943],[1, 10955],[1, 10961],[1, 10967],[1, 10975],[1, 10981],[1, 10993]
       ,[1, 11017],[1, 11033],[1, 11047],[1, 11051],[1, 11065],[1, 11077],[1, 11083]
       ,[1, 11093],[1, 11105],[1, 11125],[1, 11131],[1, 11135],[1, 11143],[1, 11161]
       ,[1, 11173],[1, 11191],[1, 11201],[1, 11203],[1, 11207],[1, 11227],[1, 11237]
       ,[1, 11251],[1, 11255],[1, 11261],[1, 11263],[1, 11273],[1, 11297],[1, 11315]
       ,[1, 11317],[1, 11321],[1, 11341],[1, 11357],[1, 11371],[1, 11381],[1, 11395]
       ,[1, 11401],[1, 11405],[1, 11411],[1, 11431],[1, 11437],[1, 11447],[1, 11453]
       ,[1, 11455],[1, 11467],[1, 11473],[1, 11503],[1, 11513],[1, 11521],[1, 11527]
       ,[1, 11531],[1, 11537],[1, 11545],[1, 11585],[1, 11587],[1, 11591],[1, 11593]
       ,[1, 11605],[1, 11623],[1, 11627],[1, 11633],[1, 11641],[1, 11651],[1, 11657]
       ,[1, 11675],[1, 11693],[1, 11695],[1, 11707],[1, 11723],[1, 11731],[1, 11737]
       ,[1, 11741],[1, 11747],[1, 11753],[1, 11755],[1, 11807],[1, 11821],[1, 11825]
       ,[1, 11845],[1, 11861],[1, 11863],[1, 11867],[1, 11873],[1, 11885],[1, 11887]
       ,[1, 11893],[1, 11905],[1, 11917],[1, 11923],[1, 11927],[1, 11941],[1, 11951]
       ,[1, 11957],[1, 11963],[1, 11977],[1, 11987],[1, 12001],[1, 12017],[1, 12025]
       ,[1, 12031],[1, 12043],[1, 12047],[1, 12055],[1, 12077],[1, 12083],[1, 12085]
       ,[1, 12103],[1, 12125],[1, 12131],[1, 12133],[1, 12151],[1, 12157],[1, 12173]
       ,[1, 12187],[1, 12197],[1, 12203],[1, 12215],[1, 12217],[1, 12223],[1, 12227]
       ,[1, 12235],[1, 12253],[1, 12265],[1, 12281],[1, 12283],[1, 12287],[1, 12301]
       ,[1, 12305],[1, 12313],[1, 12325],[1, 12337],[1, 12367],[1, 12383],[1, 12391]
       ,[1, 12395],[1, 12397],[1, 12403],[1, 12425],[1, 12437],[1, 12445],[1, 12455]
       ,[1, 12461],[1, 12467],[1, 12473],[1, 12487],[1, 12493],[1, 12511],[1, 12521]
       ,[1, 12533],[1, 12535],[1, 12545],[1, 12547],[1, 12551],[1, 12577],[1, 12581]
       ,[1, 12593],[1, 12601],[1, 12605],[1, 12623],[1, 12631],[1, 12641],[1, 12655]
       ,[1, 12671],[1, 12677],[1, 12683],[1, 12691],[1, 12701],[1, 12707],[1, 12715]
       ,[1, 12721],[1, 12733],[1, 12743],[1, 12763],[1, 12773],[1, 12781],[1, 12785]
       ,[1, 12797],[1, 12823],[1, 12841],[1, 12845],[1, 12857],[1, 12875],[1, 12881]
       ,[1, 12911],[1, 12917],[1, 12925],[1, 12931],[1, 12953],[1, 12965],[1, 12967]
       ,[1, 12971],[1, 12977],[1, 12983],[1, 12985],[1, 12995],[1, 12997],[1, 13001]
       ,[1, 13007],[1, 13013],[1, 13015],[1, 13021],[1, 13043],[1, 13061],[1, 13067]
       ,[1, 13085],[1, 13097],[1, 13105],[1, 13117],[1, 13123],[1, 13133],[1, 13145]
       ,[1, 13147],[1, 13163],[1, 13165],[1, 13175],[1, 13177],[1, 13187],[1, 13205]
       ,[1, 13211],[1, 13231],[1, 13235],[1, 13237],[1, 13243],[1, 13265],[1, 13271]
       ,[1, 13277],[1, 13295],[1, 13301],[1, 13315],[1, 13327],[1, 13343],[1, 13345]
       ,[1, 13351],[1, 13357],[1, 13361],[1, 13375],[1, 13387],[1, 13391],[1, 13393]
       ,[1, 13411],[1, 13427],[1, 13463],[1, 13475],[1, 13481],[1, 13495],[1, 13523]
       ,[1, 13525],[1, 13537],[1, 13543],[1, 13555],[1, 13561],[1, 13565],[1, 13567]
       ,[1, 13583],[1, 13613],[1, 13621],[1, 13645],[1, 13651],[1, 13681],[1, 13691]
       ,[1, 13693],[1, 13711],[1, 13715],[1, 13721] ]:
PointSelection := "Primes(3000)":
Machine := "Rcf1422-1":
##############################################################################
Instance:=100000:
PreTime:= 157987.29:
GroebnerTime:=  15688.68:
RealTime:=  21356.24:
Table:=[[0,0,0,0,100000]]:
CoefficientHeight:=   20.9:
