##############################################################################
#
#  Data for the enumerative problem
#  W2e6 = 16 on Praxis
#
##############################################################################
FlagVariety:=[3, 7]:
Label := "W2e6":
EnumerativeProblem:=[ [1, 2, 5, 3, 4, 6, 7] ,[1, 2, 5, 3, 4, 6, 7]
                     ,[1, 2, 5, 3, 4, 6, 7] ,[1, 2, 5, 3, 4, 6, 7]
                     ,[1, 2, 5, 3, 4, 6, 7] ,[1, 2, 5, 3, 4, 6, 7]
                    ]:
NumberOfSolutions := 16:
Necklaces:=[ [1, 2, 3, 4, 5]]:
Points:=[[1, -95],[1, -94],[1, -93],[1, -91],[1, -89],[1, -85],[1, -83]
       ,[1, -79],[1, -77],[1, -73],[1, -67],[1, -65],[1, -59],[1, -55]
       ,[1, -53],[1, -49],[1, -43],[1, -37],[1, -35],[1, -29],[1, -25]
       ,[1, -23],[1, -17],[1, -13],[1, -7],[1, 1],[1, 5],[1, 7]
       ,[1, 11],[1, 13],[1, 17],[1, 31],[1, 35],[1, 41],[1, 43]
       ,[1, 53],[1, 55],[1, 61],[1, 67],[1, 71],[1, 77],[1, 83]
       ,[1, 85],[1, 95] ]:
PointSelection := "Primes(44)":
Machine := "Praxis":
##############################################################################
Instance:=25000:
PreTime:=  15616.20:
GroebnerTime:=  69411.96:
RealTime:=   6455.18:
Table:=[[0,0,0,0,0,0,0,0,25000]]:
CoefficientHeight:=   58.3:
