##############################################################################
#
#  Data for the enumerative problem
#  W11W2e4We2 = 19 on rcf1422-4
#
##############################################################################
FlagVariety:=[3, 7]:
Label := "W11W2e4We2":
EnumerativeProblem:=[ [1, 3, 4, 2, 5, 6, 7] ,[1, 2, 5, 3, 4, 6, 7]
                     ,[1, 2, 5, 3, 4, 6, 7] ,[1, 2, 5, 3, 4, 6, 7]
                     ,[1, 2, 5, 3, 4, 6, 7] ,[1, 2, 4, 3, 5, 6, 7]
                     ,[1, 2, 4, 3, 5, 6, 7]]:
NumberOfSolutions := 19:
Necklaces:=[ [1, 2, 3, 4, 5, 6] ,[1, 2, 3, 5, 4, 6]
            ,[1, 2, 3, 6, 4, 5] ,[1, 2, 4, 5, 3, 6]
            ,[1, 2, 4, 6, 3, 5] ,[1, 2, 5, 6, 3, 4]
            ,[1, 3, 4, 5, 2, 6] ,[1, 3, 4, 6, 2, 5]
            ,[2, 3, 4, 5, 1, 6]]:
Points:=[[1, -259],[1, -258],[1, -257],[1, -255],[1, -253],[1, -249],[1, -247]
       ,[1, -243],[1, -241],[1, -237],[1, -231],[1, -229],[1, -223],[1, -219]
       ,[1, -217],[1, -213],[1, -207],[1, -201],[1, -199],[1, -193],[1, -189]
       ,[1, -187],[1, -181],[1, -177],[1, -171],[1, -163],[1, -159],[1, -157]
       ,[1, -153],[1, -151],[1, -147],[1, -133],[1, -129],[1, -123],[1, -121]
       ,[1, -111],[1, -109],[1, -103],[1, -97],[1, -93],[1, -87],[1, -81]
       ,[1, -79],[1, -69],[1, -67],[1, -63],[1, -61],[1, -49],[1, -37]
       ,[1, -33],[1, -31],[1, -27],[1, -21],[1, -19],[1, -9],[1, -3]
       ,[1, 3],[1, 9],[1, 11],[1, 17],[1, 21],[1, 23],[1, 33]
       ,[1, 47],[1, 51],[1, 53],[1, 57],[1, 71],[1, 77],[1, 87]
       ,[1, 89],[1, 93],[1, 99],[1, 107],[1, 113],[1, 119],[1, 123]
       ,[1, 129],[1, 137],[1, 141],[1, 149],[1, 159],[1, 161],[1, 171]
       ,[1, 173],[1, 179],[1, 183],[1, 189],[1, 197],[1, 201],[1, 203]
       ,[1, 207],[1, 219],[1, 227],[1, 231],[1, 239],[1, 243],[1, 249]
       ,[1, 261],[1, 263] ]:
PointSelection := "Primes(100)":
Machine := "rcf1422-4":
##############################################################################
Instance:=2500:
PreTime:=   1416.12:
GroebnerTime:= 895000.87:
RealTime:=   9198.42:
Table:=[[0,0,0,0,0,0,0,0,0,2500]
       ,[0,0,0,0,0,0,0,0,0,2500]
       ,[0,0,0,0,0,0,0,0,0,2500]
       ,[0,0,0,0,0,0,0,0,0,2500]
       ,[0,0,0,0,0,0,0,0,0,2500]
       ,[0,0,0,0,0,0,0,0,0,2500]
       ,[0,0,0,0,0,0,0,0,0,2500]
       ,[0,0,0,0,0,0,0,0,0,2500]
       ,[0,0,0,0,0,0,0,0,0,2500]]:
CoefficientHeight:=   30.6:
