##############################################################################
#
#  Data for the enumerative problem
#  W2e5We2 = 26 on Catalina
#
##############################################################################
FlagVariety:=[3, 7]:
Label := "W2e5We2":
EnumerativeProblem:=[ [1, 2, 5, 3, 4, 6, 7] ,[1, 2, 5, 3, 4, 6, 7]
                     ,[1, 2, 5, 3, 4, 6, 7] ,[1, 2, 5, 3, 4, 6, 7]
                     ,[1, 2, 5, 3, 4, 6, 7] ,[1, 2, 4, 3, 5, 6, 7]
                     ,[1, 2, 4, 3, 5, 6, 7]]:
NumberOfSolutions := 26:
Necklaces:=[ [1, 2, 3, 4, 5, 6] ,[1, 2, 3, 5, 4, 6]
            ,[1, 2, 4, 5, 3, 6]]:
Points:=[[1, -83],[1, -82],[1, -81],[1, -79],[1, -77],[1, -73],[1, -71]
       ,[1, -67],[1, -65],[1, -61],[1, -55],[1, -53],[1, -47],[1, -43]
       ,[1, -41],[1, -37],[1, -31],[1, -25],[1, -23],[1, -17],[1, -13]
       ,[1, -11],[1, -5],[1, -1],[1, 5],[1, 13],[1, 17],[1, 19]
       ,[1, 23],[1, 25],[1, 29],[1, 43],[1, 47],[1, 53],[1, 55]
       ,[1, 65],[1, 67],[1, 73],[1, 79],[1, 83] ]:
PointSelection := "Primes(40)":
Machine := "Catalina":
##############################################################################
Instance:=25000:
PreTime:=   8786.54:
GroebnerTime:=1780795.70:
RealTime:=  34304.62:
Table:=[[0,0,0,0,0,0,0,0,0,0,0,0,0,25001]
       ,[0,0,0,0,0,0,0,0,0,0,0,0,0,25001]
       ,[0,0,0,0,0,0,0,0,0,0,0,0,0,25001]]:
CoefficientHeight:=   90.5:
