##############################################################################
#
#  Data for the enumerative problem
#  W31W21W2We3 = 14 on Rota
#
##############################################################################
FlagVariety:=[3, 7]:
Label := "W31W21W2We3":
EnumerativeProblem:=[ [1, 3, 6, 2, 4, 5, 7] ,[1, 3, 5, 2, 4, 6, 7]
                     ,[1, 2, 5, 3, 4, 6, 7] ,[1, 2, 4, 3, 5, 6, 7]
                     ,[1, 2, 4, 3, 5, 6, 7] ,[1, 2, 4, 3, 5, 6, 7]
                    ]:
NumberOfSolutions := 14:
Necklaces:=[ [1, 2, 3, 4, 5] ,[1, 3, 2, 4, 5]
            ,[1, 4, 2, 3, 5] ,[1, 5, 2, 3, 4]
            ,[2, 1, 3, 4, 5] ,[3, 1, 2, 4, 5]
            ,[4, 1, 2, 3, 5] ,[2, 3, 1, 4, 5]
            ,[2, 4, 1, 3, 5] ,[3, 2, 1, 4, 5]
           ]:
Points:=[[1, -67],[1, -66],[1, -65],[1, -63],[1, -61],[1, -57],[1, -55]
       ,[1, -51],[1, -49],[1, -45],[1, -39],[1, -37],[1, -31],[1, -27]
       ,[1, -25],[1, -21],[1, -15],[1, -9],[1, -7],[1, -1],[1, 3]
       ,[1, 5],[1, 11],[1, 15],[1, 21],[1, 29],[1, 33],[1, 35]
       ,[1, 39],[1, 41],[1, 45],[1, 59],[1, 63],[1, 69] ]:
PointSelection := "Primes(34)":
Machine := "Rota":
##############################################################################
Instance:=100000:
PreTime:= 122915.67:
GroebnerTime:= 119777.91:
RealTime:= 238919.99:
Table:=[[0,0,0,0,0,0,0,100000]
       ,[0,0,0,0,0,0,0,100000]
       ,[0,0,0,0,0,0,0,100000]
       ,[0,0,0,0,0,0,0,100000]
       ,[0,0,0,0,0,0,0,100000]
       ,[0,0,0,0,0,0,0,100000]
       ,[0,0,0,0,0,0,0,100000]
       ,[0,0,0,0,0,0,0,100000]
       ,[0,0,0,0,0,0,0,100000]
       ,[0,0,0,0,0,0,0,100000]]:
CoefficientHeight:=   19.5:
