##############################################################################
#
#  Data for the enumerative problem
#  W22W21W2We3 = 11 on rcf1422-4
#
##############################################################################
FlagVariety:=[3, 7]:
Label := "W22W21W2We3":
EnumerativeProblem:=[ [1, 4, 5, 2, 3, 6, 7] ,[1, 3, 5, 2, 4, 6, 7]
                     ,[1, 2, 5, 3, 4, 6, 7] ,[1, 2, 4, 3, 5, 6, 7]
                     ,[1, 2, 4, 3, 5, 6, 7] ,[1, 2, 4, 3, 5, 6, 7]
                    ]:
NumberOfSolutions := 11:
Necklaces:=[ [1, 2, 3, 4, 5] ,[1, 3, 2, 4, 5]
            ,[1, 4, 2, 3, 5] ,[1, 5, 2, 3, 4]
            ,[2, 1, 3, 4, 5] ,[3, 1, 2, 4, 5]
            ,[4, 1, 2, 3, 5] ,[2, 3, 1, 4, 5]
            ,[2, 4, 1, 3, 5] ,[3, 2, 1, 4, 5]
           ]:
Points:=[[1, -111],[1, -110],[1, -109],[1, -107],[1, -105],[1, -101],[1, -99]
       ,[1, -95],[1, -93],[1, -89],[1, -83],[1, -81],[1, -75],[1, -71]
       ,[1, -69],[1, -65],[1, -59],[1, -53],[1, -51],[1, -45],[1, -41]
       ,[1, -39],[1, -33],[1, -29],[1, -23],[1, -15],[1, -11],[1, -9]
       ,[1, -5],[1, -3],[1, 1],[1, 15],[1, 19],[1, 25],[1, 27]
       ,[1, 37],[1, 39],[1, 45],[1, 51],[1, 55],[1, 61],[1, 67]
       ,[1, 69],[1, 79],[1, 81],[1, 85],[1, 87],[1, 99],[1, 111]
       ,[1, 115] ]:
PointSelection := "Primes(50)":
Machine := "rcf1422-4":
##############################################################################
Instance:=250000:
PreTime:=  65865.23:
GroebnerTime:= 106269.45:
RealTime:= 130675.03:
Table:=[[0,0,0,0,0,250000]
       ,[0,0,0,0,0,250000]
       ,[0,0,0,0,0,250000]
       ,[0,0,0,0,0,250000]
       ,[0,0,0,0,0,250000]
       ,[0,0,0,0,0,250000]
       ,[0,0,0,0,0,250000]
       ,[0,0,0,0,0,250000]
       ,[0,0,0,0,0,250000]
       ,[0,0,0,0,0,250000]]:
CoefficientHeight:=   15.8:
