##############################################################################
#
#  Data for the enumerative problem
#  W2e4We4 = 45 on Calypso.Math.Umass.Edu
#
##############################################################################
FlagVariety:=[3, 7]:
Label := "W2e4We4":
EnumerativeProblem:=[ [1, 2, 5, 3, 4, 6, 7] ,[1, 2, 5, 3, 4, 6, 7]
                     ,[1, 2, 5, 3, 4, 6, 7] ,[1, 2, 5, 3, 4, 6, 7]
                     ,[1, 2, 4, 3, 5, 6, 7] ,[1, 2, 4, 3, 5, 6, 7]
                     ,[1, 2, 4, 3, 5, 6, 7] ,[1, 2, 4, 3, 5, 6, 7]
                    ]:
NumberOfSolutions := 45:
Necklaces:=[ [1, 2, 3, 4, 5, 6, 7] ,[1, 2, 4, 3, 5, 6, 7]
            ,[1, 2, 5, 3, 4, 6, 7] ,[1, 3, 4, 2, 5, 6, 7]
            ,[1, 3, 5, 2, 4, 6, 7] ,[1, 3, 6, 2, 4, 5, 7]
            ,[1, 4, 5, 2, 3, 6, 7] ,[2, 4, 6, 1, 3, 5, 7]
           ]:
Points:=[[1, -27],[1, -26],[1, -25],[1, -23],[1, -21],[1, -17],[1, -15]
       ,[1, -11],[1, -9],[1, -5],[1, 1],[1, 3],[1, 9],[1, 13]
       ,[1, 15],[1, 19],[1, 25],[1, 31] ]:
PointSelection := "Primes(18)":
Machine := "Calypso.Math.Umass.Edu":
##############################################################################
Instance:=250:
PreTime:=     62.73:
GroebnerTime:=1533822.04:
RealTime:=  19029.66:
Table:=[[0,0,0,0,0,0,0,0,0,0,0,0,0,0,0,0,0,0,0,0,0,0,250]
       ,[0,0,0,0,0,0,0,0,0,0,0,0,0,0,0,0,0,0,0,0,0,0,250]
       ,[0,0,0,0,0,0,0,0,0,0,0,0,0,0,0,0,0,0,0,0,0,0,250]
       ,[0,0,0,0,0,0,0,0,0,0,0,0,0,0,0,0,0,0,0,0,0,0,250]
       ,[0,0,0,0,0,0,0,0,0,0,0,0,0,0,0,0,0,0,0,0,0,0,250]
       ,[0,0,0,0,0,0,0,0,0,0,0,0,0,0,0,0,0,0,0,0,0,0,250]
       ,[0,0,0,0,0,0,0,0,0,0,0,0,0,0,0,0,0,0,0,0,0,0,250]
       ,[0,0,0,0,0,0,0,0,0,0,0,0,0,0,0,0,0,0,0,0,0,0,250]]:
CoefficientHeight:=  121.3:
