##############################################################################
#
#  Data for the enumerative problem
#  W21e2W2We4 = 33 on rcf1537-9
#
##############################################################################
FlagVariety:=[3, 7]:
Label := "W21e2W2We4":
EnumerativeProblem:=[ [1, 3, 5, 2, 4, 6, 7] ,[1, 3, 5, 2, 4, 6, 7]
                     ,[1, 2, 5, 3, 4, 6, 7] ,[1, 2, 4, 3, 5, 6, 7]
                     ,[1, 2, 4, 3, 5, 6, 7] ,[1, 2, 4, 3, 5, 6, 7]
                     ,[1, 2, 4, 3, 5, 6, 7]]:
NumberOfSolutions := 33:
Necklaces:=[ [1, 2, 3, 4, 5, 6] ,[1, 3, 2, 4, 5, 6]
            ,[1, 4, 2, 3, 5, 6] ,[2, 1, 3, 4, 5, 6]
            ,[3, 1, 2, 4, 5, 6] ,[4, 1, 2, 3, 5, 6]
            ,[5, 1, 2, 3, 4, 6] ,[2, 4, 1, 3, 5, 6]
            ,[4, 2, 1, 3, 5, 6]]:
Points:=[[6, 61],[11, 60],[15, 59],[20, 58],[24, 56],[28, 54],[33, 52]
       ,[36, 49],[40, 46],[43, 43],[47, 39],[49, 36],[52, 32],[54, 28]
       ,[56, 24],[58, 19],[59, 15],[60, 10],[61, 5],[61, 1],[61, -4]
       ,[60, -9],[60, -13],[58, -18],[57, -22],[55, -26],[53, -31],[50, -34]
       ,[48, -38],[44, -42],[41, -45],[38, -48],[34, -51],[30, -53],[26, -55]
       ,[21, -57],[17, -59],[12, -60],[8, -61],[3, -61] ]:
PointSelection := "QuasiUniformPointsAss(40,61)":
Machine := "rcf1537-9":
##############################################################################
Instance:=5000:
PreTime:=   1704.26:
GroebnerTime:= 809085.04:
RealTime:= 133461.40:
Table:=[[0,0,0,0,0,0,0,0,0,0,0,0,0,0,0,0,5000]
       ,[0,0,0,0,0,0,0,0,0,0,0,0,0,0,0,0,5000]
       ,[0,0,0,0,0,0,0,0,0,0,0,0,0,0,0,0,5000]
       ,[0,0,0,0,0,0,0,0,0,0,0,0,0,0,0,0,5000]
       ,[0,0,0,0,0,0,0,0,0,0,0,0,0,0,0,0,5000]
       ,[0,0,0,0,0,0,0,0,0,0,0,0,0,0,0,0,5000]
       ,[0,0,0,0,0,0,0,0,0,0,0,0,0,0,0,0,5000]
       ,[0,0,0,0,0,0,0,0,0,0,0,0,0,0,0,0,5000]
       ,[0,0,0,0,0,0,0,0,0,0,0,0,0,0,0,0,5000]]:
CoefficientHeight:=  114.3:
