##############################################################################
#
#  Data for the enumerative problem
#  W11e3W2We4 = 24 on Pisces
#
##############################################################################
FlagVariety:=[3, 7]:
Label := "W11e3W2We4":
EnumerativeProblem:=[ [1, 3, 4, 2, 5, 6, 7] ,[1, 3, 4, 2, 5, 6, 7]
                     ,[1, 3, 4, 2, 5, 6, 7] ,[1, 2, 5, 3, 4, 6, 7]
                     ,[1, 2, 4, 3, 5, 6, 7] ,[1, 2, 4, 3, 5, 6, 7]
                     ,[1, 2, 4, 3, 5, 6, 7] ,[1, 2, 4, 3, 5, 6, 7]
                    ]:
NumberOfSolutions := 24:
Necklaces:=[ [1, 2, 3, 4, 5, 6, 7] ,[1, 2, 4, 3, 5, 6, 7]
            ,[1, 2, 5, 3, 4, 6, 7] ,[1, 3, 2, 4, 5, 6, 7]
            ,[1, 4, 2, 3, 5, 6, 7] ,[1, 5, 2, 3, 4, 6, 7]
            ,[1, 6, 2, 3, 4, 5, 7] ,[1, 3, 4, 2, 5, 6, 7]
            ,[1, 3, 5, 2, 4, 6, 7] ,[1, 3, 6, 2, 4, 5, 7]
            ,[1, 4, 3, 2, 5, 6, 7] ,[1, 5, 3, 2, 4, 6, 7]
            ,[1, 4, 5, 2, 3, 6, 7] ,[2, 4, 1, 3, 5, 6, 7]
            ,[2, 5, 1, 3, 4, 6, 7] ,[3, 5, 1, 2, 4, 6, 7]
            ,[3, 6, 1, 2, 4, 5, 7] ,[4, 6, 1, 2, 3, 5, 7]
            ,[2, 4, 6, 1, 3, 5, 7]]:
Points:=[[1, -111],[1, -110],[1, -109],[1, -107],[1, -105],[1, -101],[1, -99]
       ,[1, -95],[1, -93],[1, -89],[1, -83],[1, -81],[1, -75],[1, -71]
       ,[1, -69],[1, -65],[1, -59],[1, -53],[1, -51],[1, -45],[1, -41]
       ,[1, -39],[1, -33],[1, -29],[1, -23],[1, -15],[1, -11],[1, -9]
       ,[1, -5],[1, -3],[1, 1],[1, 15],[1, 19],[1, 25],[1, 27]
       ,[1, 37],[1, 39],[1, 45],[1, 51],[1, 55],[1, 61],[1, 67]
       ,[1, 69],[1, 79],[1, 81],[1, 85],[1, 87],[1, 99],[1, 111]
       ,[1, 115] ]:
PointSelection := "Primes(50)":
Machine := "Pisces":
##############################################################################
Instance:=5000:
PreTime:=   2461.02:
GroebnerTime:=1597265.42:
RealTime:=  42813.37:
Table:=[[0,0,0,0,0,0,0,0,0,0,0,0,5000]
       ,[0,0,0,0,0,0,0,0,0,0,0,0,5000]
       ,[0,0,0,0,0,0,0,0,0,0,0,0,5000]
       ,[0,0,0,0,0,0,0,0,0,0,0,0,5000]
       ,[0,0,0,0,0,0,0,0,0,0,0,0,5000]
       ,[0,0,0,0,0,0,0,0,0,0,0,0,5000]
       ,[0,0,0,0,0,0,0,0,0,0,0,0,5000]
       ,[0,0,0,0,0,0,0,0,0,0,0,0,5000]
       ,[0,0,0,0,0,0,0,0,0,0,0,0,5000]
       ,[0,0,0,0,0,0,0,0,0,0,0,0,5000]
       ,[0,0,0,0,0,0,0,0,0,0,0,0,5000]
       ,[0,0,0,0,0,0,0,0,0,0,0,0,5000]
       ,[0,0,0,0,0,0,0,0,0,0,0,0,5000]
       ,[0,0,0,0,0,0,0,0,0,0,0,0,5000]
       ,[0,0,0,0,0,0,0,0,0,0,0,0,5000]
       ,[0,0,0,0,0,0,0,0,0,0,0,0,5000]
       ,[0,0,0,0,0,0,0,0,0,0,0,0,5000]
       ,[0,0,0,0,0,0,0,0,0,0,0,0,5000]
       ,[0,0,0,0,0,0,0,0,0,0,0,0,5000]]:
CoefficientHeight:=   36.6:
