##############################################################################
#
#  Data for the enumerative problem
#  W21W2e2We5 = 50 on Phoebe
#
##############################################################################
FlagVariety:=[3, 7]:
Label := "W21W2e2We5":
EnumerativeProblem:=[ [1, 3, 5, 2, 4, 6, 7] ,[1, 2, 5, 3, 4, 6, 7]
                     ,[1, 2, 5, 3, 4, 6, 7] ,[1, 2, 4, 3, 5, 6, 7]
                     ,[1, 2, 4, 3, 5, 6, 7] ,[1, 2, 4, 3, 5, 6, 7]
                     ,[1, 2, 4, 3, 5, 6, 7] ,[1, 2, 4, 3, 5, 6, 7]
                    ]:
NumberOfSolutions := 50:
Necklaces:=[ [1, 2, 3, 4, 5, 6, 7] ,[1, 3, 2, 4, 5, 6, 7]
            ,[1, 4, 2, 3, 5, 6, 7] ,[1, 5, 2, 3, 4, 6, 7]
            ,[1, 6, 2, 3, 4, 5, 7] ,[1, 7, 2, 3, 4, 5, 6]
            ,[2, 3, 1, 4, 5, 6, 7] ,[2, 4, 1, 3, 5, 6, 7]
            ,[2, 5, 1, 3, 4, 6, 7] ,[2, 6, 1, 3, 4, 5, 7]
            ,[3, 4, 1, 2, 5, 6, 7] ,[3, 5, 1, 2, 4, 6, 7]
           ]:
Points:=[[1, -83],[1, -82],[1, -81],[1, -79],[1, -77],[1, -73],[1, -71]
       ,[1, -67],[1, -65],[1, -61],[1, -55],[1, -53],[1, -47],[1, -43]
       ,[1, -41],[1, -37],[1, -31],[1, -25],[1, -23],[1, -17],[1, -13]
       ,[1, -11],[1, -5],[1, -1],[1, 5],[1, 13],[1, 17],[1, 19]
       ,[1, 23],[1, 25],[1, 29],[1, 43],[1, 47],[1, 53],[1, 55]
       ,[1, 65],[1, 67],[1, 73],[1, 79],[1, 83] ]:
PointSelection := "Primes(40)":
Machine := "Phoebe":
##############################################################################
Instance:=750:
PreTime:=    147.05:
GroebnerTime:= 988919.58:
RealTime:=  99702.42:
Table:=[[0,0,0,0,0,0,0,0,0,0,0,0,0,0,0,0,0,0,0,0,0,0,0,0,0,750]
       ,[0,0,0,0,0,0,0,0,0,0,0,0,0,0,0,0,0,0,0,0,0,0,0,0,0,750]
       ,[0,0,0,0,0,0,0,0,0,0,0,0,0,0,0,0,0,0,0,0,0,0,0,0,0,750]
       ,[0,0,0,0,0,0,0,0,0,0,0,0,0,0,0,0,0,0,0,0,0,0,0,0,0,750]
       ,[0,0,0,0,0,0,0,0,0,0,0,0,0,0,0,0,0,0,0,0,0,0,0,0,0,750]
       ,[0,0,0,0,0,0,0,0,0,0,0,0,0,0,0,0,0,0,0,0,0,0,0,0,0,750]
       ,[0,0,0,0,0,0,0,0,0,0,0,0,0,0,0,0,0,0,0,0,0,0,0,0,0,750]
       ,[0,0,0,0,0,0,0,0,0,0,0,0,0,0,0,0,0,0,0,0,0,0,0,0,0,750]
       ,[0,0,0,0,0,0,0,0,0,0,0,0,0,0,0,0,0,0,0,0,0,0,0,0,0,750]
       ,[0,0,0,0,0,0,0,0,0,0,0,0,0,0,0,0,0,0,0,0,0,0,0,0,0,750]
       ,[0,0,0,0,0,0,0,0,0,0,0,0,0,0,0,0,0,0,0,0,0,0,0,0,0,750]
       ,[0,0,0,0,0,0,0,0,0,0,0,0,0,0,0,0,0,0,0,0,0,0,0,0,0,750]]:
CoefficientHeight:=   73.7:
