##############################################################################
#
#  Data for the enumerative problem
#  W31W21We5 = 25 on rcf1422-4
#
##############################################################################
FlagVariety:=[3, 7]:
Label := "W31W21We5":
EnumerativeProblem:=[ [1, 3, 6, 2, 4, 5, 7] ,[1, 3, 5, 2, 4, 6, 7]
                     ,[1, 2, 4, 3, 5, 6, 7] ,[1, 2, 4, 3, 5, 6, 7]
                     ,[1, 2, 4, 3, 5, 6, 7] ,[1, 2, 4, 3, 5, 6, 7]
                     ,[1, 2, 4, 3, 5, 6, 7]]:
NumberOfSolutions := 25:
Necklaces:=[ [1, 2, 3, 4, 5, 6] ,[2, 1, 3, 4, 5, 6]
            ,[3, 1, 2, 4, 5, 6]]:
Points:=[[1, -83],[1, -82],[1, -81],[1, -79],[1, -77],[1, -73],[1, -71]
       ,[1, -67],[1, -65],[1, -61],[1, -55],[1, -53],[1, -47],[1, -43]
       ,[1, -41],[1, -37],[1, -31],[1, -25],[1, -23],[1, -17],[1, -13]
       ,[1, -11],[1, -5],[1, -1],[1, 5],[1, 13],[1, 17],[1, 19]
       ,[1, 23],[1, 25],[1, 29],[1, 43],[1, 47],[1, 53],[1, 55]
       ,[1, 65],[1, 67],[1, 73],[1, 79],[1, 83] ]:
PointSelection := "Primes(40)":
Machine := "rcf1422-4":
##############################################################################
Instance:=250000:
PreTime:=  43047.75:
GroebnerTime:= 300439.68:
RealTime:= 497399.80:
Table:=[[0,0,0,0,0,0,0,0,0,0,0,0,250000]
       ,[0,0,0,0,0,0,0,0,0,0,0,0,250000]
       ,[0,0,0,0,0,0,0,0,0,0,0,0,250000]]:
CoefficientHeight:=   36.1:
