##############################################################################
#
#  Data for the enumerative problem
#  W3W2e2We5 = 29 on rcf1422-4
#
##############################################################################
FlagVariety:=[3, 7]:
Label := "W3W2e2We5":
EnumerativeProblem:=[ [1, 2, 6, 3, 4, 5, 7] ,[1, 2, 5, 3, 4, 6, 7]
                     ,[1, 2, 5, 3, 4, 6, 7] ,[1, 2, 4, 3, 5, 6, 7]
                     ,[1, 2, 4, 3, 5, 6, 7] ,[1, 2, 4, 3, 5, 6, 7]
                     ,[1, 2, 4, 3, 5, 6, 7] ,[1, 2, 4, 3, 5, 6, 7]
                    ]:
NumberOfSolutions := 29:
Necklaces:=[ [1, 2, 3, 4, 5, 6, 7] ,[1, 3, 2, 4, 5, 6, 7]
            ,[1, 4, 2, 3, 5, 6, 7] ,[1, 5, 2, 3, 4, 6, 7]
            ,[1, 6, 2, 3, 4, 5, 7] ,[1, 7, 2, 3, 4, 5, 6]
            ,[2, 3, 1, 4, 5, 6, 7] ,[2, 4, 1, 3, 5, 6, 7]
            ,[2, 5, 1, 3, 4, 6, 7] ,[2, 6, 1, 3, 4, 5, 7]
            ,[3, 4, 1, 2, 5, 6, 7] ,[3, 5, 1, 2, 4, 6, 7]
           ]:
Points:=[[1, -31],[1, -30],[1, -29],[1, -27],[1, -25],[1, -21],[1, -19]
       ,[1, -15],[1, -13],[1, -9],[1, -3],[1, -1],[1, 5],[1, 9]
       ,[1, 11],[1, 15],[1, 21],[1, 27],[1, 29],[1, 35] ]:
PointSelection := "Primes(20)":
Machine := "rcf1422-4":
##############################################################################
Instance:=10000:
PreTime:=   3504.81:
GroebnerTime:=1862954.74:
RealTime:= 145919.07:
Table:=[[0,0,0,0,0,0,0,0,0,0,0,0,0,0,10000]
       ,[0,0,0,0,0,0,0,0,0,0,0,0,0,0,10000]
       ,[0,0,0,0,0,0,0,0,0,0,0,0,0,0,10000]
       ,[0,0,0,0,0,0,0,0,0,0,0,0,0,0,10000]
       ,[0,0,0,0,0,0,0,0,0,0,0,0,0,0,10000]
       ,[0,0,0,0,0,0,0,0,0,0,0,0,0,0,10000]
       ,[0,0,0,0,0,0,0,0,0,0,0,0,0,0,10000]
       ,[0,0,0,0,0,0,0,0,0,0,0,0,0,0,10000]
       ,[0,0,0,0,0,0,0,0,0,0,0,0,0,0,10000]
       ,[0,0,0,0,0,0,0,0,0,0,0,0,0,0,10000]
       ,[0,0,0,0,0,0,0,0,0,0,0,0,0,0,10000]
       ,[0,0,0,0,0,0,0,0,0,0,0,0,0,0,10000]]:
CoefficientHeight:=   69.4:
