##############################################################################
#
#  Data for the enumerative problem
#  W21W11e2We5 = 36 on rcf1537-9
#
##############################################################################
FlagVariety:=[3, 7]:
Label := "W21W11e2We5":
EnumerativeProblem:=[ [1, 3, 5, 2, 4, 6, 7] ,[1, 3, 4, 2, 5, 6, 7]
                     ,[1, 3, 4, 2, 5, 6, 7] ,[1, 2, 4, 3, 5, 6, 7]
                     ,[1, 2, 4, 3, 5, 6, 7] ,[1, 2, 4, 3, 5, 6, 7]
                     ,[1, 2, 4, 3, 5, 6, 7] ,[1, 2, 4, 3, 5, 6, 7]
                    ]:
NumberOfSolutions := 36:
Necklaces:=[ [1, 2, 3, 4, 5, 6, 7] ,[1, 3, 2, 4, 5, 6, 7]
            ,[1, 4, 2, 3, 5, 6, 7] ,[1, 5, 2, 3, 4, 6, 7]
            ,[1, 6, 2, 3, 4, 5, 7] ,[1, 7, 2, 3, 4, 5, 6]
            ,[2, 3, 1, 4, 5, 6, 7] ,[2, 4, 1, 3, 5, 6, 7]
            ,[2, 5, 1, 3, 4, 6, 7] ,[2, 6, 1, 3, 4, 5, 7]
            ,[3, 4, 1, 2, 5, 6, 7] ,[3, 5, 1, 2, 4, 6, 7]
           ]:
Points:=[[1, -39],[1, -38],[1, -37],[1, -35],[1, -33],[1, -29],[1, -27]
       ,[1, -23],[1, -21],[1, -17],[1, -11],[1, -9],[1, -3],[1, 1]
       ,[1, 3],[1, 7],[1, 13],[1, 19],[1, 21],[1, 27],[1, 31]
       ,[1, 33],[1, 39],[1, 43] ]:
PointSelection := "Primes(24)":
Machine := "rcf1537-9":
##############################################################################
Instance:=10000:
PreTime:=   3991.15:
GroebnerTime:=1139491.91:
RealTime:= 301428.43:
Table:=[[0,0,0,0,0,0,0,0,0,0,0,0,0,0,0,0,0,0,10000]
       ,[0,0,0,0,0,0,0,0,0,0,0,0,0,0,0,0,0,0,10000]
       ,[0,0,0,0,0,0,0,0,0,0,0,0,0,0,0,0,0,0,10000]
       ,[0,0,0,0,0,0,0,0,0,0,0,0,0,0,0,0,0,0,10000]
       ,[0,0,0,0,0,0,0,0,0,0,0,0,0,0,0,0,0,0,10000]
       ,[0,0,0,0,0,0,0,0,0,0,0,0,0,0,0,0,0,0,10000]
       ,[0,0,0,0,0,0,0,0,0,0,0,0,0,0,0,0,0,0,10000]
       ,[0,0,0,0,0,0,0,0,0,0,0,0,0,0,0,0,0,0,10000]
       ,[0,0,0,0,0,0,0,0,0,0,0,0,0,0,0,0,0,0,10000]
       ,[0,0,0,0,0,0,0,0,0,0,0,0,0,0,0,0,0,0,10000]
       ,[0,0,0,0,0,0,0,0,0,0,0,0,0,0,0,0,0,0,10000]
       ,[0,0,0,0,0,0,0,0,0,0,0,0,0,0,0,0,0,0,10000]]:
CoefficientHeight:=   54.4:
