##############################################################################
#
#  Data for the enumerative problem
#  W31W3We5 = 15 on Schubert
#
##############################################################################
FlagVariety:=[3, 7]:
Label := "W31W3We5":
EnumerativeProblem:=[ [1, 3, 6, 2, 4, 5, 7] ,[1, 2, 6, 3, 4, 5, 7]
                     ,[1, 2, 4, 3, 5, 6, 7] ,[1, 2, 4, 3, 5, 6, 7]
                     ,[1, 2, 4, 3, 5, 6, 7] ,[1, 2, 4, 3, 5, 6, 7]
                     ,[1, 2, 4, 3, 5, 6, 7]]:
NumberOfSolutions := 15:
Necklaces:=[ [1, 2, 3, 4, 5, 6] ,[2, 1, 3, 4, 5, 6]
            ,[3, 1, 2, 4, 5, 6]]:
Points:=[[1, -67],[1, -66],[1, -65],[1, -63],[1, -61],[1, -57],[1, -55]
       ,[1, -51],[1, -49],[1, -45],[1, -39],[1, -37],[1, -31],[1, -27]
       ,[1, -25],[1, -21],[1, -15],[1, -9],[1, -7],[1, -1],[1, 3]
       ,[1, 5],[1, 11],[1, 15],[1, 21],[1, 29],[1, 33],[1, 35]
       ,[1, 39],[1, 41],[1, 45],[1, 59],[1, 63],[1, 69] ]:
PointSelection := "Primes(34)":
Machine := "Schubert":
##############################################################################
Instance:=200000:
PreTime:=  55059.03:
GroebnerTime:=  53579.32:
RealTime:= 135006.63:
Table:=[[0,0,0,0,0,0,0,200000]
       ,[0,0,0,0,0,0,0,200000]
       ,[0,0,0,0,0,0,0,200000]]:
CoefficientHeight:=   17.5:
