##############################################################################
#
#  Data for the enumerative problem
#  W11e3We6 = 47 on Phoebe
#
##############################################################################
FlagVariety:=[3, 7]:
Label := "W11e3We6":
EnumerativeProblem:=[ [1, 3, 4, 2, 5, 6, 7] ,[1, 3, 4, 2, 5, 6, 7]
                     ,[1, 3, 4, 2, 5, 6, 7] ,[1, 2, 4, 3, 5, 6, 7]
                     ,[1, 2, 4, 3, 5, 6, 7] ,[1, 2, 4, 3, 5, 6, 7]
                     ,[1, 2, 4, 3, 5, 6, 7] ,[1, 2, 4, 3, 5, 6, 7]
                     ,[1, 2, 4, 3, 5, 6, 7]]:
NumberOfSolutions := 47:
Necklaces:=[ [1, 2, 3, 4, 5, 6, 7, 8] ,[1, 3, 2, 4, 5, 6, 7, 8]
            ,[1, 4, 2, 3, 5, 6, 7, 8] ,[1, 5, 2, 3, 4, 6, 7, 8]
            ,[2, 4, 1, 3, 5, 6, 7, 8] ,[2, 5, 1, 3, 4, 6, 7, 8]
            ,[3, 6, 1, 2, 4, 5, 7, 8]]:
Points:=[[1, -27],[1, -26],[1, -25],[1, -23],[1, -21],[1, -17],[1, -15]
       ,[1, -14],[1, -9],[1, -5],[1, 1],[1, 4],[1, 9],[1, 13]
       ,[1, 15],[1, 19],[1, 25],[1, 31] ]:
PointSelection := "Primes(18)":
Machine := "Phoebe":
##############################################################################
Instance:=1000:
PreTime:=    226.45:
GroebnerTime:=2167502.13:
RealTime:=  53252.23:
Table:=[[0,0,0,0,0,0,0,0,0,0,0,0,0,0,0,0,0,0,0,0,0,0,0,1000]
       ,[0,0,0,0,0,0,0,0,0,0,0,0,0,0,0,0,0,0,0,0,0,0,0,1000]
       ,[0,0,0,0,0,0,0,0,0,0,0,0,0,0,0,0,0,0,0,0,0,0,0,1000]
       ,[0,0,0,0,0,0,0,0,0,0,0,0,0,0,0,0,0,0,0,0,0,0,0,1000]
       ,[0,0,0,0,0,0,0,0,0,0,0,0,0,0,0,0,0,0,0,0,0,0,0,1000]
       ,[0,0,0,0,0,0,0,0,0,0,0,0,0,0,0,0,0,0,0,0,0,0,0,1000]
       ,[0,0,0,0,0,0,0,0,0,0,0,0,0,0,0,0,0,0,0,0,0,0,0,1000]]:
CoefficientHeight:=   60.1:
