##############################################################################
#
#  Data for the enumerative problem
#  W3W21We6 = 30 on Serpens
#
##############################################################################
FlagVariety:=[3, 7]:
Label := "W3W21We6":
EnumerativeProblem:=[ [1, 2, 6, 3, 4, 5, 7] ,[1, 3, 5, 2, 4, 6, 7]
                     ,[1, 2, 4, 3, 5, 6, 7] ,[1, 2, 4, 3, 5, 6, 7]
                     ,[1, 2, 4, 3, 5, 6, 7] ,[1, 2, 4, 3, 5, 6, 7]
                     ,[1, 2, 4, 3, 5, 6, 7] ,[1, 2, 4, 3, 5, 6, 7]
                    ]:
NumberOfSolutions := 30:
Necklaces:=[ [1, 2, 3, 4, 5, 6, 7] ,[2, 1, 3, 4, 5, 6, 7]
            ,[3, 1, 2, 4, 5, 6, 7] ,[4, 1, 2, 3, 5, 6, 7]
           ]:
Points:=[[1, -111],[1, -110],[1, -109],[1, -107],[1, -105],[1, -101],[1, -99]
       ,[1, -95],[1, -93],[1, -89],[1, -83],[1, -81],[1, -75],[1, -71]
       ,[1, -69],[1, -65],[1, -59],[1, -53],[1, -51],[1, -45],[1, -41]
       ,[1, -39],[1, -33],[1, -30],[1, -23],[1, -15],[1, -11],[1, -9]
       ,[1, -5],[1, -3],[1, 1],[1, 15],[1, 19],[1, 25],[1, 27]
       ,[1, 37],[1, 39],[1, 45],[1, 51],[1, 55],[1, 61],[1, 67]
       ,[1, 69],[1, 78],[1, 81],[1, 85],[1, 88],[1, 99],[1, 111]
       ,[1, 115] ]:
PointSelection := "Primes(50)":
Machine := "Serpens":
##############################################################################
Instance:=50000:
PreTime:=   7322.15:
GroebnerTime:=2896355.89:
RealTime:= 126734.75:
Table:=[[0,0,0,0,0,0,0,0,0,0,0,0,0,0,0,50000]
       ,[0,0,0,0,0,0,0,0,0,0,0,0,0,0,0,50000]
       ,[0,0,0,0,0,0,0,0,0,0,0,0,0,0,0,50000]
       ,[0,0,0,0,0,0,0,0,0,0,0,0,0,0,0,50000]]:
CoefficientHeight:=   88.4:
