##############################################################################
#
#  Data for the enumerative problem
#  W22W11We6 = 26 on Pieri
#
##############################################################################
FlagVariety:=[3, 7]:
Label := "W22W11We6":
EnumerativeProblem:=[ [1, 4, 5, 2, 3, 6, 7] ,[1, 3, 4, 2, 5, 6, 7]
                     ,[1, 2, 4, 3, 5, 6, 7] ,[1, 2, 4, 3, 5, 6, 7]
                     ,[1, 2, 4, 3, 5, 6, 7] ,[1, 2, 4, 3, 5, 6, 7]
                     ,[1, 2, 4, 3, 5, 6, 7] ,[1, 2, 4, 3, 5, 6, 7]
                    ]:
NumberOfSolutions := 26:
Necklaces:=[ [1, 2, 3, 4, 5, 6, 7] ,[2, 1, 3, 4, 5, 6, 7]
            ,[3, 1, 2, 4, 5, 6, 7] ,[4, 1, 2, 3, 5, 6, 7]
           ]:
Points:=[[1, -83],[1, -82],[1, -81],[1, -79],[1, -77],[1, -73],[1, -71]
       ,[1, -67],[1, -65],[1, -61],[1, -55],[1, -53],[1, -47],[1, -43]
       ,[1, -41],[1, -37],[1, -31],[1, -25],[1, -23],[1, -17],[1, -13]
       ,[1, -11],[1, -5],[1, -1],[1, 5],[1, 13],[1, 17],[1, 19]
       ,[1, 23],[1, 25],[1, 29],[1, 43],[1, 47],[1, 53],[1, 55]
       ,[1, 65],[1, 67],[1, 73],[1, 79],[1, 83] ]:
PointSelection := "Primes(40)":
Machine := "Pieri":
##############################################################################
Instance:=100000:
PreTime:=  25986.75:
GroebnerTime:= 452647.86:
RealTime:= 342424.18:
Table:=[[0,0,0,0,0,0,0,0,0,0,0,0,0,100000]
       ,[0,0,0,0,0,0,0,0,0,0,0,0,0,100000]
       ,[0,0,0,0,0,0,0,0,0,0,0,0,0,100000]
       ,[0,0,0,0,0,0,0,0,0,0,0,0,0,100000]]:
CoefficientHeight:=   37.3:
