##############################################################################
#
#  Data for the enumerative problem
#  W33We6 = 10 on Noether
#
##############################################################################
FlagVariety:=[3, 7]:
Label := "W33We6":
EnumerativeProblem:=[ [1, 5, 6, 2, 3, 4, 7] ,[1, 2, 4, 3, 5, 6, 7]
                     ,[1, 2, 4, 3, 5, 6, 7] ,[1, 2, 4, 3, 5, 6, 7]
                     ,[1, 2, 4, 3, 5, 6, 7] ,[1, 2, 4, 3, 5, 6, 7]
                     ,[1, 2, 4, 3, 5, 6, 7]]:
NumberOfSolutions := 10:
Necklaces:=[ [1, 2, 3, 4, 5, 6]]:
Points:=[[1, -95],[1, -94],[1, -93],[1, -91],[1, -89],[1, -85],[1, -83]
       ,[1, -79],[1, -77],[1, -73],[1, -67],[1, -65],[1, -59],[1, -55]
       ,[1, -53],[1, -49],[1, -43],[1, -37],[1, -35],[1, -29],[1, -25]
       ,[1, -23],[1, -17],[1, -13],[1, -7],[1, 1],[1, 5],[1, 7]
       ,[1, 11],[1, 13],[1, 17],[1, 31],[1, 35],[1, 41],[1, 43]
       ,[1, 53],[1, 55],[1, 61],[1, 67],[1, 71],[1, 77],[1, 83]
       ,[1, 85],[1, 95] ]:
PointSelection := "Primes(44)":
Machine := "Noether":
##############################################################################
Instance:=500000:
PreTime:= 124911.67:
GroebnerTime:=  16539.86:
RealTime:=  48706.11:
Table:=[[0,0,0,0,0,500000]]:
CoefficientHeight:=   19.3:
