##############################################################################
#
#  Data for the enumerative problem
#  W21W2We7 = 91 on Fermat.Math.Umass.Edu
#
##############################################################################
FlagVariety:=[3, 7]:
Label := "W21W2We7":
EnumerativeProblem:=[ [1, 3, 5, 2, 4, 6, 7] ,[1, 2, 5, 3, 4, 6, 7]
                     ,[1, 2, 4, 3, 5, 6, 7] ,[1, 2, 4, 3, 5, 6, 7]
                     ,[1, 2, 4, 3, 5, 6, 7] ,[1, 2, 4, 3, 5, 6, 7]
                     ,[1, 2, 4, 3, 5, 6, 7] ,[1, 2, 4, 3, 5, 6, 7]
                     ,[1, 2, 4, 3, 5, 6, 7]]:
NumberOfSolutions := 91:
Necklaces:=[ [1, 2, 3, 4, 5, 6, 7, 8] ,[2, 1, 3, 4, 5, 6, 7, 8]
            ,[3, 1, 2, 4, 5, 6, 7, 8] ,[4, 1, 2, 3, 5, 6, 7, 8]
           ]:
Points:=[[1, -31],[1, -30],[1, -29],[1, -27],[1, -25],[1, -21],[1, -19]
       ,[1, -15],[1, -13],[1, -9],[1, -3],[1, -1],[1, 5],[1, 9]
       ,[1, 11],[1, 15],[1, 21],[1, 27],[1, 29],[1, 35] ]:
PointSelection := "Primes(20)":
Machine := "Fermat.Math.Umass.Edu":
##############################################################################
Instance:=250:
PreTime:=     30.16:
GroebnerTime:=1420856.01:
RealTime:= 358095.71:
Table:=[[0,0,0,0,0,0,0,0,0,0,0,0,0,0,0,0,0,0,0,0,0,0,0,0,0,0,0,0,0,0,0,0,0,0,0,0,0,0,0,0,0,0,0,0,0,250]
       ,[0,0,0,0,0,0,0,0,0,0,0,0,0,0,0,0,0,0,0,0,0,0,0,0,0,0,0,0,0,0,0,0,0,0,0,0,0,0,0,0,0,0,0,0,0,250]
       ,[0,0,0,0,0,0,0,0,0,0,0,0,0,0,0,0,0,0,0,0,0,0,0,0,0,0,0,0,0,0,0,0,0,0,0,0,0,0,0,0,0,0,0,0,0,250]
       ,[0,0,0,0,0,0,0,0,0,0,0,0,0,0,0,0,0,0,0,0,0,0,0,0,0,0,0,0,0,0,0,0,0,0,0,0,0,0,0,0,0,0,0,0,0,250]]:
CoefficientHeight:=  112.8:
