##############################################################################
#
#  Data for the enumerative problem
#  W3W11We7 = 35 on Rcf1537-8
#
##############################################################################
FlagVariety:=[3, 7]:
Label := "W3W11We7":
EnumerativeProblem:=[ [1, 2, 6, 3, 4, 5, 7] ,[1, 3, 4, 2, 5, 6, 7]
                     ,[1, 2, 4, 3, 5, 6, 7] ,[1, 2, 4, 3, 5, 6, 7]
                     ,[1, 2, 4, 3, 5, 6, 7] ,[1, 2, 4, 3, 5, 6, 7]
                     ,[1, 2, 4, 3, 5, 6, 7] ,[1, 2, 4, 3, 5, 6, 7]
                     ,[1, 2, 4, 3, 5, 6, 7]]:
NumberOfSolutions := 35:
Necklaces:=[ [1, 2, 3, 4, 5, 6, 7, 8] ,[2, 1, 3, 4, 5, 6, 7, 8]
            ,[3, 1, 2, 4, 5, 6, 7, 8] ,[4, 1, 2, 3, 5, 6, 7, 8]
           ]:
Points:=[[1, -83],[1, -82],[1, -81],[1, -79],[1, -77],[1, -73],[1, -71]
       ,[1, -67],[1, -65],[1, -61],[1, -55],[1, -53],[1, -47],[1, -43]
       ,[1, -41],[1, -37],[1, -31],[1, -25],[1, -23],[1, -17],[1, -13]
       ,[1, -11],[1, -5],[1, -1],[1, 5],[1, 13],[1, 17],[1, 19]
       ,[1, 23],[1, 25],[1, 29],[1, 43],[1, 47],[1, 53],[1, 55]
       ,[1, 65],[1, 67],[1, 73],[1, 79],[1, 83] ]:
PointSelection := "Primes(40)":
Machine := "Rcf1537-8":
##############################################################################
Instance:=2500:
PreTime:=    669.19:
GroebnerTime:=2689290.99:
RealTime:=  43754.06:
Table:=[[0,0,0,0,0,0,0,0,0,0,0,0,0,0,0,0,0,2500]
       ,[0,0,0,0,0,0,0,0,0,0,0,0,0,0,0,0,0,2500]
       ,[0,0,0,0,0,0,0,0,0,0,0,0,0,0,0,0,0,2500]
       ,[0,0,0,0,0,0,0,0,0,0,0,0,0,0,0,0,0,2500]]:
CoefficientHeight:=  175.7:
