##############################################################################
#
#  Data for the enumerative problem
#  W32We7 = 35 on Ananke
#
##############################################################################
FlagVariety:=[3, 7]:
Label := "W32We7":
EnumerativeProblem:=[ [1, 4, 6, 2, 3, 5, 7] ,[1, 2, 4, 3, 5, 6, 7]
                     ,[1, 2, 4, 3, 5, 6, 7] ,[1, 2, 4, 3, 5, 6, 7]
                     ,[1, 2, 4, 3, 5, 6, 7] ,[1, 2, 4, 3, 5, 6, 7]
                     ,[1, 2, 4, 3, 5, 6, 7] ,[1, 2, 4, 3, 5, 6, 7]
                    ]:
NumberOfSolutions := 35:
Necklaces:=[ [1, 2, 3, 4, 5, 6, 7]]:
Points:=[[1, -95],[1, -94],[1, -93],[1, -91],[1, -89],[1, -85],[1, -83]
       ,[1, -79],[1, -77],[1, -73],[1, -67],[1, -65],[1, -59],[1, -55]
       ,[1, -53],[1, -49],[1, -43],[1, -37],[1, -35],[1, -29],[1, -25]
       ,[1, -23],[1, -17],[1, -13],[1, -7],[1, 1],[1, 5],[1, 7]
       ,[1, 11],[1, 13],[1, 17],[1, 31],[1, 35],[1, 41],[1, 43]
       ,[1, 53],[1, 55],[1, 61],[1, 67],[1, 71],[1, 77],[1, 83]
       ,[1, 85],[1, 95] ]:
PointSelection := "Primes(44)":
Machine := "Ananke":
##############################################################################
Instance:=200000:
PreTime:=  20564.00:
GroebnerTime:= 431382.56:
RealTime:= 245270.70:
Table:=[[0,0,0,0,0,0,0,0,0,0,0,0,0,0,0,0,0,200000]]:
CoefficientHeight:=   52.7:
