##############################################################################
#
#  Data for the enumerative problem
#  W3W2We7 = 49 on Spin
#
##############################################################################
FlagVariety:=[3, 7]:
Label := "W3W2We7":
EnumerativeProblem:=[ [1, 2, 6, 3, 4, 5, 7] ,[1, 2, 5, 3, 4, 6, 7]
                     ,[1, 2, 4, 3, 5, 6, 7] ,[1, 2, 4, 3, 5, 6, 7]
                     ,[1, 2, 4, 3, 5, 6, 7] ,[1, 2, 4, 3, 5, 6, 7]
                     ,[1, 2, 4, 3, 5, 6, 7] ,[1, 2, 4, 3, 5, 6, 7]
                     ,[1, 2, 4, 3, 5, 6, 7]]:
NumberOfSolutions := 49:
Necklaces:=[ [1, 2, 3, 4, 5, 6, 7, 8] ,[2, 1, 3, 4, 5, 6, 7, 8]
            ,[3, 1, 2, 4, 5, 6, 7, 8] ,[4, 1, 2, 3, 5, 6, 7, 8]
           ]:
Points:=[[1, -27],[1, -26],[1, -25],[1, -23],[1, -21],[1, -17],[1, -15]
       ,[1, -11],[1, -9],[1, -5],[1, 1],[1, 3],[1, 9],[1, 13]
       ,[1, 15],[1, 19],[1, 25],[1, 31] ]:
PointSelection := "Primes(18)":
Machine := "Spin":
##############################################################################
Instance:=1000:
PreTime:=    112.21:
GroebnerTime:=1120632.21:
RealTime:=   8632.99:
Table:=[[0,0,0,0,0,0,0,0,0,0,0,0,0,0,0,0,0,0,0,0,0,0,0,0,1000]
       ,[0,0,0,0,0,0,0,0,0,0,0,0,0,0,0,0,0,0,0,0,0,0,0,0,1000]
       ,[0,0,0,0,0,0,0,0,0,0,0,0,0,0,0,0,0,0,0,0,0,0,0,0,1000]
       ,[0,0,0,0,0,0,0,0,0,0,0,0,0,0,0,0,0,0,0,0,0,0,0,0,1000]]:
CoefficientHeight:=   99.5:
