##############################################################################
#
#  Data for the enumerative problem
#  W22We8 = 56 on Ananke
#
##############################################################################
FlagVariety:=[3, 7]:
Label := "W22We8":
EnumerativeProblem:=[ [1, 4, 5, 2, 3, 6, 7] ,[1, 2, 4, 3, 5, 6, 7]
                     ,[1, 2, 4, 3, 5, 6, 7] ,[1, 2, 4, 3, 5, 6, 7]
                     ,[1, 2, 4, 3, 5, 6, 7] ,[1, 2, 4, 3, 5, 6, 7]
                     ,[1, 2, 4, 3, 5, 6, 7] ,[1, 2, 4, 3, 5, 6, 7]
                     ,[1, 2, 4, 3, 5, 6, 7]]:
NumberOfSolutions := 56:
Necklaces:=[ [1, 2, 3, 4, 5, 6, 7, 8]]:
Points:=[[1, -95],[1, -94],[1, -93],[1, -91],[1, -89],[1, -85],[1, -83]
       ,[1, -79],[1, -77],[1, -73],[1, -67],[1, -65],[1, -59],[1, -55]
       ,[1, -53],[1, -49],[1, -43],[1, -37],[1, -35],[1, -29],[1, -25]
       ,[1, -23],[1, -17],[1, -13],[1, -7],[1, 1],[1, 5],[1, 7]
       ,[1, 11],[1, 13],[1, 17],[1, 31],[1, 35],[1, 41],[1, 43]
       ,[1, 53],[1, 55],[1, 61],[1, 67],[1, 71],[1, 78],[1, 82]
       ,[1, 85],[1, 95] ]:
PointSelection := "Primes(44)":
Machine := "Ananke":
##############################################################################
Instance:=10000:
PreTime:=   1426.29:
GroebnerTime:= 268643.33:
RealTime:= 204594.62:
Table:=[[0,0,0,0,0,0,0,0,0,0,0,0,0,0,0,0,0,0,0,0,0,0,0,0,0,0,0,0,10000]]:
CoefficientHeight:=   71.4:
