##############################################################################
#
#  Data for the enumerative problem
#  W21e3W11W = 10 on rcf1537-3
#
##############################################################################
FlagVariety:=[3, 7]:
Label := "W21e3W11W":
EnumerativeProblem:=[ [1, 3, 5, 2, 4, 6, 7] ,[1, 3, 5, 2, 4, 6, 7]
                     ,[1, 3, 5, 2, 4, 6, 7] ,[1, 3, 4, 2, 5, 6, 7]
                     ,[1, 2, 4, 3, 5, 6, 7]]:
NumberOfSolutions := 10:
Necklaces:=[ [1, 2, 3, 4] ,[1, 3, 2, 4]
           ]:
Points:=[[1, -199],[1, -198],[1, -197],[1, -195],[1, -193],[1, -189],[1, -187]
       ,[1, -183],[1, -181],[1, -177],[1, -171],[1, -169],[1, -163],[1, -159]
       ,[1, -157],[1, -153],[1, -147],[1, -141],[1, -139],[1, -133],[1, -129]
       ,[1, -127],[1, -121],[1, -117],[1, -111],[1, -103],[1, -99],[1, -97]
       ,[1, -93],[1, -91],[1, -87],[1, -73],[1, -69],[1, -63],[1, -61]
       ,[1, -51],[1, -49],[1, -43],[1, -37],[1, -33],[1, -27],[1, -21]
       ,[1, -19],[1, -9],[1, -7],[1, -3],[1, -1],[1, 11],[1, 23]
       ,[1, 27],[1, 29],[1, 33],[1, 39],[1, 41],[1, 51],[1, 57]
       ,[1, 63],[1, 69],[1, 71],[1, 77],[1, 81],[1, 83],[1, 93]
       ,[1, 107],[1, 111],[1, 113],[1, 117],[1, 131],[1, 137],[1, 147]
       ,[1, 149],[1, 153],[1, 159],[1, 167],[1, 173],[1, 179],[1, 183]
       ,[1, 189],[1, 197],[1, 201] ]:
PointSelection := "Primes(80)":
Machine := "rcf1537-3":
##############################################################################
Instance:=250000:
PreTime:= 199151.44:
GroebnerTime:=  40595.94:
RealTime:=  46092.34:
Table:=[[0,0,0,0,0,250000]
       ,[0,0,0,0,0,250000]]:
CoefficientHeight:=   17.7:
