##############################################################################
#
#  Data for the enumerative problem
#  A143 Ye2 We2 Xe2  = 5 on Praxis
#
##############################################################################
FlagVariety:=[1, 2, 3, 5]:
Label := "A143 Ye2 We2 Xe2 ":
EnumerativeProblem:=[ [1, 4, 3, 2, 5] ,[1, 2, 4, 3, 5]
                     ,[1, 2, 4, 3, 5] ,[2, 1, 3, 4, 5]
                     ,[2, 1, 3, 4, 5] ,[1, 3, 2, 4, 5]
                     ,[1, 3, 2, 4, 5]]:
NumberOfSolutions := 5:
Necklaces:=[ [1, 2, 3, 4, 5, 6] ,[1, 2, 3, 5, 4, 6]
            ,[1, 2, 3, 6, 4, 5] ,[1, 2, 4, 5, 3, 6]
            ,[1, 2, 4, 6, 3, 5] ,[1, 2, 5, 6, 3, 4]
            ,[1, 3, 2, 4, 5, 6] ,[1, 3, 2, 5, 4, 6]
            ,[1, 3, 2, 6, 4, 5] ,[1, 4, 2, 3, 5, 6]
            ,[1, 5, 2, 3, 4, 6] ,[1, 6, 2, 3, 4, 5]
            ,[1, 4, 2, 5, 3, 6] ,[1, 4, 2, 6, 3, 5]
            ,[1, 5, 2, 4, 3, 6] ,[1, 6, 2, 4, 3, 5]
            ,[1, 5, 2, 6, 3, 4] ,[1, 6, 2, 5, 3, 4]
            ,[1, 3, 4, 5, 2, 6] ,[1, 3, 4, 6, 2, 5]
            ,[1, 3, 5, 6, 2, 4] ,[1, 4, 3, 5, 2, 6]
            ,[1, 4, 3, 6, 2, 5] ,[1, 5, 3, 4, 2, 6]
            ,[1, 6, 3, 4, 2, 5] ,[1, 5, 3, 6, 2, 4]
            ,[1, 4, 5, 6, 2, 3] ,[1, 5, 4, 6, 2, 3]
            ,[2, 3, 1, 4, 5, 6] ,[2, 3, 1, 5, 4, 6]
            ,[2, 3, 1, 6, 4, 5] ,[2, 4, 1, 3, 5, 6]
            ,[2, 5, 1, 3, 4, 6] ,[2, 4, 1, 5, 3, 6]
            ,[2, 4, 1, 6, 3, 5] ,[2, 5, 1, 4, 3, 6]
            ,[2, 5, 1, 6, 3, 4] ,[3, 4, 1, 2, 5, 6]
            ,[3, 5, 1, 2, 4, 6] ,[4, 5, 1, 2, 3, 6]
            ,[3, 4, 1, 5, 2, 6] ,[3, 4, 1, 6, 2, 5]
            ,[3, 5, 1, 4, 2, 6] ,[4, 5, 1, 3, 2, 6]
            ,[2, 3, 4, 5, 1, 6] ,[2, 4, 3, 5, 1, 6]
            ,[2, 5, 3, 4, 1, 6] ,[3, 4, 2, 5, 1, 6]
           ]:
Points:=[[4, 31],[7, 30],[10, 29],[13, 28],[16, 27],[19, 25],[21, 23]
       ,[23, 21],[25, 18],[27, 16],[28, 13],[29, 10],[30, 7],[31, 4]
       ,[31, 1],[31, -3],[30, -6],[30, -9],[29, -12],[27, -15],[26, -17]
       ,[24, -20],[22, -22],[19, -24],[17, -26],[14, -28],[11, -29],[8, -30]
       ,[5, -31],[2, -31] ]:
PointSelection := "QuasiUniformPointsAss(30,31)":
Machine := "Praxis":
##############################################################################
Instance:=25000:
PreTime:=   5384.10:
GroebnerTime:=  25106.32:
RealTime:=  19454.90:
Table:=[[0,0,25000]
       ,[3277,5637,16084]
       ,[5167,3059,16774]
       ,[0,0,25000]
       ,[7358,4478,13162]
       ,[0,0,25000]
       ,[1142,2222,21636]
       ,[3115,10257,11626]
       ,[1771,7224,16005]
       ,[3611,8405,12984]
       ,[0,6994,18006]
       ,[0,4060,20940]
       ,[914,11757,12329]
       ,[4715,11649,8636]
       ,[1490,11194,12316]
       ,[6622,5547,12830]
       ,[944,7460,16596]
       ,[6454,5857,12689]
       ,[4709,8162,12129]
       ,[5320,12101,7577]
       ,[2782,9839,12379]
       ,[1494,9490,14016]
       ,[6027,11669,7304]
       ,[0,11129,13871]
       ,[0,4449,20551]
       ,[2381,13045,9574]
       ,[0,8055,16945]
       ,[0,8522,16478]
       ,[6119,8036,10845]
       ,[1362,9396,14235]
       ,[333,5922,18745]
       ,[2919,11388,10693]
       ,[2276,13360,9364]
       ,[1473,14130,9396]
       ,[7116,11910,5974]
       ,[1681,14870,8449]
       ,[18,14824,10158]
       ,[230,6460,18310]
       ,[6377,9238,9385]
       ,[308,8372,16320]
       ,[2623,8099,14278]
       ,[2039,10521,12440]
       ,[1697,12744,10555]
       ,[2555,10995,11446]
       ,[300,7880,16820]
       ,[1888,8772,14340]
       ,[6634,13321,5045]
       ,[8704,8888,7408]]:
CoefficientHeight:=   40.2:
