##############################################################################
#
#  Data for the enumerative problem
#  A143 Ye3 We2 X  = 5 on Serpens
#
##############################################################################
FlagVariety:=[1, 2, 3, 5]:
Label := "A143 Ye3 We2 X ":
EnumerativeProblem:=[ [1, 4, 3, 2, 5] ,[1, 2, 4, 3, 5]
                     ,[1, 2, 4, 3, 5] ,[1, 2, 4, 3, 5]
                     ,[2, 1, 3, 4, 5] ,[2, 1, 3, 4, 5]
                     ,[1, 3, 2, 4, 5]]:
NumberOfSolutions := 5:
Necklaces:=[ [1, 2, 3, 4, 5, 6] ,[1, 2, 3, 4, 6, 5]
            ,[1, 2, 3, 5, 6, 4] ,[1, 2, 4, 3, 5, 6]
            ,[1, 2, 4, 3, 6, 5] ,[1, 2, 5, 3, 4, 6]
            ,[1, 2, 6, 3, 4, 5] ,[1, 2, 5, 3, 6, 4]
            ,[1, 2, 6, 3, 5, 4] ,[1, 2, 4, 5, 6, 3]
            ,[1, 2, 5, 4, 6, 3] ,[1, 2, 6, 4, 5, 3]
            ,[1, 3, 4, 2, 5, 6] ,[1, 3, 4, 2, 6, 5]
            ,[1, 3, 5, 2, 4, 6] ,[1, 3, 6, 2, 4, 5]
            ,[1, 3, 5, 2, 6, 4] ,[1, 3, 6, 2, 5, 4]
            ,[1, 4, 5, 2, 3, 6] ,[1, 4, 6, 2, 3, 5]
            ,[1, 4, 5, 2, 6, 3] ,[1, 3, 4, 5, 6, 2]
            ,[1, 3, 5, 4, 6, 2] ,[1, 4, 5, 3, 6, 2]
            ,[2, 3, 4, 1, 5, 6] ,[2, 3, 4, 1, 6, 5]
            ,[2, 3, 5, 1, 4, 6] ,[2, 3, 5, 1, 6, 4]
            ,[2, 4, 5, 1, 3, 6] ,[3, 4, 5, 1, 2, 6]
           ]:
Points:=[[4, 31],[7, 30],[10, 29],[13, 28],[16, 27],[19, 25],[21, 23]
       ,[23, 21],[25, 18],[27, 16],[28, 13],[29, 10],[30, 7],[31, 4]
       ,[31, 1],[31, -3],[30, -6],[30, -9],[29, -12],[27, -15],[26, -17]
       ,[24, -20],[22, -22],[19, -24],[17, -26],[14, -28],[11, -29],[8, -30]
       ,[5, -31],[2, -31] ]:
PointSelection := "QuasiUniformPointsAss(30,31)":
Machine := "Serpens":
##############################################################################
Instance:=25000:
PreTime:=   2449.97:
GroebnerTime:=   8672.35:
RealTime:=   8002.45:
Table:=[[0,0,25000]
       ,[3990,6242,14768]
       ,[0,0,25000]
       ,[1004,3512,20484]
       ,[5291,7827,11882]
       ,[6395,10958,7647]
       ,[554,9754,14692]
       ,[716,11086,13198]
       ,[357,6986,17657]
       ,[4066,8142,12792]
       ,[3226,11848,9926]
       ,[267,7273,17460]
       ,[4144,7825,13031]
       ,[5111,7798,12091]
       ,[568,11162,13270]
       ,[3396,9151,12453]
       ,[854,12513,11633]
       ,[858,11083,13059]
       ,[0,9698,15302]
       ,[7060,9487,8453]
       ,[1066,9736,14198]
       ,[0,8458,16542]
       ,[1116,14166,9718]
       ,[6838,10920,7242]
       ,[1674,6217,17109]
       ,[2054,5261,17685]
       ,[152,10156,14692]
       ,[648,10755,13597]
       ,[0,10415,14585]
       ,[0,4410,20590]]:
CoefficientHeight:=   25.5:
