##############################################################################
#
#  Data for the enumerative problem
#  A143Y11A214WX = 3 on Rcf1422-1
#
##############################################################################
FlagVariety:=[1, 2, 3, 5]:
Label := "A143Y11A214WX":
EnumerativeProblem:=[ [1, 4, 3, 2, 5] ,[1, 3, 4, 2, 5]
                     ,[2, 1, 4, 3, 5] ,[2, 1, 3, 4, 5]
                     ,[1, 3, 2, 4, 5]]:
NumberOfSolutions := 3:
Necklaces:=[ [3, 2, 1, 4] ,[3, 1, 2, 4]
            ,[4, 2, 1, 3] ,[4, 1, 2, 3]
            ,[2, 1, 3, 4] ,[1, 2, 3, 4]
            ,[1, 2, 4, 3] ,[1, 3, 2, 4]
            ,[1, 4, 2, 3] ,[2, 1, 4, 3]
            ,[3, 1, 4, 2] ,[2, 3, 1, 4]
           ]:
Points:=[[8, 81],[14, 80],[20, 78],[26, 77],[32, 74],[38, 72],[43, 69]
       ,[48, 65],[53, 61],[58, 57],[62, 52],[66, 47],[69, 42],[72, 37]
       ,[75, 31],[77, 25],[79, 19],[80, 13],[81, 7],[81, 1],[81, -5]
       ,[80, -11],[79, -17],[78, -23],[76, -29],[73, -35],[70, -41],[67, -46]
       ,[63, -51],[59, -55],[55, -60],[50, -64],[45, -67],[40, -71],[34, -73]
       ,[28, -76],[22, -78],[16, -79],[10, -80],[4, -81] ]:
PointSelection := "QuasiUniformPointsAss(40,81)":
Machine := "Rcf1422-1":
##############################################################################
Instance:=25000:
PreTime:=   8231.99:
GroebnerTime:=   6294.32:
RealTime:=   5898.32:
Table:=[[4156,20844]
       ,[7057,17943]
       ,[12619,12381]
       ,[4345,20655]
       ,[5788,19212]
       ,[0,25000]
       ,[6020,18980]
       ,[8411,16589]
       ,[6636,18364]
       ,[6094,18906]
       ,[9119,15881]
       ,[5549,19451]]:
CoefficientHeight:=   24.0:
