##############################################################################
#
#  Data for the enumerative problem
#  A143A214e2X2 = 3 on Schubert
#
##############################################################################
FlagVariety:=[1, 2, 3, 5]:
Label := "A143A214e2X2":
EnumerativeProblem:=[ [1, 4, 3, 2, 5] ,[2, 1, 4, 3, 5]
                     ,[2, 1, 4, 3, 5] ,[1, 4, 2, 3, 5]
                    ]:
NumberOfSolutions := 3:
Necklaces:=[ [1, 2, 3] ,[1, 3, 2]
           ]:
Points:=[[9, 151],[16, 150],[22, 149],[29, 148],[35, 147],[42, 145],[48, 143]
       ,[54, 141],[61, 138],[67, 135],[73, 132],[78, 129],[84, 125],[89, 122]
       ,[95, 118],[100, 113],[105, 109],[109, 104],[114, 99],[118, 94],[122, 89]
       ,[126, 83],[130, 77],[133, 72],[136, 66],[139, 60],[141, 53],[143, 47]
       ,[145, 41],[147, 34],[148, 28],[150, 21],[150, 14],[151, 8],[151, 1]
       ,[151, -6],[151, -12],[150, -19],[149, -25],[148, -32],[146, -39],[144, -45]
       ,[142, -51],[140, -58],[137, -64],[134, -70],[131, -76],[127, -81],[124, -87]
       ,[120, -92],[115, -97],[111, -102],[106, -107],[102, -112],[96, -116],[91, -120]
       ,[86, -124],[80, -128],[75, -131],[69, -134],[63, -137],[56, -140],[50, -142]
       ,[44, -144],[37, -146],[31, -148],[24, -149],[18, -150],[11, -151],[4, -151]
        ]:
PointSelection := "QuasiUniformPointsAss(70,151)":
Machine := "Schubert":
##############################################################################
Instance:=25000:
PreTime:=   4592.49:
GroebnerTime:=    851.12:
RealTime:=   1750.15:
Table:=[[16063,8937]
       ,[0,25000]]:
CoefficientHeight:=   18.3:
