##############################################################################
#
#  Data for the enumerative problem
#  Y21 A214 X2 W X  = 3 on Pieri
#
##############################################################################
FlagVariety:=[1, 2, 3, 5]:
Label := "Y21 A214 X2 W X ":
EnumerativeProblem:=[ [1, 3, 5, 2, 4] ,[2, 1, 4, 3, 5]
                     ,[1, 4, 2, 3, 5] ,[2, 1, 3, 4, 5]
                     ,[1, 3, 2, 4, 5]]:
NumberOfSolutions := 3:
Necklaces:=[ [3, 1, 4, 2] ,[4, 2, 1, 3]
            ,[2, 3, 1, 4] ,[4, 1, 2, 3]
            ,[2, 1, 3, 4] ,[1, 2, 3, 4]
            ,[1, 2, 4, 3] ,[1, 3, 2, 4]
            ,[1, 4, 2, 3] ,[2, 1, 4, 3]
            ,[3, 1, 2, 4] ,[3, 2, 1, 4]
           ]:
Points:=[[9, 66],[16, 65],[22, 63],[28, 61],[34, 57],[40, 54],[45, 49]
       ,[50, 44],[54, 39],[58, 34],[61, 27],[64, 21],[65, 15],[67, 8]
       ,[67, 1],[67, -6],[66, -12],[64, -19],[62, -25],[59, -32],[56, -37]
       ,[52, -43],[47, -48],[42, -52],[36, -56],[31, -60],[24, -62],[18, -65]
       ,[11, -66],[5, -67] ]:
PointSelection := "QuasiUniformPointsAss(30,67)":
Machine := "Pieri":
##############################################################################
Instance:=25000:
PreTime:=   4298.98:
GroebnerTime:=   3909.08:
RealTime:=   2943.14:
Table:=[[10865,14135]
       ,[8841,16159]
       ,[7666,17334]
       ,[7082,17918]
       ,[6606,18394]
       ,[1433,23567]
       ,[8364,16636]
       ,[0,25000]
       ,[0,25000]
       ,[5995,19005]
       ,[9096,15904]
       ,[8707,16293]]:
CoefficientHeight:=   22.7:
