##############################################################################
#
#  Data for the enumerative problem
#  A32 A214 Ye2 Xe2  = 4 on Schubert
#
##############################################################################
FlagVariety:=[1, 2, 3, 5]:
Label := "A32 A214 Ye2 Xe2 ":
EnumerativeProblem:=[ [3, 2, 1, 4, 5] ,[2, 1, 4, 3, 5]
                     ,[1, 2, 4, 3, 5] ,[1, 2, 4, 3, 5]
                     ,[1, 3, 2, 4, 5] ,[1, 3, 2, 4, 5]
                    ]:
NumberOfSolutions := 4:
Necklaces:=[ [1, 2, 3, 4, 5] ,[1, 2, 4, 3, 5]
            ,[1, 2, 5, 3, 4] ,[1, 3, 4, 2, 5]
            ,[1, 3, 5, 2, 4] ,[1, 4, 5, 2, 3]
            ,[2, 1, 3, 4, 5] ,[2, 1, 4, 3, 5]
            ,[2, 1, 5, 3, 4] ,[3, 1, 2, 4, 5]
            ,[4, 1, 2, 3, 5] ,[3, 1, 4, 2, 5]
            ,[3, 1, 5, 2, 4] ,[4, 1, 3, 2, 5]
            ,[2, 3, 4, 1, 5] ,[3, 2, 4, 1, 5]
           ]:
Points:=[[9, 66],[16, 65],[22, 63],[28, 61],[34, 57],[40, 54],[45, 49]
       ,[50, 44],[54, 39],[58, 34],[61, 27],[64, 21],[65, 15],[67, 8]
       ,[67, 1],[67, -6],[66, -12],[64, -19],[62, -25],[59, -32],[56, -37]
       ,[52, -43],[47, -48],[42, -52],[36, -56],[31, -60],[24, -62],[18, -65]
       ,[11, -66],[5, -67] ]:
PointSelection := "QuasiUniformPointsAss(30,67)":
Machine := "Schubert":
##############################################################################
Instance:=25000:
PreTime:=   5342.52:
GroebnerTime:=  10465.17:
RealTime:=   6176.98:
Table:=[[0,0,25000]
       ,[0,11932,13068]
       ,[0,9742,15258]
       ,[0,7743,17257]
       ,[0,14450,10550]
       ,[0,8581,16419]
       ,[0,5538,19462]
       ,[1819,11673,11508]
       ,[1318,10281,13401]
       ,[770,10879,13351]
       ,[1303,13652,10045]
       ,[3817,11246,9937]
       ,[149,14265,10586]
       ,[2505,13040,9455]
       ,[3832,7979,13189]
       ,[1314,12722,10964]]:
CoefficientHeight:=   41.9:
