##############################################################################
#
#  Data for the enumerative problem
#  A214e2 X11 Ye2 X  = 5 on Rcf1537-3.Math.Umass.Edu
#
##############################################################################
FlagVariety:=[1, 2, 3, 5]:
Label := "A214e2 X11 Ye2 X ":
EnumerativeProblem:=[ [2, 1, 4, 3, 5] ,[2, 1, 4, 3, 5]
                     ,[2, 3, 1, 4, 5] ,[1, 2, 4, 3, 5]
                     ,[1, 2, 4, 3, 5] ,[1, 3, 2, 4, 5]
                    ]:
NumberOfSolutions := 5:
Necklaces:=[ [1, 2, 3, 4, 5] ,[1, 2, 3, 5, 4]
            ,[1, 2, 4, 5, 3] ,[1, 3, 2, 4, 5]
            ,[1, 3, 2, 5, 4] ,[1, 4, 2, 3, 5]
            ,[2, 1, 3, 4, 5] ,[2, 1, 3, 5, 4]
            ,[3, 1, 2, 4, 5] ,[3, 1, 2, 5, 4]
            ,[4, 1, 2, 3, 5] ,[4, 1, 2, 5, 3]
            ,[3, 1, 4, 5, 2] ,[4, 1, 3, 5, 2]
            ,[2, 4, 1, 3, 5] ,[4, 2, 1, 3, 5]
           ]:
Points:=[[10, 100],[18, 99],[26, 98],[33, 95],[40, 93],[47, 89],[54, 85]
       ,[60, 81],[66, 76],[72, 71],[77, 65],[82, 59],[86, 53],[90, 46]
       ,[93, 39],[96, 32],[98, 24],[100, 17],[101, 9],[101, 1],[101, -6]
       ,[100, -14],[99, -22],[97, -29],[94, -37],[91, -44],[87, -51],[83, -57]
       ,[79, -63],[74, -69],[68, -75],[62, -80],[56, -84],[49, -88],[42, -92]
       ,[35, -95],[28, -97],[20, -99],[13, -100],[5, -101] ]:
PointSelection := "QuasiUniformPointsAss(40,101)":
Machine := "Rcf1537-3.Math.Umass.Edu":
##############################################################################
Instance:=25000:
PreTime:=   7095.37:
GroebnerTime:=  15899.62:
RealTime:=   9307.76:
Table:=[[5825,14323,4852]
       ,[4957,11899,8144]
       ,[12264,3699,9037]
       ,[1615,19893,3492]
       ,[0,14870,10130]
       ,[0,20136,4864]
       ,[2289,6101,16610]
       ,[1253,9631,14116]
       ,[4342,7981,12677]
       ,[1378,7353,16269]
       ,[4655,8688,11657]
       ,[2113,12014,10873]
       ,[755,11028,13217]
       ,[1108,11152,12740]
       ,[404,10087,14509]
       ,[0,7883,17117]]:
CoefficientHeight:=   62.7:
