##############################################################################
#
#  Data for the enumerative problem
#  A214e2X11YXe2 = 4 on Pieri
#
##############################################################################
FlagVariety:=[1, 2, 3, 5]:
Label := "A214e2X11YXe2":
EnumerativeProblem:=[ [2, 1, 4, 3, 5] ,[2, 1, 4, 3, 5]
                     ,[2, 3, 1, 4, 5] ,[1, 2, 4, 3, 5]
                     ,[1, 3, 2, 4, 5] ,[1, 3, 2, 4, 5]
                    ]:
NumberOfSolutions := 4:
Necklaces:=[ [1, 2, 3, 4, 5] ,[1, 2, 4, 3, 5]
            ,[1, 2, 5, 3, 4] ,[1, 3, 2, 4, 5]
            ,[1, 4, 2, 3, 5] ,[1, 3, 4, 2, 5]
            ,[2, 1, 3, 4, 5] ,[2, 1, 4, 3, 5]
            ,[3, 1, 2, 4, 5] ,[4, 1, 2, 3, 5]
            ,[3, 1, 4, 2, 5] ,[3, 1, 5, 2, 4]
            ,[4, 1, 3, 2, 5] ,[4, 1, 5, 2, 3]
            ,[2, 4, 1, 3, 5] ,[4, 2, 1, 3, 5]
           ]:
Points:=[[6, 61],[11, 60],[15, 59],[20, 58],[24, 56],[28, 54],[33, 52]
       ,[36, 49],[40, 46],[43, 43],[47, 39],[49, 36],[52, 32],[54, 28]
       ,[56, 24],[58, 19],[59, 15],[60, 10],[61, 5],[61, 1],[61, -4]
       ,[60, -9],[60, -13],[58, -18],[57, -22],[55, -26],[53, -31],[50, -34]
       ,[48, -38],[44, -42],[41, -45],[38, -48],[34, -51],[30, -53],[26, -55]
       ,[21, -57],[17, -59],[12, -60],[8, -61],[3, -61] ]:
PointSelection := "QuasiUniformPointsAss(40,61)":
Machine := "Pieri":
##############################################################################
Instance:=25000:
PreTime:=   5813.95:
GroebnerTime:=   7439.18:
RealTime:=   5295.15:
Table:=[[1951,17519,5530]
       ,[0,18935,6065]
       ,[0,14852,10148]
       ,[0,20512,4488]
       ,[0,19234,5766]
       ,[1159,18410,5431]
       ,[0,9384,15616]
       ,[0,10713,14287]
       ,[1478,12348,11174]
       ,[121,9795,15084]
       ,[4357,10512,10131]
       ,[687,8952,15361]
       ,[3917,9884,11199]
       ,[0,10944,14056]
       ,[269,8948,15783]
       ,[0,8239,16761]]:
CoefficientHeight:=   39.5:
