##############################################################################
#
#  Data for the enumerative problem
#  W2A214X2Ye2X = 4 on Schubert
#
##############################################################################
FlagVariety:=[1, 2, 3, 5]:
Label := "W2A214X2Ye2X":
EnumerativeProblem:=[ [3, 1, 2, 4, 5] ,[2, 1, 4, 3, 5]
                     ,[1, 4, 2, 3, 5] ,[1, 2, 4, 3, 5]
                     ,[1, 2, 4, 3, 5] ,[1, 3, 2, 4, 5]
                    ]:
NumberOfSolutions := 4:
Necklaces:=[ [1, 2, 3, 4, 5] ,[1, 2, 3, 5, 4]
            ,[1, 2, 4, 5, 3] ,[1, 3, 2, 4, 5]
            ,[1, 3, 2, 5, 4] ,[1, 4, 2, 3, 5]
            ,[1, 5, 2, 3, 4] ,[1, 4, 2, 5, 3]
            ,[1, 5, 2, 4, 3] ,[1, 3, 4, 5, 2]
            ,[1, 4, 3, 5, 2] ,[1, 5, 3, 4, 2]
            ,[2, 1, 3, 4, 5] ,[2, 1, 3, 5, 4]
            ,[2, 1, 4, 5, 3] ,[3, 1, 2, 4, 5]
            ,[3, 1, 2, 5, 4] ,[4, 1, 2, 3, 5]
            ,[4, 1, 2, 5, 3] ,[3, 1, 4, 5, 2]
            ,[4, 1, 3, 5, 2] ,[2, 3, 1, 4, 5]
            ,[2, 3, 1, 5, 4] ,[2, 4, 1, 3, 5]
            ,[2, 4, 1, 5, 3] ,[3, 2, 1, 4, 5]
            ,[3, 2, 1, 5, 4] ,[4, 2, 1, 3, 5]
            ,[3, 4, 1, 2, 5] ,[4, 3, 1, 2, 5]
           ]:
Points:=[[6, 71],[10, 70],[14, 70],[19, 68],[23, 67],[27, 66],[31, 64]
       ,[35, 62],[39, 60],[42, 57],[46, 54],[49, 51],[52, 48],[55, 45]
       ,[58, 42],[60, 38],[62, 34],[64, 30],[66, 26],[67, 22],[69, 18]
       ,[70, 14],[70, 9],[71, 5],[71, 1],[71, -4],[71, -8],[70, -12]
       ,[69, -17],[68, -21],[66, -25],[65, -29],[63, -33],[61, -37],[58, -40]
       ,[56, -44],[53, -47],[50, -50],[47, -53],[43, -56],[40, -59],[36, -61]
       ,[32, -63],[28, -65],[24, -67],[20, -68],[16, -69],[12, -70],[7, -71]
       ,[3, -71] ]:
PointSelection := "QuasiUniformPointsAss(50,71)":
Machine := "Schubert":
##############################################################################
Instance:=25000:
PreTime:=   7874.17:
GroebnerTime:=  31263.76:
RealTime:=  10983.88:
Table:=[[0,1301,23699]
       ,[0,11286,13714]
       ,[0,0,25000]
       ,[0,6071,18929]
       ,[0,6112,18888]
       ,[0,0,25000]
       ,[0,0,25000]
       ,[0,1808,23192]
       ,[0,11980,13020]
       ,[0,2309,22691]
       ,[0,8682,16318]
       ,[0,11489,13511]
       ,[2184,6844,15972]
       ,[2927,13655,8418]
       ,[952,9942,14106]
       ,[960,9818,14222]
       ,[2294,12591,10115]
       ,[2702,6287,16011]
       ,[1235,11600,12165]
       ,[434,10271,14295]
       ,[0,5667,19333]
       ,[83,8621,16296]
       ,[1059,11330,12611]
       ,[0,3808,21192]
       ,[1033,11687,12280]
       ,[2102,9157,13741]
       ,[35,13508,11457]
       ,[119,8653,16228]
       ,[0,3302,21698]
       ,[7,2063,22930]]:
CoefficientHeight:=   36.9:
