##############################################################################
#
#  Data for the enumerative problem
#  A215A214YXe3 = 5 on Schubert
#
##############################################################################
FlagVariety:=[1, 2, 3, 5]:
Label := "A215A214YXe3":
EnumerativeProblem:=[ [2, 1, 5, 3, 4] ,[2, 1, 4, 3, 5]
                     ,[1, 2, 4, 3, 5] ,[1, 3, 2, 4, 5]
                     ,[1, 3, 2, 4, 5] ,[1, 3, 2, 4, 5]
                    ]:
NumberOfSolutions := 5:
Necklaces:=[ [1, 2, 3, 4, 5] ,[1, 3, 2, 4, 5]
            ,[1, 4, 2, 3, 5] ,[1, 5, 2, 3, 4]
            ,[2, 1, 3, 4, 5] ,[3, 1, 2, 4, 5]
            ,[4, 1, 2, 3, 5] ,[2, 3, 1, 4, 5]
            ,[2, 4, 1, 3, 5] ,[3, 2, 1, 4, 5]
           ]:
Points:=[[6, 61],[11, 60],[15, 59],[20, 58],[24, 56],[28, 54],[33, 52]
       ,[36, 49],[40, 46],[43, 43],[47, 39],[49, 36],[52, 32],[54, 28]
       ,[56, 24],[58, 19],[59, 15],[60, 10],[61, 5],[61, 1],[61, -4]
       ,[60, -9],[60, -13],[58, -18],[57, -22],[55, -26],[53, -31],[50, -34]
       ,[48, -38],[44, -42],[41, -45],[38, -48],[34, -51],[30, -53],[26, -55]
       ,[21, -57],[17, -59],[12, -60],[8, -61],[3, -61] ]:
PointSelection := "QuasiUniformPointsAss(40,61)":
Machine := "Schubert":
##############################################################################
Instance:=25000:
PreTime:=   5142.65:
GroebnerTime:=  14662.68:
RealTime:=   5472.30:
Table:=[[0,11592,13408]
       ,[5195,13577,6228]
       ,[3430,12961,8609]
       ,[8033,8708,8259]
       ,[0,14438,10562]
       ,[4455,14091,6454]
       ,[2711,13018,9271]
       ,[1733,11736,11531]
       ,[2323,9474,13203]
       ,[1391,14970,8639]]:
CoefficientHeight:=   73.7:
