##############################################################################
#
#  Data for the enumerative problem
#  Y2 A214 W Xe4  = 5 on Schur
#
##############################################################################
FlagVariety:=[1, 2, 3, 5]:
Label := "Y2 A214 W Xe4 ":
EnumerativeProblem:=[ [1, 2, 5, 3, 4] ,[2, 1, 4, 3, 5]
                     ,[2, 1, 3, 4, 5] ,[1, 3, 2, 4, 5]
                     ,[1, 3, 2, 4, 5] ,[1, 3, 2, 4, 5]
                     ,[1, 3, 2, 4, 5]]:
NumberOfSolutions := 5:
Necklaces:=[ [1, 2, 3, 4, 5, 6] ,[1, 3, 2, 4, 5, 6]
            ,[1, 4, 2, 3, 5, 6] ,[1, 5, 2, 3, 4, 6]
            ,[1, 6, 2, 3, 4, 5] ,[2, 1, 3, 4, 5, 6]
            ,[3, 1, 2, 4, 5, 6] ,[4, 1, 2, 3, 5, 6]
            ,[5, 1, 2, 3, 4, 6] ,[2, 3, 1, 4, 5, 6]
            ,[2, 4, 1, 3, 5, 6] ,[2, 5, 1, 3, 4, 6]
            ,[3, 2, 1, 4, 5, 6] ,[4, 2, 1, 3, 5, 6]
            ,[3, 4, 1, 2, 5, 6]]:
Points:=[[4, 31],[7, 30],[10, 29],[13, 28],[16, 27],[19, 25],[21, 23]
       ,[23, 21],[25, 18],[27, 16],[28, 13],[29, 10],[30, 7],[31, 4]
       ,[31, 1],[31, -3],[30, -6],[30, -9],[29, -12],[27, -15],[26, -17]
       ,[24, -20],[22, -22],[19, -24],[17, -26],[14, -28],[11, -29],[8, -30]
       ,[5, -31],[2, -31] ]:
PointSelection := "QuasiUniformPointsAss(30,31)":
Machine := "Schur":
##############################################################################
Instance:=25000:
PreTime:=   2423.14:
GroebnerTime:=  21667.55:
RealTime:=   3581.43:
Table:=[[0,0,25000]
       ,[4479,8858,11663]
       ,[205,12616,12179]
       ,[2303,12788,9909]
       ,[1881,5550,17569]
       ,[8991,8078,7931]
       ,[1018,13372,10610]
       ,[8903,11857,4240]
       ,[1412,11744,11844]
       ,[3762,4465,16773]
       ,[4058,10659,10283]
       ,[2134,12487,10379]
       ,[4516,9720,10764]
       ,[3771,9553,11676]
       ,[1751,11474,11775]]:
CoefficientHeight:=   77.2:
