##############################################################################
#
#  Data for the enumerative problem
#  A32A214Ye3X = 5 on Catalina
#
##############################################################################
FlagVariety:=[1, 2, 3, 5]:
Label := "A32A214Ye3X":
EnumerativeProblem:=[ [3, 2, 1, 4, 5] ,[2, 1, 4, 3, 5]
                     ,[1, 2, 4, 3, 5] ,[1, 2, 4, 3, 5]
                     ,[1, 2, 4, 3, 5] ,[1, 3, 2, 4, 5]
                    ]:
NumberOfSolutions := 5:
Necklaces:=[ [1, 2, 3, 4, 5] ,[1, 2, 3, 5, 4]
            ,[1, 2, 4, 5, 3] ,[1, 3, 4, 5, 2]
            ,[2, 1, 3, 4, 5] ,[2, 1, 3, 5, 4]
            ,[2, 1, 4, 5, 3] ,[3, 1, 2, 4, 5]
            ,[3, 1, 2, 5, 4] ,[4, 1, 2, 3, 5]
           ]:
Points:=[[6, 61],[11, 60],[15, 59],[20, 58],[24, 56],[28, 54],[33, 52]
       ,[36, 49],[40, 46],[43, 43],[47, 39],[49, 36],[52, 32],[54, 28]
       ,[56, 24],[58, 19],[59, 15],[60, 10],[61, 5],[61, 1],[61, -4]
       ,[60, -9],[60, -13],[58, -18],[57, -22],[55, -26],[53, -31],[50, -34]
       ,[48, -38],[44, -42],[41, -45],[38, -48],[34, -51],[30, -53],[26, -55]
       ,[21, -57],[17, -59],[12, -60],[8, -61],[3, -61] ]:
PointSelection := "QuasiUniformPointsAss(40,61)":
Machine := "Catalina":
##############################################################################
Instance:=25000:
PreTime:=   1982.73:
GroebnerTime:=   4844.71:
RealTime:=   2276.36:
Table:=[[0,0,25000]
       ,[3344,5890,15766]
       ,[1629,10439,12932]
       ,[2984,7180,14836]
       ,[3030,7492,14478]
       ,[3230,9792,11978]
       ,[3511,9980,11509]
       ,[684,13142,11174]
       ,[3957,11219,9824]
       ,[4577,6936,13487]]:
CoefficientHeight:=   47.2:
