##############################################################################
#
#  Data for the enumerative problem
#  A314A214YXe3 = 5 on Pieri
#
##############################################################################
FlagVariety:=[1, 2, 3, 5]:
Label := "A314A214YXe3":
EnumerativeProblem:=[ [3, 1, 4, 2, 5] ,[2, 1, 4, 3, 5]
                     ,[1, 2, 4, 3, 5] ,[1, 3, 2, 4, 5]
                     ,[1, 3, 2, 4, 5] ,[1, 3, 2, 4, 5]
                    ]:
NumberOfSolutions := 5:
Necklaces:=[ [1, 2, 3, 4, 5] ,[1, 3, 2, 4, 5]
            ,[1, 4, 2, 3, 5] ,[1, 5, 2, 3, 4]
            ,[2, 1, 3, 4, 5] ,[3, 1, 2, 4, 5]
            ,[4, 1, 2, 3, 5] ,[2, 3, 1, 4, 5]
            ,[2, 4, 1, 3, 5] ,[3, 2, 1, 4, 5]
           ]:
Points:=[[6, 61],[11, 60],[15, 59],[20, 58],[24, 56],[28, 54],[33, 52]
       ,[36, 49],[40, 46],[43, 43],[47, 39],[49, 36],[52, 32],[54, 28]
       ,[56, 24],[58, 19],[59, 15],[60, 10],[61, 5],[61, 1],[61, -4]
       ,[60, -9],[60, -13],[58, -18],[57, -22],[55, -26],[53, -31],[50, -34]
       ,[48, -38],[44, -42],[41, -45],[38, -48],[34, -51],[30, -53],[26, -55]
       ,[21, -57],[17, -59],[12, -60],[8, -61],[3, -61] ]:
PointSelection := "QuasiUniformPointsAss(40,61)":
Machine := "Pieri":
##############################################################################
Instance:=25000:
PreTime:=   4382.81:
GroebnerTime:=   8792.41:
RealTime:=   5642.59:
Table:=[[0,0,25000]
       ,[2906,5226,16868]
       ,[0,4935,20065]
       ,[0,5119,19881]
       ,[0,11605,13395]
       ,[4299,7967,12734]
       ,[351,10005,14644]
       ,[0,5036,19964]
       ,[3596,7698,13706]
       ,[2167,11157,11676]]:
CoefficientHeight:=   42.1:
