##############################################################################
#
#  Data for the enumerative problem
#  A143W2A214YX = 3 on Pieri
#
##############################################################################
FlagVariety:=[1, 2, 3, 5]:
Label := "A143W2A214YX":
EnumerativeProblem:=[ [1, 4, 3, 2, 5] ,[3, 1, 2, 4, 5]
                     ,[2, 1, 4, 3, 5] ,[1, 2, 4, 3, 5]
                     ,[1, 3, 2, 4, 5]]:
NumberOfSolutions := 3:
Necklaces:=[ [3, 2, 1, 4] ,[1, 4, 2, 3]
            ,[4, 2, 1, 3] ,[1, 3, 2, 4]
            ,[2, 1, 3, 4] ,[1, 2, 3, 4]
            ,[1, 2, 4, 3] ,[1, 4, 3, 2]
            ,[2, 1, 4, 3] ,[3, 1, 2, 4]
            ,[3, 1, 4, 2] ,[2, 3, 1, 4]
           ]:
Points:=[[8, 81],[14, 80],[20, 78],[26, 77],[32, 74],[38, 72],[43, 69]
       ,[48, 65],[53, 61],[58, 57],[62, 52],[66, 47],[69, 42],[72, 37]
       ,[75, 31],[77, 25],[79, 19],[80, 13],[81, 7],[81, 1],[81, -5]
       ,[80, -11],[79, -17],[78, -23],[76, -29],[73, -35],[70, -41],[67, -46]
       ,[63, -51],[59, -55],[55, -60],[50, -64],[45, -67],[40, -71],[34, -73]
       ,[28, -76],[22, -78],[16, -79],[10, -80],[4, -81] ]:
PointSelection := "QuasiUniformPointsAss(40,81)":
Machine := "Pieri":
##############################################################################
Instance:=25000:
PreTime:=   4561.13:
GroebnerTime:=   2983.79:
RealTime:=   3149.19:
Table:=[[0,25000]
       ,[11844,13156]
       ,[5871,19129]
       ,[8842,16158]
       ,[6264,18736]
       ,[3614,21386]
       ,[12254,12746]
       ,[6520,18480]
       ,[4102,20898]
       ,[5069,19931]
       ,[3008,21992]
       ,[1418,23582]]:
CoefficientHeight:=   24.0:
