##############################################################################
#
#  Data for the enumerative problem
#  Y11 A214e2 X11 X  = 3 on Noether
#
##############################################################################
FlagVariety:=[1, 2, 3, 5]:
Label := "Y11 A214e2 X11 X ":
EnumerativeProblem:=[ [1, 3, 4, 2, 5] ,[2, 1, 4, 3, 5]
                     ,[2, 1, 4, 3, 5] ,[2, 3, 1, 4, 5]
                     ,[1, 3, 2, 4, 5]]:
NumberOfSolutions := 3:
Necklaces:=[ [1, 2, 3, 4] ,[1, 2, 4, 3]
            ,[1, 3, 2, 4] ,[1, 4, 2, 3]
            ,[1, 3, 4, 2] ,[2, 3, 1, 4]
           ]:
Points:=[[6, 61],[11, 60],[15, 59],[20, 58],[24, 56],[28, 54],[33, 52]
       ,[36, 49],[40, 46],[43, 43],[47, 39],[49, 36],[52, 32],[54, 28]
       ,[56, 24],[58, 19],[59, 15],[60, 10],[61, 5],[61, 1],[61, -4]
       ,[60, -9],[60, -13],[58, -18],[57, -22],[55, -26],[53, -31],[50, -34]
       ,[48, -38],[44, -42],[41, -45],[38, -48],[34, -51],[30, -53],[26, -55]
       ,[21, -57],[17, -59],[12, -60],[8, -61],[3, -61] ]:
PointSelection := "QuasiUniformPointsAss(40,61)":
Machine := "Noether":
##############################################################################
Instance:=25000:
PreTime:=   4999.59:
GroebnerTime:=   2404.57:
RealTime:=   2251.07:
Table:=[[14276,10724]
       ,[19092,5908]
       ,[5187,19813]
       ,[11101,13899]
       ,[9984,15016]
       ,[17070,7930]]:
CoefficientHeight:=   18.3:
