##############################################################################
#
#  Data for the enumerative problem
#  A314 A214 Ye2 Xe2  = 5 on Pieri
#
##############################################################################
FlagVariety:=[1, 2, 3, 5]:
Label := "A314 A214 Ye2 Xe2 ":
EnumerativeProblem:=[ [3, 1, 4, 2, 5] ,[2, 1, 4, 3, 5]
                     ,[1, 2, 4, 3, 5] ,[1, 2, 4, 3, 5]
                     ,[1, 3, 2, 4, 5] ,[1, 3, 2, 4, 5]
                    ]:
NumberOfSolutions := 5:
Necklaces:=[ [1, 2, 3, 4, 5] ,[1, 2, 4, 3, 5]
            ,[1, 2, 5, 3, 4] ,[1, 3, 4, 2, 5]
            ,[1, 3, 5, 2, 4] ,[1, 4, 5, 2, 3]
            ,[2, 1, 3, 4, 5] ,[2, 1, 4, 3, 5]
            ,[2, 1, 5, 3, 4] ,[3, 1, 2, 4, 5]
            ,[4, 1, 2, 3, 5] ,[3, 1, 4, 2, 5]
            ,[3, 1, 5, 2, 4] ,[4, 1, 3, 2, 5]
            ,[2, 3, 4, 1, 5] ,[3, 2, 4, 1, 5]
           ]:
Points:=[[4, 31],[7, 30],[10, 29],[13, 28],[16, 27],[19, 25],[21, 23]
       ,[23, 21],[25, 18],[27, 16],[28, 13],[29, 10],[30, 7],[31, 4]
       ,[31, 1],[31, -3],[30, -6],[30, -9],[29, -12],[27, -15],[26, -17]
       ,[24, -20],[22, -22],[19, -24],[17, -26],[14, -28],[11, -29],[8, -30]
       ,[5, -31],[2, -31] ]:
PointSelection := "QuasiUniformPointsAss(30,31)":
Machine := "Pieri":
##############################################################################
Instance:=25000:
PreTime:=   4279.12:
GroebnerTime:=  16995.53:
RealTime:=   7478.33:
Table:=[[0,0,25000]
       ,[3777,7886,13337]
       ,[0,9912,15088]
       ,[0,8162,16838]
       ,[4463,10466,10071]
       ,[2869,2383,19748]
       ,[0,2265,22735]
       ,[4112,10372,10516]
       ,[5164,11294,8542]
       ,[2177,7216,15607]
       ,[0,3346,21654]
       ,[0,12227,12773]
       ,[0,2392,22608]
       ,[0,7910,17090]
       ,[0,2021,22979]
       ,[0,8585,16415]]:
CoefficientHeight:=   39.0:
