##############################################################################
#
#  Data for the enumerative problem
#  Y21A214YWXe2 = 4 on Schubert
#
##############################################################################
FlagVariety:=[1, 2, 3, 5]:
Label := "Y21A214YWXe2":
EnumerativeProblem:=[ [1, 3, 5, 2, 4] ,[2, 1, 4, 3, 5]
                     ,[1, 2, 4, 3, 5] ,[2, 1, 3, 4, 5]
                     ,[1, 3, 2, 4, 5] ,[1, 3, 2, 4, 5]
                    ]:
NumberOfSolutions := 4:
Necklaces:=[ [1, 2, 3, 4, 5] ,[1, 2, 4, 3, 5]
            ,[1, 2, 5, 3, 4] ,[1, 3, 2, 4, 5]
            ,[1, 4, 2, 3, 5] ,[1, 5, 2, 3, 4]
            ,[1, 3, 4, 2, 5] ,[1, 3, 5, 2, 4]
            ,[1, 4, 3, 2, 5] ,[1, 5, 3, 2, 4]
            ,[1, 4, 5, 2, 3] ,[1, 5, 4, 2, 3]
            ,[2, 1, 3, 4, 5] ,[2, 1, 4, 3, 5]
            ,[2, 1, 5, 3, 4] ,[3, 1, 2, 4, 5]
            ,[4, 1, 2, 3, 5] ,[3, 1, 4, 2, 5]
            ,[3, 1, 5, 2, 4] ,[4, 1, 3, 2, 5]
            ,[4, 1, 5, 2, 3] ,[2, 3, 1, 4, 5]
            ,[2, 4, 1, 3, 5] ,[3, 2, 1, 4, 5]
            ,[4, 2, 1, 3, 5] ,[3, 4, 1, 2, 5]
            ,[4, 3, 1, 2, 5] ,[2, 3, 4, 1, 5]
            ,[2, 4, 3, 1, 5] ,[3, 2, 4, 1, 5]
           ]:
Points:=[[8, 81],[14, 80],[20, 78],[26, 77],[32, 74],[38, 72],[43, 69]
       ,[48, 65],[53, 61],[58, 57],[62, 52],[66, 47],[69, 42],[72, 37]
       ,[75, 31],[77, 25],[79, 19],[80, 13],[81, 7],[81, 1],[81, -5]
       ,[80, -11],[79, -17],[78, -23],[76, -29],[73, -35],[70, -41],[67, -46]
       ,[63, -51],[59, -55],[55, -60],[50, -64],[45, -67],[40, -71],[34, -73]
       ,[28, -76],[22, -78],[16, -79],[10, -80],[4, -81] ]:
PointSelection := "QuasiUniformPointsAss(40,81)":
Machine := "Schubert":
##############################################################################
Instance:=25000:
PreTime:=   5767.03:
GroebnerTime:=  21314.90:
RealTime:=  10328.63:
Table:=[[0,8842,16139]
       ,[546,11240,13195]
       ,[120,8497,16364]
       ,[0,12515,12466]
       ,[0,7711,17270]
       ,[0,0,24981]
       ,[307,7899,16775]
       ,[4017,11161,9803]
       ,[137,5210,19634]
       ,[2578,7484,14919]
       ,[10,7482,17489]
       ,[411,10547,14023]
       ,[0,0,24981]
       ,[3263,4017,17701]
       ,[1336,11528,12117]
       ,[0,7641,17340]
       ,[42,4839,20100]
       ,[0,10425,14556]
       ,[5,4484,20492]
       ,[0,7411,17570]
       ,[0,10396,14585]
       ,[0,11389,13592]
       ,[106,14114,10761]
       ,[0,12430,12551]
       ,[0,11222,13759]
       ,[0,6400,18581]
       ,[1357,7641,15983]
       ,[787,13260,10934]
       ,[421,13838,10722]
       ,[0,10823,14158]]:
CoefficientHeight:=   35.1:
