##############################################################################
#
#  Data for the enumerative problem
#  A214X2Ye2We2X = 4 on Noether
#
##############################################################################
FlagVariety:=[1, 2, 3, 5]:
Label := "A214X2Ye2We2X":
EnumerativeProblem:=[ [2, 1, 4, 3, 5] ,[1, 4, 2, 3, 5]
                     ,[1, 2, 4, 3, 5] ,[1, 2, 4, 3, 5]
                     ,[2, 1, 3, 4, 5] ,[2, 1, 3, 4, 5]
                     ,[1, 3, 2, 4, 5]]:
NumberOfSolutions := 4:
Necklaces:=[ [3, 1, 2, 4, 5, 6] ,[2, 1, 5, 3, 4, 6]
            ,[2, 1, 4, 3, 5, 6] ,[2, 1, 3, 4, 5, 6]
            ,[1, 4, 5, 2, 3, 6] ,[4, 1, 2, 3, 5, 6]
            ,[5, 1, 3, 2, 4, 6] ,[4, 1, 3, 2, 5, 6]
            ,[3, 1, 5, 2, 4, 6] ,[3, 1, 4, 2, 5, 6]
            ,[5, 1, 2, 3, 4, 6] ,[3, 5, 6, 1, 2, 4]
            ,[4, 2, 3, 1, 5, 6] ,[3, 2, 5, 1, 4, 6]
            ,[3, 2, 4, 1, 5, 6] ,[2, 4, 5, 1, 3, 6]
            ,[2, 3, 5, 1, 4, 6] ,[2, 3, 4, 1, 5, 6]
            ,[1, 4, 6, 2, 5, 3] ,[6, 2, 4, 1, 5, 3]
            ,[5, 1, 4, 2, 3, 6] ,[4, 1, 5, 2, 3, 6]
            ,[6, 1, 2, 3, 5, 4] ,[1, 2, 3, 4, 5, 6]
            ,[4, 2, 5, 1, 6, 3] ,[4, 1, 5, 2, 6, 3]
            ,[2, 3, 4, 5, 6, 1] ,[3, 4, 5, 1, 6, 2]
            ,[4, 5, 6, 1, 2, 3] ,[5, 3, 6, 1, 2, 4]
            ,[5, 2, 6, 1, 3, 4] ,[5, 1, 6, 2, 3, 4]
            ,[6, 3, 4, 1, 2, 5] ,[6, 2, 4, 1, 3, 5]
            ,[6, 2, 3, 1, 4, 5] ,[6, 1, 4, 2, 3, 5]
            ,[6, 2, 5, 3, 4, 1] ,[6, 1, 3, 2, 4, 5]
            ,[5, 1, 4, 3, 6, 2] ,[6, 1, 2, 3, 4, 5]
            ,[4, 3, 5, 1, 2, 6] ,[3, 4, 5, 1, 2, 6]
            ,[5, 2, 4, 1, 3, 6] ,[4, 2, 5, 1, 3, 6]
            ,[5, 2, 3, 1, 4, 6] ,[6, 1, 5, 3, 4, 2]
            ,[1, 2, 6, 4, 5, 3] ,[5, 1, 6, 3, 4, 2]
            ,[6, 1, 2, 4, 5, 3] ,[2, 1, 3, 5, 6, 4]
            ,[1, 2, 3, 5, 6, 4] ,[6, 3, 5, 2, 4, 1]
            ,[6, 1, 4, 3, 5, 2] ,[1, 2, 5, 4, 6, 3]
            ,[6, 3, 4, 2, 5, 1] ,[6, 4, 5, 1, 3, 2]
            ,[2, 5, 6, 1, 4, 3] ,[5, 4, 6, 1, 3, 2]
            ,[6, 2, 5, 1, 4, 3] ,[6, 1, 5, 2, 4, 3]
            ,[2, 3, 6, 1, 5, 4] ,[3, 1, 6, 2, 5, 4]
            ,[2, 1, 6, 3, 5, 4] ,[1, 3, 6, 2, 5, 4]
            ,[4, 1, 6, 3, 5, 2] ,[5, 1, 2, 4, 6, 3]
            ,[4, 1, 5, 3, 6, 2] ,[4, 5, 6, 1, 3, 2]
            ,[5, 2, 6, 1, 4, 3] ,[6, 2, 3, 1, 5, 4]
            ,[3, 2, 4, 1, 6, 5] ,[2, 3, 4, 1, 6, 5]
            ,[4, 1, 3, 2, 6, 5] ,[3, 1, 4, 2, 6, 5]
            ,[4, 1, 2, 3, 6, 5] ,[2, 1, 4, 3, 6, 5]
            ,[1, 3, 4, 2, 6, 5] ,[1, 2, 4, 3, 6, 5]
            ,[6, 1, 3, 4, 5, 2] ,[1, 2, 4, 5, 6, 3]
            ,[6, 2, 4, 3, 5, 1] ,[2, 4, 6, 1, 5, 3]
            ,[5, 1, 3, 4, 6, 2] ,[2, 3, 5, 1, 6, 4]
            ,[3, 1, 5, 2, 6, 4] ,[2, 4, 5, 1, 6, 3]
            ,[4, 1, 3, 5, 6, 2] ,[4, 3, 6, 1, 2, 5]
            ,[4, 2, 6, 1, 3, 5] ,[4, 1, 6, 2, 3, 5]
           ]:
Points:=[[6, 61],[11, 60],[15, 59],[20, 58],[24, 56],[28, 54],[33, 52]
       ,[36, 49],[40, 46],[43, 43],[47, 39],[49, 36],[52, 32],[54, 28]
       ,[56, 24],[58, 19],[59, 15],[60, 10],[61, 5],[61, 1],[61, -4]
       ,[60, -9],[60, -13],[58, -18],[57, -22],[55, -26],[53, -31],[50, -34]
       ,[48, -38],[44, -42],[41, -45],[38, -48],[34, -51],[30, -53],[26, -55]
       ,[21, -57],[17, -59],[12, -60],[8, -61],[3, -61] ]:
PointSelection := "QuasiUniformPointsAss(40,61)":
Machine := "Noether":
##############################################################################
Instance:=25000:
PreTime:=  11312.17:
GroebnerTime:=  55714.45:
RealTime:=  26220.29:
Table:=[[2993,5883,16124]
       ,[2043,12919,10038]
       ,[2133,12328,10539]
       ,[243,9253,15504]
       ,[1112,9832,14056]
       ,[4229,10393,10378]
       ,[0,11538,13462]
       ,[400,15810,8790]
       ,[1049,11094,12857]
       ,[453,12647,11900]
       ,[352,9819,14829]
       ,[0,0,25000]
       ,[140,10084,14776]
       ,[195,15085,9720]
       ,[87,10231,14682]
       ,[2829,12442,9729]
       ,[4138,13972,6890]
       ,[2034,10337,12629]
       ,[1720,15030,8250]
       ,[1082,13058,10860]
       ,[1197,12660,11143]
       ,[1397,13718,9885]
       ,[1680,11454,11866]
       ,[20,2628,22352]
       ,[861,11386,12753]
       ,[169,12026,12805]
       ,[0,2743,22257]
       ,[0,3662,21338]
       ,[0,0,25000]
       ,[0,8484,16516]
       ,[0,3489,21511]
       ,[0,4536,20464]
       ,[0,0,25000]
       ,[0,4945,20055]
       ,[0,8770,16230]
       ,[1602,15054,8344]
       ,[14,14903,10083]
       ,[136,7359,17505]
       ,[844,12041,12115]
       ,[0,3570,21430]
       ,[0,8973,16027]
       ,[0,13874,11126]
       ,[208,7973,16819]
       ,[0,12301,12699]
       ,[178,9171,15651]
       ,[1798,7862,15340]
       ,[60,10034,14906]
       ,[1015,10063,13922]
       ,[1638,7837,15525]
       ,[0,6142,18858]
       ,[0,549,24451]
       ,[27,6864,18109]
       ,[4356,11370,9274]
       ,[0,9311,15689]
       ,[9,10986,14005]
       ,[48,6944,18008]
       ,[0,7539,17461]
       ,[15,2223,22762]
       ,[34,12495,12471]
       ,[108,9097,15795]
       ,[0,15745,9255]
       ,[0,4649,20351]
       ,[140,8143,16717]
       ,[798,11716,12486]
       ,[608,13173,11219]
       ,[2162,5605,17233]
       ,[289,13073,11638]
       ,[214,736,24050]
       ,[336,15095,9569]
       ,[78,15556,9366]
       ,[5,8045,16950]
       ,[0,10148,14852]
       ,[0,11478,13522]
       ,[0,13120,11880]
       ,[0,954,24046]
       ,[18,7662,17320]
       ,[2041,10424,12535]
       ,[2019,11053,11928]
       ,[2963,14371,7666]
       ,[0,11238,13762]
       ,[104,9634,15262]
       ,[0,12692,12308]
       ,[200,9227,15573]
       ,[283,14744,9973]
       ,[0,11801,13199]
       ,[0,5254,19746]
       ,[0,11293,13707]
       ,[0,1541,23459]
       ,[0,3683,21317]
       ,[0,5966,19034]]:
CoefficientHeight:=   39.7:
