##############################################################################
#
#  Data for the enumerative problem
#  A2143e3 Xe2 Y  = 7 on Cataldi.Math.Umass.Edu
#  1000 iterations planned  
#
##############################################################################
FlagVariety:=[1, 2, 3, 5]:
Label := "A2143e3 Xe2 Y ":
EnumerativeProblem:=[ [2, 1, 4, 3, 5] ,[2, 1, 4, 3, 5]
                     ,[2, 1, 4, 3, 5] ,[1, 3, 2, 4, 5]
                     ,[1, 3, 2, 4, 5] ,[1, 2, 4, 3, 5]
                    ]:
NumberOfSolutions := 7:
Necklaces:=[ [1, 2, 3, 4, 5] ,[1, 2, 3, 5, 4]
            ,[1, 3, 2, 4, 5] ,[1, 3, 2, 5, 4]
            ,[1, 4, 2, 3, 5] ,[2, 4, 1, 3, 5]
           ]:
Points:=[[8, 60],[14, 59],[20, 58],[26, 55],[31, 52],[37, 49],[41, 45]
       ,[46, 41],[49, 36],[53, 31],[56, 25],[58, 19],[60, 13],[61, 7]
       ,[61, 1],[61, -5],[60, -11],[59, -17],[56, -23],[54, -29],[51, -34]
       ,[47, -39],[43, -43],[38, -48],[33, -51],[28, -54],[22, -57],[16, -59]
       ,[10, -60],[4, -61] ]:
PointSelection := "QuasiUniformPointsAss(30,61)":
Machine := "Cataldi.Math.Umass.Edu":
NumberOfIterations := 1000:
##############################################################################
Instance:=10000:
PreTime:=   1407.68:
GroebnerTime:= 131653.97:
RealTime:=   2140.09:
Table:=[[0,5941,3808,251]
       ,[0,0,7638,2362]
       ,[0,0,3897,6103]
       ,[0,2029,6273,1698]
       ,[0,6206,3583,211]
       ,[0,0,2820,7180]]:
CoefficientHeight:=  209.0:
