##############################################################################
#
#  Data for the enumerative problem
#  X21 A214e2 Y X  = 4 on Pieri
#
##############################################################################
FlagVariety:=[1, 2, 3, 5]:
Label := "X21 A214e2 Y X ":
EnumerativeProblem:=[ [2, 4, 1, 3, 5] ,[2, 1, 4, 3, 5]
                     ,[2, 1, 4, 3, 5] ,[1, 2, 4, 3, 5]
                     ,[1, 3, 2, 4, 5]]:
NumberOfSolutions := 4:
Necklaces:=[ [1, 2, 3, 4] ,[1, 2, 4, 3]
            ,[1, 3, 2, 4] ,[1, 4, 2, 3]
            ,[1, 3, 4, 2] ,[2, 3, 1, 4]
           ]:
Points:=[[6, 61],[11, 60],[15, 59],[20, 58],[24, 56],[28, 54],[33, 52]
       ,[36, 49],[40, 46],[43, 43],[47, 39],[49, 36],[52, 32],[54, 28]
       ,[56, 24],[58, 19],[59, 15],[60, 10],[61, 5],[61, 1],[61, -4]
       ,[60, -9],[60, -13],[58, -18],[57, -22],[55, -26],[53, -31],[50, -34]
       ,[48, -38],[44, -42],[41, -45],[38, -48],[34, -51],[30, -53],[26, -55]
       ,[21, -57],[17, -59],[12, -60],[8, -61],[3, -61] ]:
PointSelection := "QuasiUniformPointsAss(40,61)":
Machine := "Pieri":
##############################################################################
Instance:=25000:
PreTime:=   4175.07:
GroebnerTime:=   2595.20:
RealTime:=   2480.78:
Table:=[[0,0,25000]
       ,[0,14217,10783]
       ,[0,4683,20317]
       ,[0,6356,18644]
       ,[0,6039,18961]
       ,[0,18588,6412]]:
CoefficientHeight:=   25.3:
