##############################################################################
#
#  Data for the enumerative problem
#  Y11W2A214YXe2 = 4 on Noether
#
##############################################################################
FlagVariety:=[1, 2, 3, 5]:
Label := "Y11W2A214YXe2":
EnumerativeProblem:=[ [1, 3, 4, 2, 5] ,[3, 1, 2, 4, 5]
                     ,[2, 1, 4, 3, 5] ,[1, 2, 4, 3, 5]
                     ,[1, 3, 2, 4, 5] ,[1, 3, 2, 4, 5]
                    ]:
NumberOfSolutions := 4:
Necklaces:=[ [1, 2, 3, 4, 5] ,[1, 2, 4, 3, 5]
            ,[1, 2, 5, 3, 4] ,[1, 3, 2, 4, 5]
            ,[1, 4, 2, 3, 5] ,[1, 5, 2, 3, 4]
            ,[1, 3, 4, 2, 5] ,[1, 3, 5, 2, 4]
            ,[1, 4, 3, 2, 5] ,[1, 5, 3, 2, 4]
            ,[1, 4, 5, 2, 3] ,[1, 5, 4, 2, 3]
            ,[2, 1, 3, 4, 5] ,[2, 1, 4, 3, 5]
            ,[2, 1, 5, 3, 4] ,[3, 1, 2, 4, 5]
            ,[4, 1, 2, 3, 5] ,[3, 1, 4, 2, 5]
            ,[3, 1, 5, 2, 4] ,[4, 1, 3, 2, 5]
            ,[4, 1, 5, 2, 3] ,[2, 3, 1, 4, 5]
            ,[2, 4, 1, 3, 5] ,[3, 2, 1, 4, 5]
            ,[4, 2, 1, 3, 5] ,[3, 4, 1, 2, 5]
            ,[4, 3, 1, 2, 5] ,[2, 3, 4, 1, 5]
            ,[2, 4, 3, 1, 5] ,[3, 2, 4, 1, 5]
           ]:
Points:=[[6, 61],[11, 60],[15, 59],[20, 58],[24, 56],[28, 54],[33, 52]
       ,[36, 49],[40, 46],[43, 43],[47, 39],[49, 36],[52, 32],[54, 28]
       ,[56, 24],[58, 19],[59, 15],[60, 10],[61, 5],[61, 1],[61, -4]
       ,[60, -9],[60, -13],[58, -18],[57, -22],[55, -26],[53, -31],[50, -34]
       ,[48, -38],[44, -42],[41, -45],[38, -48],[34, -51],[30, -53],[26, -55]
       ,[21, -57],[17, -59],[12, -60],[8, -61],[3, -61] ]:
PointSelection := "QuasiUniformPointsAss(40,61)":
Machine := "Noether":
##############################################################################
Instance:=25000:
PreTime:=   6667.75:
GroebnerTime:=  25103.76:
RealTime:=   8184.59:
Table:=[[0,781,24219]
       ,[4313,8320,12367]
       ,[0,2887,22113]
       ,[0,11836,13164]
       ,[156,10593,14251]
       ,[0,12051,12949]
       ,[157,8424,16419]
       ,[1813,5261,17926]
       ,[0,10763,14237]
       ,[1499,10439,13062]
       ,[0,10829,14171]
       ,[0,5309,19691]
       ,[0,6809,18191]
       ,[0,12559,12441]
       ,[0,0,25000]
       ,[0,8695,16305]
       ,[0,11004,13996]
       ,[667,9366,14967]
       ,[0,4712,20288]
       ,[0,15563,9437]
       ,[0,11326,13674]
       ,[0,3235,21765]
       ,[417,4279,20304]
       ,[0,0,25000]
       ,[0,6375,18625]
       ,[602,4239,20159]
       ,[0,12696,12304]
       ,[0,5630,19370]
       ,[0,9304,15696]
       ,[11,4055,20934]]:
CoefficientHeight:=   25.1:
