##############################################################################
#
#  Data for the enumerative problem
#  A143A214Ye2WX = 5 on Praxis
#
##############################################################################
FlagVariety:=[1, 2, 3, 5]:
Label := "A143A214Ye2WX":
EnumerativeProblem:=[ [1, 4, 3, 2, 5] ,[2, 1, 4, 3, 5]
                     ,[1, 2, 4, 3, 5] ,[1, 2, 4, 3, 5]
                     ,[2, 1, 3, 4, 5] ,[1, 3, 2, 4, 5]
                    ]:
NumberOfSolutions := 5:
Necklaces:=[ [1, 2, 3, 4, 5] ,[1, 2, 3, 5, 4]
            ,[1, 2, 4, 3, 5] ,[1, 2, 5, 3, 4]
            ,[1, 2, 4, 5, 3] ,[1, 2, 5, 4, 3]
            ,[1, 3, 4, 2, 5] ,[1, 3, 5, 2, 4]
            ,[1, 4, 5, 2, 3] ,[1, 3, 4, 5, 2]
            ,[1, 3, 5, 4, 2] ,[1, 4, 5, 3, 2]
            ,[2, 1, 3, 4, 5] ,[2, 1, 3, 5, 4]
            ,[2, 1, 4, 3, 5] ,[2, 1, 5, 3, 4]
            ,[2, 1, 4, 5, 3] ,[2, 1, 5, 4, 3]
            ,[3, 1, 2, 4, 5] ,[3, 1, 2, 5, 4]
            ,[4, 1, 2, 3, 5] ,[4, 1, 2, 5, 3]
            ,[3, 1, 4, 2, 5] ,[3, 1, 5, 2, 4]
            ,[4, 1, 3, 2, 5] ,[3, 1, 4, 5, 2]
            ,[4, 1, 3, 5, 2] ,[2, 3, 4, 1, 5]
            ,[3, 2, 4, 1, 5] ,[4, 2, 3, 1, 5]
           ]:
Points:=[[9, 66],[16, 65],[22, 63],[28, 61],[34, 57],[40, 54],[45, 49]
       ,[50, 44],[54, 39],[58, 34],[61, 27],[64, 21],[65, 15],[67, 8]
       ,[67, 1],[67, -6],[66, -12],[64, -19],[62, -25],[59, -32],[56, -37]
       ,[52, -43],[47, -48],[42, -52],[36, -56],[31, -60],[24, -62],[18, -65]
       ,[11, -66],[5, -67] ]:
PointSelection := "QuasiUniformPointsAss(30,67)":
Machine := "Praxis":
##############################################################################
Instance:=25000:
PreTime:=   4543.50:
GroebnerTime:=  16286.38:
RealTime:=  13555.17:
Table:=[[3063,8101,13836]
       ,[3002,6337,15661]
       ,[786,10906,13308]
       ,[6466,9232,9302]
       ,[841,13757,10402]
       ,[1055,12396,11549]
       ,[0,11716,13284]
       ,[3175,12457,9368]
       ,[631,8903,15466]
       ,[0,11290,13710]
       ,[108,11435,13457]
       ,[374,7875,16751]
       ,[3175,6768,15057]
       ,[5639,6716,12645]
       ,[1876,11152,11972]
       ,[621,9166,15213]
       ,[800,11102,13098]
       ,[364,8450,16186]
       ,[0,0,25000]
       ,[3328,7979,13693]
       ,[7309,4390,13301]
       ,[4514,10856,9630]
       ,[0,8666,16334]
       ,[6289,6715,11996]
       ,[5776,4791,14433]
       ,[4343,10498,10159]
       ,[0,13290,11710]
       ,[0,5956,19044]
       ,[0,9309,15691]
       ,[1931,5147,17922]]:
CoefficientHeight:=   32.4:
