##############################################################################
#
#  Data for the enumerative problem
#  A214 X11 Ye2 W Xe2  = 4 on Schubert
#
##############################################################################
FlagVariety:=[1, 2, 3, 5]:
Label := "A214 X11 Ye2 W Xe2 ":
EnumerativeProblem:=[ [2, 1, 4, 3, 5] ,[2, 3, 1, 4, 5]
                     ,[1, 2, 4, 3, 5] ,[1, 2, 4, 3, 5]
                     ,[2, 1, 3, 4, 5] ,[1, 3, 2, 4, 5]
                     ,[1, 3, 2, 4, 5]]:
NumberOfSolutions := 4:
Necklaces:=[ [2, 1, 5, 3, 4, 6] ,[1, 3, 5, 2, 4, 6]
            ,[1, 2, 5, 3, 4, 6] ,[6, 2, 5, 3, 1, 4]
            ,[1, 3, 6, 4, 2, 5] ,[3, 1, 5, 2, 4, 6]
            ,[3, 4, 6, 5, 1, 2] ,[5, 3, 6, 1, 2, 4]
            ,[6, 2, 4, 1, 3, 5] ,[6, 1, 4, 2, 3, 5]
            ,[3, 2, 5, 1, 4, 6] ,[2, 3, 5, 1, 4, 6]
            ,[6, 1, 2, 4, 3, 5] ,[1, 2, 4, 6, 3, 5]
            ,[4, 2, 3, 1, 5, 6] ,[2, 4, 6, 1, 3, 5]
            ,[1, 4, 6, 2, 3, 5] ,[1, 2, 3, 4, 5, 6]
            ,[2, 3, 4, 6, 1, 5] ,[4, 1, 3, 6, 2, 5]
            ,[3, 1, 4, 6, 2, 5] ,[4, 1, 2, 6, 3, 5]
            ,[3, 1, 2, 6, 4, 5] ,[2, 1, 3, 6, 4, 5]
            ,[1, 3, 4, 6, 2, 5] ,[1, 2, 3, 6, 4, 5]
            ,[1, 5, 6, 4, 2, 3] ,[5, 4, 6, 3, 1, 2]
            ,[6, 1, 5, 4, 2, 3] ,[2, 1, 6, 5, 3, 4]
            ,[1, 2, 6, 5, 3, 4] ,[4, 5, 6, 3, 1, 2]
            ,[5, 1, 6, 4, 2, 3] ,[6, 1, 2, 5, 3, 4]
            ,[6, 3, 5, 4, 1, 2] ,[1, 4, 6, 5, 2, 3]
            ,[5, 3, 6, 4, 1, 2] ,[6, 1, 4, 5, 2, 3]
            ,[2, 1, 5, 6, 3, 4] ,[1, 2, 5, 6, 3, 4]
            ,[6, 3, 4, 5, 1, 2] ,[1, 4, 5, 6, 2, 3]
            ,[5, 3, 4, 6, 1, 2] ,[2, 5, 6, 1, 3, 4]
            ,[4, 3, 6, 5, 1, 2] ,[5, 1, 4, 6, 2, 3]
            ,[4, 3, 5, 6, 1, 2] ,[3, 2, 6, 1, 4, 5]
            ,[3, 1, 6, 2, 4, 5] ,[3, 5, 6, 4, 1, 2]
            ,[6, 4, 5, 2, 1, 3] ,[5, 4, 6, 2, 1, 3]
            ,[6, 1, 5, 3, 2, 4] ,[2, 1, 6, 4, 3, 5]
            ,[4, 5, 6, 2, 1, 3] ,[6, 3, 5, 2, 1, 4]
            ,[1, 4, 6, 3, 2, 5] ,[5, 3, 6, 2, 1, 4]
            ,[2, 1, 5, 4, 3, 6] ,[6, 3, 4, 2, 1, 5]
            ,[1, 4, 5, 3, 2, 6] ,[5, 3, 4, 2, 1, 6]
            ,[2, 5, 6, 4, 1, 3] ,[4, 3, 6, 2, 1, 5]
            ,[5, 1, 4, 3, 2, 6] ,[4, 3, 5, 2, 1, 6]
            ,[3, 2, 6, 5, 1, 4] ,[2, 3, 6, 5, 1, 4]
            ,[3, 1, 6, 5, 2, 4] ,[3, 5, 6, 2, 1, 4]
            ,[4, 1, 6, 3, 2, 5] ,[5, 1, 2, 4, 3, 6]
            ,[3, 4, 6, 2, 1, 5] ,[4, 1, 5, 3, 2, 6]
            ,[3, 4, 5, 2, 1, 6] ,[6, 2, 3, 5, 1, 4]
            ,[4, 2, 3, 6, 1, 5] ,[3, 2, 4, 6, 1, 5]
            ,[1, 3, 5, 4, 2, 6] ,[5, 1, 3, 2, 4, 6]
            ,[3, 1, 5, 4, 2, 6] ,[3, 1, 5, 6, 2, 4]
            ,[5, 1, 3, 4, 2, 6] ,[2, 4, 5, 1, 3, 6]
            ,[5, 2, 3, 1, 4, 6] ,[4, 2, 5, 1, 3, 6]
            ,[5, 2, 4, 1, 3, 6] ,[2, 3, 5, 4, 1, 6]
            ,[2, 4, 5, 3, 1, 6] ,[3, 2, 5, 4, 1, 6]
           ]:
Points:=[[6, 41],[10, 40],[14, 39],[17, 37],[21, 35],[25, 33],[28, 30]
       ,[31, 27],[33, 24],[36, 21],[37, 17],[39, 13],[40, 9],[41, 5]
       ,[41, 1],[41, -3],[40, -8],[39, -12],[38, -16],[36, -19],[34, -23]
       ,[32, -26],[29, -29],[26, -32],[22, -34],[19, -36],[15, -38],[11, -40]
       ,[7, -40],[3, -41] ]:
PointSelection := "QuasiUniformPointsAss(30,41)":
Machine := "Schubert":
##############################################################################
Instance:=25000:
PreTime:=  12984.09:
GroebnerTime:=  46086.29:
RealTime:=  28923.07:
Table:=[[1589,10352,13059]
       ,[0,12368,12632]
       ,[1197,12622,11181]
       ,[601,9346,15053]
       ,[1459,13373,10168]
       ,[2051,13272,9677]
       ,[0,12731,12269]
       ,[0,13304,11696]
       ,[443,15561,8996]
       ,[0,17575,7425]
       ,[0,14109,10891]
       ,[19,13547,11434]
       ,[3455,6866,14679]
       ,[734,9402,14864]
       ,[0,8452,16548]
       ,[0,12841,12159]
       ,[0,10741,14259]
       ,[3168,12272,9560]
       ,[0,11695,13305]
       ,[0,4151,20849]
       ,[0,7063,17937]
       ,[0,0,25000]
       ,[0,0,25000]
       ,[0,4589,20411]
       ,[0,12352,12648]
       ,[0,6591,18409]
       ,[0,10214,14786]
       ,[1894,11116,11990]
       ,[0,7607,17393]
       ,[0,3184,21816]
       ,[142,9126,15732]
       ,[1298,10576,13126]
       ,[0,3912,21088]
       ,[0,0,25000]
       ,[679,11781,12540]
       ,[0,14102,10898]
       ,[2299,12320,10381]
       ,[0,13737,11263]
       ,[0,11391,13609]
       ,[1063,8777,15160]
       ,[0,10994,14006]
       ,[0,6397,18603]
       ,[0,9959,15041]
       ,[0,0,25000]
       ,[1388,11027,12585]
       ,[0,5568,19432]
       ,[43,8401,16556]
       ,[0,4092,20908]
       ,[0,5711,19289]
       ,[749,10659,13592]
       ,[4054,10982,9964]
       ,[3355,8851,12794]
       ,[3174,12100,9726]
       ,[977,13418,10605]
       ,[4367,7729,12904]
       ,[632,11808,12560]
       ,[426,11563,13011]
       ,[603,11478,12919]
       ,[884,9911,14205]
       ,[2499,9186,13315]
       ,[3603,9743,11654]
       ,[0,9168,15832]
       ,[1042,12706,11252]
       ,[3039,10377,11584]
       ,[5650,8871,10479]
       ,[616,9704,14680]
       ,[509,9291,15200]
       ,[652,10839,13509]
       ,[0,7964,17036]
       ,[3577,6838,14585]
       ,[1341,12665,10994]
       ,[2878,10078,12044]
       ,[1838,9851,13311]
       ,[2806,9550,12644]
       ,[769,13335,10896]
       ,[0,5542,19458]
       ,[0,10250,14750]
       ,[275,8400,16325]
       ,[5571,11556,7873]
       ,[41,15729,9230]
       ,[2457,12996,9547]
       ,[0,12967,12033]
       ,[3053,14717,7230]
       ,[0,13626,11374]
       ,[0,11695,13305]
       ,[58,12977,11965]
       ,[471,11617,12912]
       ,[183,11720,13097]
       ,[1707,13870,9423]
       ,[83,13372,11545]]:
CoefficientHeight:=   35.4:
