##############################################################################
#
#  Data for the enumerative problem
#  A215A214WXe3 = 3 on Noether
#
##############################################################################
FlagVariety:=[1, 2, 3, 5]:
Label := "A215A214WXe3":
EnumerativeProblem:=[ [2, 1, 5, 3, 4] ,[2, 1, 4, 3, 5]
                     ,[2, 1, 3, 4, 5] ,[1, 3, 2, 4, 5]
                     ,[1, 3, 2, 4, 5] ,[1, 3, 2, 4, 5]
                    ]:
NumberOfSolutions := 3:
Necklaces:=[ [1, 2, 3, 4, 5] ,[1, 3, 2, 4, 5]
            ,[1, 4, 2, 3, 5] ,[1, 5, 2, 3, 4]
            ,[2, 1, 3, 4, 5] ,[3, 1, 2, 4, 5]
            ,[4, 1, 2, 3, 5] ,[2, 3, 1, 4, 5]
            ,[2, 4, 1, 3, 5] ,[3, 2, 1, 4, 5]
           ]:
Points:=[[8, 81],[14, 80],[20, 78],[26, 77],[32, 74],[38, 72],[43, 69]
       ,[48, 65],[53, 61],[58, 57],[62, 52],[66, 47],[69, 42],[72, 37]
       ,[75, 31],[77, 25],[79, 19],[80, 13],[81, 7],[81, 1],[81, -5]
       ,[80, -11],[79, -17],[78, -23],[76, -29],[73, -35],[70, -41],[67, -46]
       ,[63, -51],[59, -55],[55, -60],[50, -64],[45, -67],[40, -71],[34, -73]
       ,[28, -76],[22, -78],[16, -79],[10, -80],[4, -81] ]:
PointSelection := "QuasiUniformPointsAss(40,81)":
Machine := "Noether":
##############################################################################
Instance:=25000:
PreTime:=   4672.72:
GroebnerTime:=   3956.30:
RealTime:=   3274.93:
Table:=[[0,25000]
       ,[14906,10094]
       ,[15576,9424]
       ,[14514,10486]
       ,[6739,18261]
       ,[7169,17831]
       ,[6247,18753]
       ,[15264,9736]
       ,[9934,15066]
       ,[13296,11704]]:
CoefficientHeight:=   38.3:
