##############################################################################
#
#  Data for the enumerative problem
#  Y11A214X2YWX = 4 on Schur
#
##############################################################################
FlagVariety:=[1, 2, 3, 5]:
Label := "Y11A214X2YWX":
EnumerativeProblem:=[ [1, 3, 4, 2, 5] ,[2, 1, 4, 3, 5]
                     ,[1, 4, 2, 3, 5] ,[1, 2, 4, 3, 5]
                     ,[2, 1, 3, 4, 5] ,[1, 3, 2, 4, 5]
                    ]:
NumberOfSolutions := 4:
Necklaces:=[ [1, 2, 3, 4, 5] ,[1, 2, 3, 5, 4]
            ,[1, 2, 4, 3, 5] ,[1, 2, 5, 3, 4]
            ,[1, 2, 4, 5, 3] ,[1, 2, 5, 4, 3]
            ,[1, 3, 2, 4, 5] ,[1, 3, 2, 5, 4]
            ,[1, 4, 2, 3, 5] ,[1, 5, 2, 3, 4]
            ,[1, 4, 2, 5, 3] ,[1, 5, 2, 4, 3]
            ,[1, 3, 4, 2, 5] ,[1, 3, 5, 2, 4]
            ,[1, 4, 3, 2, 5] ,[1, 5, 3, 2, 4]
            ,[1, 4, 5, 2, 3] ,[1, 5, 4, 2, 3]
            ,[1, 3, 4, 5, 2] ,[1, 3, 5, 4, 2]
            ,[1, 4, 3, 5, 2] ,[1, 5, 3, 4, 2]
            ,[1, 4, 5, 3, 2] ,[1, 5, 4, 3, 2]
            ,[2, 1, 3, 4, 5] ,[2, 1, 3, 5, 4]
            ,[2, 1, 4, 3, 5] ,[2, 1, 5, 3, 4]
            ,[2, 1, 4, 5, 3] ,[2, 1, 5, 4, 3]
            ,[3, 1, 2, 4, 5] ,[3, 1, 2, 5, 4]
            ,[4, 1, 2, 3, 5] ,[4, 1, 2, 5, 3]
            ,[3, 1, 4, 2, 5] ,[3, 1, 5, 2, 4]
            ,[4, 1, 3, 2, 5] ,[4, 1, 5, 2, 3]
            ,[3, 1, 4, 5, 2] ,[3, 1, 5, 4, 2]
            ,[4, 1, 3, 5, 2] ,[4, 1, 5, 3, 2]
            ,[2, 3, 1, 4, 5] ,[2, 3, 1, 5, 4]
            ,[2, 4, 1, 3, 5] ,[2, 4, 1, 5, 3]
            ,[3, 2, 1, 4, 5] ,[3, 2, 1, 5, 4]
            ,[4, 2, 1, 3, 5] ,[4, 2, 1, 5, 3]
            ,[3, 4, 1, 2, 5] ,[4, 3, 1, 2, 5]
            ,[3, 4, 1, 5, 2] ,[4, 3, 1, 5, 2]
            ,[2, 3, 4, 1, 5] ,[2, 4, 3, 1, 5]
            ,[3, 2, 4, 1, 5] ,[4, 2, 3, 1, 5]
            ,[3, 4, 2, 1, 5] ,[4, 3, 2, 1, 5]
           ]:
Points:=[[6, 61],[11, 60],[15, 59],[20, 58],[24, 56],[28, 54],[33, 52]
       ,[36, 49],[40, 46],[43, 43],[47, 39],[49, 36],[52, 32],[54, 28]
       ,[56, 24],[58, 19],[59, 15],[60, 10],[61, 5],[61, 1],[61, -4]
       ,[60, -9],[60, -13],[58, -18],[57, -22],[55, -26],[53, -31],[50, -34]
       ,[48, -38],[44, -42],[41, -45],[38, -48],[34, -51],[30, -53],[26, -55]
       ,[21, -57],[17, -59],[12, -60],[8, -61],[3, -61] ]:
PointSelection := "QuasiUniformPointsAss(40,61)":
Machine := "Schur":
##############################################################################
Instance:=25000:
PreTime:=   3858.89:
GroebnerTime:=  39922.65:
RealTime:=   7046.79:
Table:=[[0,9025,15975]
       ,[0,10903,14097]
       ,[0,10201,14799]
       ,[0,3206,21794]
       ,[0,11987,13013]
       ,[0,11221,13779]
       ,[0,5904,19096]
       ,[0,8584,16416]
       ,[0,6971,18029]
       ,[1110,11096,12794]
       ,[0,7467,17533]
       ,[589,6514,17897]
       ,[374,6003,18623]
       ,[0,0,25000]
       ,[1039,10962,12999]
       ,[635,7287,17078]
       ,[0,0,25000]
       ,[0,5942,19058]
       ,[84,13557,11359]
       ,[0,4327,20673]
       ,[202,12728,12070]
       ,[0,7857,17143]
       ,[0,6895,18105]
       ,[0,6238,18762]
       ,[4441,5296,15263]
       ,[752,10481,13767]
       ,[2265,6786,15949]
       ,[0,6498,18502]
       ,[0,7857,17143]
       ,[0,3841,21159]
       ,[0,653,24347]
       ,[0,9229,15771]
       ,[4603,6676,13721]
       ,[4304,6565,14131]
       ,[0,5618,19382]
       ,[1473,7421,16106]
       ,[2918,7305,14777]
       ,[0,7535,17465]
       ,[4508,10475,10017]
       ,[2214,9370,13416]
       ,[0,7849,17151]
       ,[0,0,25000]
       ,[0,3206,21794]
       ,[0,11120,13880]
       ,[0,0,25000]
       ,[0,7773,17227]
       ,[0,7230,17770]
       ,[0,7727,17273]
       ,[0,13068,11932]
       ,[0,12767,12233]
       ,[0,9830,15170]
       ,[0,10011,14989]
       ,[0,10034,14966]
       ,[0,4796,20204]
       ,[37,4289,20674]
       ,[0,7680,17320]
       ,[0,8852,16148]
       ,[0,10023,14977]
       ,[898,10534,13568]
       ,[0,8780,16220]]:
CoefficientHeight:=   23.9:
