##############################################################################
#
#  Data for the enumerative problem
#  A215A214Xe4 = 5 on Pisces
#
##############################################################################
FlagVariety:=[1, 2, 3, 5]:
Label := "A215A214Xe4":
EnumerativeProblem:=[ [2, 1, 5, 3, 4] ,[2, 1, 4, 3, 5]
                     ,[1, 3, 2, 4, 5] ,[1, 3, 2, 4, 5]
                     ,[1, 3, 2, 4, 5] ,[1, 3, 2, 4, 5]
                    ]:
NumberOfSolutions := 5:
Necklaces:=[ [1, 2, 3, 4, 5] ,[2, 1, 3, 4, 5]
            ,[3, 1, 2, 4, 5]]:
Points:=[[6, 61],[11, 60],[15, 59],[20, 58],[24, 56],[28, 54],[33, 52]
       ,[36, 49],[40, 46],[43, 43],[47, 39],[49, 36],[52, 32],[54, 28]
       ,[56, 24],[58, 19],[59, 15],[60, 10],[61, 5],[61, 1],[61, -4]
       ,[60, -9],[60, -13],[58, -18],[57, -22],[55, -26],[53, -31],[50, -34]
       ,[48, -38],[44, -42],[41, -45],[38, -48],[34, -51],[30, -53],[26, -55]
       ,[21, -57],[17, -59],[12, -60],[8, -61],[3, -61] ]:
PointSelection := "QuasiUniformPointsAss(40,61)":
Machine := "Pisces":
##############################################################################
Instance:=25000:
PreTime:=   2306.57:
GroebnerTime:=   2342.77:
RealTime:=   1158.52:
Table:=[[7147,8476,9375]
       ,[1651,14706,8641]
       ,[7008,13133,4857]]:
CoefficientHeight:=   67.5:
