##############################################################################
#
#  Data for the enumerative problem
#  A214e2 X2 Y W X  = 4 on Pieri
#
##############################################################################
FlagVariety:=[1, 2, 3, 5]:
Label := "A214e2 X2 Y W X ":
EnumerativeProblem:=[ [2, 1, 4, 3, 5] ,[2, 1, 4, 3, 5]
                     ,[1, 4, 2, 3, 5] ,[1, 2, 4, 3, 5]
                     ,[2, 1, 3, 4, 5] ,[1, 3, 2, 4, 5]
                    ]:
NumberOfSolutions := 4:
Necklaces:=[ [1, 2, 3, 4, 5] ,[1, 2, 3, 5, 4]
            ,[1, 2, 4, 3, 5] ,[1, 2, 5, 3, 4]
            ,[1, 2, 4, 5, 3] ,[1, 2, 5, 4, 3]
            ,[1, 3, 2, 4, 5] ,[1, 3, 2, 5, 4]
            ,[1, 4, 2, 3, 5] ,[1, 4, 2, 5, 3]
            ,[1, 3, 4, 2, 5] ,[1, 4, 3, 2, 5]
            ,[2, 1, 3, 4, 5] ,[2, 1, 3, 5, 4]
            ,[2, 1, 4, 3, 5] ,[3, 1, 2, 4, 5]
            ,[3, 1, 2, 5, 4] ,[4, 1, 2, 3, 5]
            ,[4, 1, 2, 5, 3] ,[3, 1, 4, 2, 5]
            ,[3, 1, 5, 2, 4] ,[4, 1, 3, 2, 5]
            ,[4, 1, 5, 2, 3] ,[3, 1, 4, 5, 2]
            ,[3, 1, 5, 4, 2] ,[4, 1, 3, 5, 2]
            ,[4, 1, 5, 3, 2] ,[2, 4, 1, 3, 5]
            ,[4, 2, 1, 3, 5] ,[4, 2, 1, 5, 3]
           ]:
Points:=[[4, 41],[7, 40],[10, 40],[13, 39],[16, 38],[19, 36],[22, 35]
       ,[24, 33],[27, 31],[29, 29],[31, 26],[33, 24],[35, 21],[37, 19]
       ,[38, 16],[39, 13],[40, 10],[40, 7],[41, 4],[41, 1],[41, -3]
       ,[41, -6],[40, -9],[39, -12],[38, -15],[37, -18],[36, -21],[34, -23]
       ,[32, -26],[30, -28],[28, -30],[25, -32],[23, -34],[20, -36],[17, -37]
       ,[14, -38],[11, -39],[8, -40],[5, -41],[2, -41] ]:
PointSelection := "QuasiUniformPointsAss(40,41)":
Machine := "Pieri":
##############################################################################
Instance:=25000:
PreTime:=   6338.88:
GroebnerTime:=  14488.65:
RealTime:=   8880.43:
Table:=[[6,15066,9928]
       ,[0,12401,12599]
       ,[1713,16107,7180]
       ,[221,17038,7741]
       ,[0,16129,8871]
       ,[0,7023,17977]
       ,[134,20263,4603]
       ,[0,13626,11374]
       ,[0,19097,5903]
       ,[0,14450,10550]
       ,[0,18807,6193]
       ,[721,18332,5947]
       ,[3,8923,16074]
       ,[3109,10072,11819]
       ,[0,11067,13933]
       ,[12,1723,23265]
       ,[280,9981,14739]
       ,[42,10978,13980]
       ,[0,8492,16508]
       ,[377,6648,17975]
       ,[4407,12256,8337]
       ,[0,9473,15527]
       ,[1850,10440,12710]
       ,[0,11221,13779]
       ,[932,11191,12877]
       ,[0,0,25000]
       ,[0,4868,20132]
       ,[0,11676,13324]
       ,[2968,11967,10065]
       ,[0,3323,21677]]:
CoefficientHeight:=   32.9:
