##############################################################################
#
#  Data for the enumerative problem
#  A143 A214 X2 Y W  = 3 on Noether
#
##############################################################################
FlagVariety:=[1, 2, 3, 5]:
Label := "A143 A214 X2 Y W ":
EnumerativeProblem:=[ [1, 4, 3, 2, 5] ,[2, 1, 4, 3, 5]
                     ,[1, 4, 2, 3, 5] ,[1, 2, 4, 3, 5]
                     ,[2, 1, 3, 4, 5]]:
NumberOfSolutions := 3:
Necklaces:=[ [3, 2, 1, 4] ,[4, 2, 1, 3]
            ,[2, 3, 1, 4] ,[1, 3, 2, 4]
            ,[4, 1, 2, 3] ,[1, 2, 3, 4]
            ,[1, 2, 4, 3] ,[1, 4, 2, 3]
            ,[2, 1, 3, 4] ,[2, 1, 4, 3]
            ,[3, 1, 2, 4] ,[3, 1, 4, 2]
           ]:
Points:=[[6, 61],[11, 60],[15, 59],[20, 58],[24, 56],[28, 54],[33, 52]
       ,[36, 49],[40, 46],[43, 43],[47, 39],[49, 36],[52, 32],[54, 28]
       ,[56, 24],[58, 19],[59, 15],[60, 10],[61, 5],[61, 1],[61, -4]
       ,[60, -9],[60, -13],[58, -18],[57, -22],[55, -26],[53, -31],[50, -34]
       ,[48, -38],[44, -42],[41, -45],[38, -48],[34, -51],[30, -53],[26, -55]
       ,[21, -57],[17, -59],[12, -60],[8, -61],[3, -61] ]:
PointSelection := "QuasiUniformPointsAss(40,61)":
Machine := "Noether":
##############################################################################
Instance:=25000:
PreTime:=   4517.15:
GroebnerTime:=   3180.86:
RealTime:=   3127.54:
Table:=[[6252,18748]
       ,[4379,20621]
       ,[0,25000]
       ,[0,25000]
       ,[13915,11085]
       ,[0,25000]
       ,[0,25000]
       ,[5568,19432]
       ,[8845,16155]
       ,[6414,18586]
       ,[3676,21324]
       ,[0,25000]]:
CoefficientHeight:=   19.2:
