##############################################################################
#
#  Data for the enumerative problem
#  Y2 A214 Y W Xe3  = 5 on Praxis
#
##############################################################################
FlagVariety:=[1, 2, 3, 5]:
Label := "Y2 A214 Y W Xe3 ":
EnumerativeProblem:=[ [1, 2, 5, 3, 4] ,[2, 1, 4, 3, 5]
                     ,[1, 2, 4, 3, 5] ,[2, 1, 3, 4, 5]
                     ,[1, 3, 2, 4, 5] ,[1, 3, 2, 4, 5]
                     ,[1, 3, 2, 4, 5]]:
NumberOfSolutions := 5:
Necklaces:=[ [1, 2, 3, 4, 5, 6] ,[1, 2, 4, 3, 5, 6]
            ,[1, 2, 5, 3, 4, 6] ,[1, 2, 6, 3, 4, 5]
            ,[1, 3, 2, 4, 5, 6] ,[1, 4, 2, 3, 5, 6]
            ,[1, 5, 2, 3, 4, 6] ,[1, 6, 2, 3, 4, 5]
            ,[1, 3, 4, 2, 5, 6] ,[1, 3, 5, 2, 4, 6]
            ,[1, 3, 6, 2, 4, 5] ,[1, 4, 3, 2, 5, 6]
            ,[1, 5, 3, 2, 4, 6] ,[1, 6, 3, 2, 4, 5]
            ,[1, 4, 5, 2, 3, 6] ,[1, 4, 6, 2, 3, 5]
            ,[1, 5, 4, 2, 3, 6] ,[1, 6, 4, 2, 3, 5]
            ,[1, 5, 6, 2, 3, 4] ,[1, 6, 5, 2, 3, 4]
            ,[2, 1, 3, 4, 5, 6] ,[2, 1, 4, 3, 5, 6]
            ,[2, 1, 5, 3, 4, 6] ,[2, 1, 6, 3, 4, 5]
            ,[3, 1, 2, 4, 5, 6] ,[4, 1, 2, 3, 5, 6]
            ,[5, 1, 2, 3, 4, 6] ,[3, 1, 4, 2, 5, 6]
            ,[3, 1, 5, 2, 4, 6] ,[3, 1, 6, 2, 4, 5]
            ,[4, 1, 3, 2, 5, 6] ,[5, 1, 3, 2, 4, 6]
            ,[4, 1, 5, 2, 3, 6] ,[4, 1, 6, 2, 3, 5]
            ,[5, 1, 4, 2, 3, 6] ,[5, 1, 6, 2, 3, 4]
            ,[2, 3, 1, 4, 5, 6] ,[2, 4, 1, 3, 5, 6]
            ,[2, 5, 1, 3, 4, 6] ,[3, 2, 1, 4, 5, 6]
            ,[4, 2, 1, 3, 5, 6] ,[5, 2, 1, 3, 4, 6]
            ,[3, 4, 1, 2, 5, 6] ,[3, 5, 1, 2, 4, 6]
            ,[4, 3, 1, 2, 5, 6] ,[5, 3, 1, 2, 4, 6]
            ,[4, 5, 1, 2, 3, 6] ,[5, 4, 1, 2, 3, 6]
            ,[2, 3, 4, 1, 5, 6] ,[2, 3, 5, 1, 4, 6]
            ,[2, 4, 3, 1, 5, 6] ,[2, 5, 3, 1, 4, 6]
            ,[2, 4, 5, 1, 3, 6] ,[2, 5, 4, 1, 3, 6]
            ,[3, 2, 4, 1, 5, 6] ,[3, 2, 5, 1, 4, 6]
            ,[4, 2, 3, 1, 5, 6] ,[4, 2, 5, 1, 3, 6]
            ,[3, 4, 2, 1, 5, 6] ,[4, 3, 2, 1, 5, 6]
           ]:
Points:=[[4, 31],[7, 30],[10, 29],[13, 28],[16, 27],[19, 25],[21, 23]
       ,[23, 21],[25, 18],[27, 16],[28, 13],[29, 10],[30, 7],[31, 4]
       ,[31, 1],[31, -3],[30, -6],[30, -9],[29, -12],[27, -15],[26, -17]
       ,[24, -20],[22, -22],[19, -24],[17, -26],[14, -28],[11, -29],[8, -30]
       ,[5, -31],[2, -31] ]:
PointSelection := "QuasiUniformPointsAss(30,31)":
Machine := "Praxis":
##############################################################################
Instance:=25000:
PreTime:=   7218.81:
GroebnerTime:= 133586.58:
RealTime:=  26344.73:
Table:=[[548,11846,12606]
       ,[444,13685,10871]
       ,[71,10280,14649]
       ,[145,4337,20518]
       ,[117,12474,12409]
       ,[2442,12254,10304]
       ,[3861,5454,15685]
       ,[0,0,25000]
       ,[3309,13398,8293]
       ,[7397,12699,4904]
       ,[4729,12169,8102]
       ,[6078,9641,9281]
       ,[6631,9867,8502]
       ,[4033,8982,11985]
       ,[804,11527,12669]
       ,[1731,13614,9655]
       ,[1612,13438,9950]
       ,[215,13209,11576]
       ,[2516,8873,13611]
       ,[1587,14008,9405]
       ,[0,0,25000]
       ,[3570,7215,14215]
       ,[771,10651,13578]
       ,[305,9518,15177]
       ,[3487,8458,13055]
       ,[1681,10299,13020]
       ,[3573,13825,7602]
       ,[1322,12724,10954]
       ,[2491,9113,13396]
       ,[6763,12796,5441]
       ,[911,11625,12464]
       ,[4294,10967,9739]
       ,[2932,10726,11342]
       ,[1226,13045,10729]
       ,[4399,6052,14549]
       ,[6754,8865,9381]
       ,[199,15846,8955]
       ,[6173,13561,5266]
       ,[5296,11984,7720]
       ,[0,14755,10245]
       ,[5046,13277,6677]
       ,[1497,11022,12481]
       ,[2856,12606,9538]
       ,[2233,8073,14694]
       ,[2846,13492,8662]
       ,[4024,10715,10261]
       ,[1873,13344,9783]
       ,[1327,10909,12764]
       ,[1466,10903,12631]
       ,[2659,11171,11170]
       ,[5084,12933,6983]
       ,[2337,8090,14573]
       ,[507,12663,11830]
       ,[653,9143,15204]
       ,[0,6608,18392]
       ,[1856,6893,16251]
       ,[883,12028,12089]
       ,[1997,13334,9669]
       ,[3325,12357,9318]
       ,[2321,14770,7909]]:
CoefficientHeight:=   84.5:
