##############################################################################
#
#  Data for the enumerative problem
#  Y11 A214 Y We2 Xe2  = 4 on Praxis
#
##############################################################################
FlagVariety:=[1, 2, 3, 5]:
Label := "Y11 A214 Y We2 Xe2 ":
EnumerativeProblem:=[ [1, 3, 4, 2, 5] ,[2, 1, 4, 3, 5]
                     ,[1, 2, 4, 3, 5] ,[2, 1, 3, 4, 5]
                     ,[2, 1, 3, 4, 5] ,[1, 3, 2, 4, 5]
                     ,[1, 3, 2, 4, 5]]:
NumberOfSolutions := 4:
Necklaces:=[ [4, 1, 3, 6, 2, 5] ,[3, 5, 2, 6, 1, 4]
            ,[4, 6, 1, 3, 2, 5] ,[5, 2, 1, 4, 3, 6]
            ,[5, 1, 2, 4, 3, 6] ,[2, 4, 1, 3, 5, 6]
            ,[3, 6, 2, 5, 1, 4] ,[6, 2, 1, 3, 4, 5]
            ,[3, 6, 1, 5, 2, 4] ,[2, 6, 1, 5, 3, 4]
            ,[1, 6, 3, 5, 2, 4] ,[1, 6, 2, 5, 3, 4]
            ,[5, 6, 2, 4, 1, 3] ,[1, 5, 2, 6, 3, 4]
            ,[2, 5, 4, 6, 1, 3] ,[4, 3, 2, 6, 1, 5]
            ,[5, 6, 3, 4, 1, 2] ,[5, 4, 1, 3, 2, 6]
            ,[4, 3, 2, 5, 1, 6] ,[6, 3, 1, 2, 4, 5]
            ,[5, 4, 3, 6, 1, 2] ,[6, 5, 2, 4, 1, 3]
            ,[6, 5, 1, 4, 2, 3] ,[1, 2, 3, 4, 5, 6]
            ,[2, 3, 5, 6, 1, 4] ,[3, 1, 5, 6, 2, 4]
            ,[2, 1, 5, 6, 3, 4] ,[1, 3, 5, 6, 2, 4]
            ,[1, 2, 5, 6, 3, 4] ,[6, 3, 2, 5, 1, 4]
            ,[1, 4, 3, 6, 2, 5] ,[5, 3, 2, 6, 1, 4]
            ,[6, 4, 1, 3, 2, 5] ,[2, 5, 1, 4, 3, 6]
            ,[1, 5, 2, 4, 3, 6] ,[6, 3, 2, 4, 1, 5]
            ,[5, 3, 2, 4, 1, 6] ,[6, 4, 3, 5, 1, 2]
            ,[1, 6, 4, 5, 2, 3] ,[6, 1, 4, 5, 2, 3]
            ,[4, 6, 3, 5, 1, 2] ,[5, 1, 4, 6, 2, 3]
            ,[4, 5, 3, 6, 1, 2] ,[5, 6, 1, 4, 2, 3]
            ,[3, 2, 1, 6, 4, 5] ,[2, 3, 1, 6, 4, 5]
            ,[3, 1, 2, 6, 4, 5] ,[1, 3, 2, 6, 4, 5]
            ,[6, 3, 4, 5, 1, 2] ,[2, 5, 1, 6, 3, 4]
            ,[4, 3, 5, 6, 1, 2] ,[3, 6, 1, 2, 4, 5]
            ,[3, 6, 4, 5, 1, 2] ,[3, 5, 4, 6, 1, 2]
            ,[3, 4, 5, 6, 1, 2] ,[6, 1, 3, 5, 2, 4]
            ,[2, 1, 4, 6, 3, 5] ,[1, 2, 4, 6, 3, 5]
            ,[6, 4, 2, 5, 1, 3] ,[1, 5, 3, 6, 2, 4]
            ,[5, 4, 2, 6, 1, 3] ,[2, 6, 1, 4, 3, 5]
            ,[4, 6, 2, 5, 1, 3] ,[4, 5, 2, 6, 1, 3]
            ,[6, 5, 2, 3, 1, 4] ,[1, 6, 3, 4, 2, 5]
            ,[5, 6, 2, 3, 1, 4] ,[6, 4, 2, 3, 1, 5]
            ,[1, 5, 3, 4, 2, 6] ,[5, 4, 2, 3, 1, 6]
            ,[2, 6, 4, 5, 1, 3] ,[4, 6, 2, 3, 1, 5]
            ,[5, 1, 3, 4, 2, 6] ,[4, 5, 2, 3, 1, 6]
            ,[6, 2, 4, 5, 1, 3] ,[3, 2, 5, 6, 1, 4]
            ,[1, 4, 2, 6, 3, 5] ,[4, 1, 3, 5, 2, 6]
            ,[2, 5, 1, 3, 4, 6] ,[2, 4, 1, 6, 3, 5]
            ,[4, 2, 1, 6, 3, 5] ,[3, 5, 1, 2, 4, 6]
            ,[5, 3, 1, 2, 4, 6] ,[3, 4, 1, 6, 2, 5]
            ,[3, 5, 1, 4, 2, 6] ,[4, 3, 1, 5, 2, 6]
            ,[5, 3, 1, 4, 2, 6] ,[4, 5, 1, 3, 2, 6]
            ,[2, 5, 3, 4, 1, 6] ,[4, 2, 3, 5, 1, 6]
           ]:
Points:=[[6, 41],[10, 40],[14, 39],[17, 37],[21, 35],[25, 33],[28, 30]
       ,[31, 27],[33, 24],[36, 21],[37, 17],[39, 13],[40, 9],[41, 5]
       ,[41, 1],[41, -3],[40, -8],[39, -12],[38, -16],[36, -19],[34, -23]
       ,[32, -26],[29, -29],[26, -32],[22, -34],[19, -36],[15, -38],[11, -40]
       ,[7, -40],[3, -41] ]:
PointSelection := "QuasiUniformPointsAss(30,41)":
Machine := "Praxis":
##############################################################################
Instance:=25000:
PreTime:=   8663.07:
GroebnerTime:=  74575.97:
RealTime:=  21489.78:
Table:=[[476,14976,9548]
       ,[22,19155,5823]
       ,[411,9406,15183]
       ,[1053,14625,9322]
       ,[399,6994,17607]
       ,[0,12400,12600]
       ,[9,15108,9883]
       ,[0,15447,9553]
       ,[63,7239,17698]
       ,[0,15299,9701]
       ,[267,14230,10503]
       ,[0,11951,13049]
       ,[0,4622,20378]
       ,[229,12509,12262]
       ,[276,9033,15691]
       ,[2130,15788,7082]
       ,[0,0,25000]
       ,[2097,12307,10596]
       ,[0,11344,13656]
       ,[0,13701,11299]
       ,[0,10117,14883]
       ,[0,13903,11097]
       ,[0,14746,10254]
       ,[0,11159,13841]
       ,[0,11631,13369]
       ,[1849,5493,17658]
       ,[0,12385,12615]
       ,[1017,10900,13083]
       ,[0,5946,19054]
       ,[480,9091,15429]
       ,[1459,12542,10999]
       ,[160,15966,8874]
       ,[160,9602,15238]
       ,[83,12253,12664]
       ,[147,3693,21160]
       ,[268,15631,9101]
       ,[0,5140,19860]
       ,[0,2806,22194]
       ,[0,13585,11415]
       ,[0,0,25000]
       ,[0,5718,19282]
       ,[0,6943,18057]
       ,[0,9541,15459]
       ,[0,9392,15608]
       ,[483,15231,9286]
       ,[0,9853,15147]
       ,[0,16439,8561]
       ,[1699,13909,9392]
       ,[0,10113,14887]
       ,[0,13379,11621]
       ,[0,682,24318]
       ,[0,2584,22416]
       ,[0,2796,22204]
       ,[0,8699,16301]
       ,[0,13209,11791]
       ,[0,5376,19624]
       ,[190,16239,8571]
       ,[0,15176,9824]
       ,[3393,14625,6982]
       ,[1292,17054,6654]
       ,[2444,13995,8561]
       ,[233,13689,11078]
       ,[0,13455,11545]
       ,[2007,16625,6368]
       ,[0,11668,13332]
       ,[0,4936,20064]
       ,[0,7129,17871]
       ,[0,17160,7840]
       ,[900,11144,12956]
       ,[0,11565,13435]
       ,[519,5473,19008]
       ,[0,15375,9625]
       ,[264,3081,21655]
       ,[0,5329,19671]
       ,[0,12728,12272]
       ,[170,8592,16238]
       ,[206,16165,8629]
       ,[263,6911,17826]
       ,[744,11593,12663]
       ,[1293,14188,9519]
       ,[1079,9821,14100]
       ,[4640,9553,10807]
       ,[37,12321,12642]
       ,[2903,14649,7448]
       ,[1892,11041,12067]
       ,[11,15092,9897]
       ,[4012,12841,8147]
       ,[20,6400,18580]
       ,[17,4384,20599]
       ,[2,8254,16744]]:
CoefficientHeight:=   30.0:
