##############################################################################
#
#  Data for the enumerative problem
#  Y2W2A214Xe3 = 3 on Noether
#
##############################################################################
FlagVariety:=[1, 2, 3, 5]:
Label := "Y2W2A214Xe3":
EnumerativeProblem:=[ [1, 2, 5, 3, 4] ,[3, 1, 2, 4, 5]
                     ,[2, 1, 4, 3, 5] ,[1, 3, 2, 4, 5]
                     ,[1, 3, 2, 4, 5] ,[1, 3, 2, 4, 5]
                    ]:
NumberOfSolutions := 3:
Necklaces:=[ [1, 2, 3, 4, 5] ,[1, 3, 2, 4, 5]
            ,[1, 4, 2, 3, 5] ,[1, 5, 2, 3, 4]
            ,[2, 1, 3, 4, 5] ,[3, 1, 2, 4, 5]
            ,[4, 1, 2, 3, 5] ,[2, 3, 1, 4, 5]
            ,[2, 4, 1, 3, 5] ,[3, 2, 1, 4, 5]
           ]:
Points:=[[10, 100],[18, 99],[26, 98],[33, 95],[40, 93],[47, 89],[54, 85]
       ,[60, 81],[66, 76],[72, 71],[77, 65],[82, 59],[86, 53],[90, 46]
       ,[93, 39],[96, 32],[98, 24],[100, 17],[101, 9],[101, 1],[101, -6]
       ,[100, -14],[99, -22],[97, -29],[94, -37],[91, -44],[87, -51],[83, -57]
       ,[79, -63],[74, -69],[68, -75],[62, -80],[56, -84],[49, -88],[42, -92]
       ,[35, -95],[28, -97],[20, -99],[13, -100],[5, -101] ]:
PointSelection := "QuasiUniformPointsAss(40,101)":
Machine := "Noether":
##############################################################################
Instance:=25000:
PreTime:=   5335.95:
GroebnerTime:=   4928.41:
RealTime:=   3357.76:
Table:=[[4582,20418]
       ,[7674,17326]
       ,[5906,19094]
       ,[10025,14975]
       ,[0,25000]
       ,[6304,18696]
       ,[9393,15607]
       ,[4497,20503]
       ,[4719,20281]
       ,[5638,19362]]:
CoefficientHeight:=   34.2:
