##############################################################################
#
#  Data for the enumerative problem
#  A215 A214 Ye2 Xe2  = 4 on Noether
#
##############################################################################
FlagVariety:=[1, 2, 3, 5]:
Label := "A215 A214 Ye2 Xe2 ":
EnumerativeProblem:=[ [2, 1, 5, 3, 4] ,[2, 1, 4, 3, 5]
                     ,[1, 2, 4, 3, 5] ,[1, 2, 4, 3, 5]
                     ,[1, 3, 2, 4, 5] ,[1, 3, 2, 4, 5]
                    ]:
NumberOfSolutions := 4:
Necklaces:=[ [1, 2, 3, 4, 5] ,[1, 2, 4, 3, 5]
            ,[1, 2, 5, 3, 4] ,[1, 3, 4, 2, 5]
            ,[1, 3, 5, 2, 4] ,[1, 4, 5, 2, 3]
            ,[2, 1, 3, 4, 5] ,[2, 1, 4, 3, 5]
            ,[2, 1, 5, 3, 4] ,[3, 1, 2, 4, 5]
            ,[4, 1, 2, 3, 5] ,[3, 1, 4, 2, 5]
            ,[3, 1, 5, 2, 4] ,[4, 1, 3, 2, 5]
            ,[2, 3, 4, 1, 5] ,[3, 2, 4, 1, 5]
           ]:
Points:=[[9, 66],[16, 65],[22, 63],[28, 61],[34, 57],[40, 54],[45, 49]
       ,[50, 44],[54, 39],[58, 34],[61, 27],[64, 21],[65, 15],[67, 8]
       ,[67, 1],[67, -6],[66, -12],[64, -19],[62, -25],[59, -32],[56, -37]
       ,[52, -43],[47, -48],[42, -52],[36, -56],[31, -60],[24, -62],[18, -65]
       ,[11, -66],[5, -67] ]:
PointSelection := "QuasiUniformPointsAss(30,67)":
Machine := "Noether":
##############################################################################
Instance:=25000:
PreTime:=   4621.20:
GroebnerTime:=   7664.38:
RealTime:=   5666.33:
Table:=[[306,8611,16083]
       ,[1331,11911,11758]
       ,[0,11897,13103]
       ,[273,12305,12422]
       ,[0,16798,8202]
       ,[0,14918,10082]
       ,[632,10424,13944]
       ,[2947,11343,10710]
       ,[0,13283,11717]
       ,[619,15726,8655]
       ,[0,4332,20668]
       ,[179,6481,18340]
       ,[0,13810,11190]
       ,[0,7567,17433]
       ,[0,2208,22792]
       ,[0,1721,23279]]:
CoefficientHeight:=   56.8:
