##############################################################################
#
#  Data for the enumerative problem
#  A214e2 Y Xe4  = 10 on Praxis
#
##############################################################################
FlagVariety:=[1, 2, 3, 5]:
Label := "A214e2 Y Xe4 ":
EnumerativeProblem:=[ [2, 1, 4, 3, 5] ,[2, 1, 4, 3, 5]
                     ,[1, 2, 4, 3, 5] ,[1, 3, 2, 4, 5]
                     ,[1, 3, 2, 4, 5] ,[1, 3, 2, 4, 5]
                     ,[1, 3, 2, 4, 5]]:
NumberOfSolutions := 10:
Necklaces:=[ [1, 2, 3, 4, 5, 6] ,[1, 3, 2, 4, 5, 6]
            ,[1, 4, 2, 3, 5, 6] ,[2, 1, 3, 4, 5, 6]
            ,[3, 1, 2, 4, 5, 6] ,[4, 1, 2, 3, 5, 6]
            ,[5, 1, 2, 3, 4, 6] ,[2, 4, 1, 3, 5, 6]
            ,[4, 2, 1, 3, 5, 6]]:
Points:=[[10, 100],[18, 99],[26, 98],[33, 95],[40, 93],[47, 89],[54, 85]
       ,[60, 81],[66, 76],[72, 71],[77, 65],[82, 59],[86, 53],[90, 46]
       ,[93, 39],[96, 32],[98, 24],[100, 17],[101, 9],[101, 1],[101, -6]
       ,[100, -14],[99, -22],[97, -29],[94, -37],[91, -44],[87, -51],[83, -57]
       ,[79, -63],[74, -69],[68, -75],[62, -80],[56, -84],[49, -88],[42, -92]
       ,[35, -95],[28, -97],[20, -99],[13, -100],[5, -101] ]:
PointSelection := "QuasiUniformPointsAss(40,101)":
Machine := "Praxis":
##############################################################################
Instance:=25000:
PreTime:=   4744.63:
GroebnerTime:= 525183.95:
RealTime:=  14932.60:
Table:=[[0,0,13170,6795,3622,1413]
       ,[0,3707,12445,4137,3774,937]
       ,[0,6323,6789,6314,4719,855]
       ,[0,138,2827,8255,10263,3517]
       ,[0,35,2821,10178,8991,2975]
       ,[0,39,3808,11811,7690,1652]
       ,[0,36,3475,8388,6451,6650]
       ,[0,113,3764,8066,8988,4069]
       ,[9,1697,6447,9212,4932,2703]]:
CoefficientHeight:=  152.3:
