##############################################################################
#
#  Data for the enumerative problem
#  Y2A214Ye2WXe2 = 4 on Praxis
#
##############################################################################
FlagVariety:=[1, 2, 3, 5]:
Label := "Y2A214Ye2WXe2":
EnumerativeProblem:=[ [1, 2, 5, 3, 4] ,[2, 1, 4, 3, 5]
                     ,[1, 2, 4, 3, 5] ,[1, 2, 4, 3, 5]
                     ,[2, 1, 3, 4, 5] ,[1, 3, 2, 4, 5]
                     ,[1, 3, 2, 4, 5]]:
NumberOfSolutions := 4:
Necklaces:=[ [5, 3, 6, 4, 1, 2] ,[6, 2, 4, 5, 1, 3]
            ,[6, 1, 4, 5, 2, 3] ,[3, 2, 5, 6, 1, 4]
            ,[2, 3, 5, 6, 1, 4] ,[4, 2, 5, 3, 1, 6]
            ,[4, 2, 3, 1, 5, 6] ,[6, 3, 5, 4, 1, 2]
            ,[2, 4, 6, 5, 1, 3] ,[1, 4, 6, 5, 2, 3]
            ,[4, 2, 6, 3, 1, 5] ,[5, 1, 3, 4, 2, 6]
            ,[1, 3, 6, 4, 2, 5] ,[5, 2, 6, 3, 1, 4]
            ,[6, 1, 3, 4, 2, 5] ,[2, 1, 4, 5, 3, 6]
            ,[1, 2, 4, 5, 3, 6] ,[6, 2, 4, 3, 1, 5]
            ,[1, 2, 5, 4, 3, 6] ,[5, 2, 4, 3, 1, 6]
            ,[1, 2, 3, 4, 5, 6] ,[2, 1, 4, 6, 3, 5]
            ,[1, 2, 4, 6, 3, 5] ,[1, 3, 5, 6, 2, 4]
            ,[5, 2, 4, 6, 1, 3] ,[6, 1, 2, 3, 4, 5]
            ,[2, 4, 6, 1, 3, 5] ,[1, 4, 6, 2, 3, 5]
            ,[4, 2, 6, 5, 1, 3] ,[4, 2, 5, 6, 1, 3]
            ,[6, 1, 5, 4, 2, 3] ,[6, 1, 4, 2, 3, 5]
            ,[2, 1, 5, 3, 4, 6] ,[1, 2, 5, 3, 4, 6]
            ,[5, 4, 6, 3, 1, 2] ,[2, 1, 6, 5, 3, 4]
            ,[1, 2, 6, 5, 3, 4] ,[4, 5, 6, 3, 1, 2]
            ,[5, 1, 6, 4, 2, 3] ,[6, 1, 2, 5, 3, 4]
            ,[3, 1, 2, 6, 4, 5] ,[2, 1, 3, 6, 4, 5]
            ,[1, 2, 3, 6, 4, 5] ,[2, 1, 5, 6, 3, 4]
            ,[1, 2, 5, 6, 3, 4] ,[6, 3, 4, 5, 1, 2]
            ,[1, 4, 5, 6, 2, 3] ,[5, 3, 4, 6, 1, 2]
            ,[2, 5, 6, 1, 3, 4] ,[4, 3, 6, 5, 1, 2]
            ,[5, 1, 4, 6, 2, 3] ,[4, 3, 5, 6, 1, 2]
            ,[3, 2, 6, 1, 4, 5] ,[3, 1, 6, 2, 4, 5]
            ,[3, 5, 6, 4, 1, 2] ,[3, 4, 6, 5, 1, 2]
            ,[6, 4, 5, 2, 1, 3] ,[1, 5, 6, 3, 2, 4]
            ,[5, 4, 6, 2, 1, 3] ,[6, 1, 5, 3, 2, 4]
            ,[2, 1, 6, 4, 3, 5] ,[4, 5, 6, 2, 1, 3]
            ,[6, 3, 4, 2, 1, 5] ,[1, 4, 5, 3, 2, 6]
            ,[5, 3, 4, 2, 1, 6] ,[2, 5, 6, 4, 1, 3]
            ,[4, 3, 6, 2, 1, 5] ,[5, 1, 4, 3, 2, 6]
            ,[4, 3, 5, 2, 1, 6] ,[3, 2, 6, 5, 1, 4]
            ,[2, 3, 6, 5, 1, 4] ,[3, 1, 6, 5, 2, 4]
            ,[3, 5, 6, 2, 1, 4] ,[4, 1, 6, 3, 2, 5]
            ,[5, 1, 2, 4, 3, 6] ,[3, 4, 6, 2, 1, 5]
            ,[4, 1, 5, 3, 2, 6] ,[3, 4, 5, 2, 1, 6]
            ,[6, 2, 3, 5, 1, 4] ,[4, 2, 3, 6, 1, 5]
            ,[3, 2, 4, 6, 1, 5] ,[2, 3, 4, 6, 1, 5]
            ,[4, 1, 3, 6, 2, 5] ,[3, 1, 4, 6, 2, 5]
            ,[4, 1, 2, 6, 3, 5] ,[1, 3, 4, 6, 2, 5]
            ,[3, 1, 5, 6, 2, 4] ,[2, 4, 5, 1, 3, 6]
            ,[5, 2, 3, 1, 4, 6] ,[2, 4, 5, 3, 1, 6]
           ]:
Points:=[[6, 61],[11, 60],[15, 59],[20, 58],[24, 56],[28, 54],[33, 52]
       ,[36, 49],[40, 46],[43, 43],[47, 39],[49, 36],[52, 32],[54, 28]
       ,[56, 24],[58, 19],[59, 15],[60, 10],[61, 5],[61, 1],[61, -4]
       ,[60, -9],[60, -13],[58, -18],[57, -22],[55, -26],[53, -31],[50, -34]
       ,[48, -38],[44, -42],[41, -45],[38, -48],[34, -51],[30, -53],[26, -55]
       ,[21, -57],[17, -59],[12, -60],[8, -61],[3, -61] ]:
PointSelection := "QuasiUniformPointsAss(40,61)":
Machine := "Praxis":
##############################################################################
Instance:=25000:
PreTime:=   8929.61:
GroebnerTime:= 119726.90:
RealTime:=  28314.37:
Table:=[[0,11041,13959]
       ,[39,11210,13751]
       ,[0,11935,13065]
       ,[103,4782,20115]
       ,[20,5912,19068]
       ,[289,9357,15354]
       ,[49,10837,14114]
       ,[0,9400,15600]
       ,[0,8843,16157]
       ,[15,6163,18822]
       ,[504,12586,11910]
       ,[560,12866,11574]
       ,[628,11734,12638]
       ,[144,4211,20645]
       ,[92,7956,16952]
       ,[103,7099,17798]
       ,[14,3949,21037]
       ,[328,5345,19327]
       ,[57,9049,15894]
       ,[284,11779,12937]
       ,[0,6377,18623]
       ,[3849,10367,10784]
       ,[519,10755,13726]
       ,[49,14797,10154]
       ,[1533,10127,13340]
       ,[330,11149,13521]
       ,[368,17638,6994]
       ,[0,12752,12248]
       ,[147,12337,12516]
       ,[1205,10199,13596]
       ,[0,11986,13014]
       ,[5109,11521,8370]
       ,[0,5214,19786]
       ,[389,10979,13632]
       ,[0,4502,20498]
       ,[727,11056,13217]
       ,[29,11729,13242]
       ,[0,0,25000]
       ,[0,0,25000]
       ,[0,0,25000]
       ,[3072,11754,10174]
       ,[1143,7158,16699]
       ,[178,3492,21330]
       ,[6,5983,19011]
       ,[0,5445,19555]
       ,[0,8481,16519]
       ,[0,8247,16753]
       ,[13,9255,15732]
       ,[0,12286,12714]
       ,[0,11959,13041]
       ,[0,14447,10553]
       ,[16,9670,15314]
       ,[0,13768,11232]
       ,[0,10697,14303]
       ,[0,5780,19220]
       ,[0,13914,11086]
       ,[119,4628,20253]
       ,[1576,7816,15608]
       ,[929,7167,16904]
       ,[501,13489,11010]
       ,[2820,6963,15217]
       ,[2668,2249,20083]
       ,[35,5573,19392]
       ,[0,5432,19568]
       ,[0,2887,22113]
       ,[32,3954,21014]
       ,[480,11784,12736]
       ,[1272,11723,12005]
       ,[71,2665,22264]
       ,[2,4044,20954]
       ,[1508,7296,16196]
       ,[28,6983,17989]
       ,[0,8782,16218]
       ,[0,12118,12882]
       ,[0,5717,19283]
       ,[0,11114,13886]
       ,[0,8413,16587]
       ,[0,2743,22257]
       ,[0,7199,17801]
       ,[0,1767,23233]
       ,[19,2368,22613]
       ,[0,3327,21673]
       ,[0,9257,15743]
       ,[1218,10120,13662]
       ,[2,4768,20230]
       ,[114,11046,13840]
       ,[0,13392,11608]
       ,[1304,9007,14689]
       ,[0,3025,21975]
       ,[224,4721,20055]]:
CoefficientHeight:=   73.3:
