##############################################################################
#
#  Data for the enumerative problem
#  Y2 A214e2 Xe3  = 5 on Praxis
#
##############################################################################
FlagVariety:=[1, 2, 3, 5]:
Label := "Y2 A214e2 Xe3 ":
EnumerativeProblem:=[ [1, 2, 5, 3, 4] ,[2, 1, 4, 3, 5]
                     ,[2, 1, 4, 3, 5] ,[1, 3, 2, 4, 5]
                     ,[1, 3, 2, 4, 5] ,[1, 3, 2, 4, 5]
                    ]:
NumberOfSolutions := 5:
Necklaces:=[ [1, 2, 3, 4, 5] ,[1, 3, 2, 4, 5]
            ,[1, 4, 2, 3, 5] ,[1, 5, 2, 3, 4]
            ,[2, 3, 1, 4, 5] ,[2, 4, 1, 3, 5]
           ]:
Points:=[[4, 31],[7, 30],[10, 29],[13, 28],[16, 27],[19, 25],[21, 23]
       ,[23, 21],[25, 18],[27, 16],[28, 13],[29, 10],[30, 7],[31, 4]
       ,[31, 1],[31, -3],[30, -6],[30, -9],[29, -12],[27, -15],[26, -17]
       ,[24, -20],[22, -22],[19, -24],[17, -26],[14, -28],[11, -29],[8, -30]
       ,[5, -31],[2, -31] ]:
PointSelection := "QuasiUniformPointsAss(30,31)":
Machine := "Praxis":
##############################################################################
Instance:=25000:
PreTime:=   4486.32:
GroebnerTime:=  12492.05:
RealTime:=   3189.41:
Table:=[[0,19207,5793]
       ,[3305,10025,11670]
       ,[1193,12115,11692]
       ,[5347,16115,3538]
       ,[1866,19253,3881]
       ,[418,9515,15067]]:
CoefficientHeight:=   73.0:
