##############################################################################
#
#  Data for the enumerative problem
#  A143A214YWXe2 = 5 on Farallon
#
##############################################################################
FlagVariety:=[1, 2, 3, 5]:
Label := "A143A214YWXe2":
EnumerativeProblem:=[ [1, 4, 3, 2, 5] ,[2, 1, 4, 3, 5]
                     ,[1, 2, 4, 3, 5] ,[2, 1, 3, 4, 5]
                     ,[1, 3, 2, 4, 5] ,[1, 3, 2, 4, 5]
                    ]:
NumberOfSolutions := 5:
Necklaces:=[ [1, 2, 3, 4, 5] ,[1, 2, 4, 3, 5]
            ,[1, 2, 5, 3, 4] ,[1, 3, 2, 4, 5]
            ,[1, 4, 2, 3, 5] ,[1, 5, 2, 3, 4]
            ,[1, 3, 4, 2, 5] ,[1, 3, 5, 2, 4]
            ,[1, 4, 3, 2, 5] ,[1, 5, 3, 2, 4]
            ,[1, 4, 5, 2, 3] ,[1, 5, 4, 2, 3]
            ,[2, 1, 3, 4, 5] ,[2, 1, 4, 3, 5]
            ,[2, 1, 5, 3, 4] ,[3, 1, 2, 4, 5]
            ,[4, 1, 2, 3, 5] ,[3, 1, 4, 2, 5]
            ,[3, 1, 5, 2, 4] ,[4, 1, 3, 2, 5]
            ,[4, 1, 5, 2, 3] ,[2, 3, 1, 4, 5]
            ,[2, 4, 1, 3, 5] ,[3, 2, 1, 4, 5]
            ,[4, 2, 1, 3, 5] ,[3, 4, 1, 2, 5]
            ,[4, 3, 1, 2, 5] ,[2, 3, 4, 1, 5]
            ,[2, 4, 3, 1, 5] ,[3, 2, 4, 1, 5]
           ]:
Points:=[[6, 61],[11, 60],[15, 59],[20, 58],[24, 56],[28, 54],[33, 52]
       ,[36, 49],[40, 46],[43, 43],[47, 39],[49, 36],[52, 32],[54, 28]
       ,[56, 24],[58, 19],[59, 15],[60, 10],[61, 5],[61, 1],[61, -4]
       ,[60, -9],[60, -13],[58, -18],[57, -22],[55, -26],[53, -31],[50, -34]
       ,[48, -38],[44, -42],[41, -45],[38, -48],[34, -51],[30, -53],[26, -55]
       ,[21, -57],[17, -59],[12, -60],[8, -61],[3, -61] ]:
PointSelection := "QuasiUniformPointsAss(40,61)":
Machine := "Farallon":
##############################################################################
Instance:=25000:
PreTime:=   4242.08:
GroebnerTime:=  16801.90:
RealTime:=  11294.86:
Table:=[[3817,4247,16936]
       ,[2938,9038,13024]
       ,[1229,5834,17937]
       ,[2714,10581,11705]
       ,[0,11464,13536]
       ,[0,5284,19716]
       ,[1984,13387,9629]
       ,[6542,9883,8575]
       ,[2282,11560,11158]
       ,[4743,8165,12092]
       ,[329,10445,14226]
       ,[3048,6876,15076]
       ,[0,0,25000]
       ,[2830,8549,13621]
       ,[3555,5216,16229]
       ,[3567,2610,18823]
       ,[985,10853,13162]
       ,[2841,8262,13897]
       ,[5992,9383,9625]
       ,[0,9055,15945]
       ,[0,10234,14766]
       ,[501,8898,15601]
       ,[4448,11632,8920]
       ,[5451,6668,12881]
       ,[1299,14025,9676]
       ,[1625,10950,12425]
       ,[1646,8690,14664]
       ,[7146,5834,12020]
       ,[4577,9811,10612]
       ,[322,6990,17688]]:
CoefficientHeight:=   46.6:
