##############################################################################
#
#  Data for the enumerative problem
#  X21A214Ye2WX = 4 on Schur
#
##############################################################################
FlagVariety:=[1, 2, 3, 5]:
Label := "X21A214Ye2WX":
EnumerativeProblem:=[ [2, 4, 1, 3, 5] ,[2, 1, 4, 3, 5]
                     ,[1, 2, 4, 3, 5] ,[1, 2, 4, 3, 5]
                     ,[2, 1, 3, 4, 5] ,[1, 3, 2, 4, 5]
                    ]:
NumberOfSolutions := 4:
Necklaces:=[ [1, 2, 3, 4, 5] ,[1, 2, 3, 5, 4]
            ,[1, 2, 4, 3, 5] ,[1, 2, 5, 3, 4]
            ,[1, 2, 4, 5, 3] ,[1, 2, 5, 4, 3]
            ,[1, 3, 4, 2, 5] ,[1, 3, 5, 2, 4]
            ,[1, 4, 5, 2, 3] ,[1, 3, 4, 5, 2]
            ,[1, 3, 5, 4, 2] ,[1, 4, 5, 3, 2]
            ,[2, 1, 3, 4, 5] ,[2, 1, 3, 5, 4]
            ,[2, 1, 4, 3, 5] ,[2, 1, 5, 3, 4]
            ,[2, 1, 4, 5, 3] ,[2, 1, 5, 4, 3]
            ,[3, 1, 2, 4, 5] ,[3, 1, 2, 5, 4]
            ,[4, 1, 2, 3, 5] ,[4, 1, 2, 5, 3]
            ,[3, 1, 4, 2, 5] ,[3, 1, 5, 2, 4]
            ,[4, 1, 3, 2, 5] ,[3, 1, 4, 5, 2]
            ,[4, 1, 3, 5, 2] ,[2, 3, 4, 1, 5]
            ,[3, 2, 4, 1, 5] ,[4, 2, 3, 1, 5]
           ]:
Points:=[[6, 61],[11, 60],[15, 59],[20, 58],[24, 56],[28, 54],[33, 52]
       ,[36, 49],[40, 46],[43, 43],[47, 39],[49, 36],[52, 32],[54, 28]
       ,[56, 24],[58, 19],[59, 15],[60, 10],[61, 5],[61, 1],[61, -4]
       ,[60, -9],[60, -13],[58, -18],[57, -22],[55, -26],[53, -31],[50, -34]
       ,[48, -38],[44, -42],[41, -45],[38, -48],[34, -51],[30, -53],[26, -55]
       ,[21, -57],[17, -59],[12, -60],[8, -61],[3, -61] ]:
PointSelection := "QuasiUniformPointsAss(40,61)":
Machine := "Schur":
##############################################################################
Instance:=25000:
PreTime:=   2284.36:
GroebnerTime:=   7873.60:
RealTime:=   3885.31:
Table:=[[0,9572,15428]
       ,[3208,9385,12407]
       ,[0,17226,7774]
       ,[0,13046,11954]
       ,[979,15693,8328]
       ,[3993,8275,12732]
       ,[0,12644,12356]
       ,[419,16414,8167]
       ,[0,14359,10641]
       ,[3433,15011,6556]
       ,[462,13756,10782]
       ,[0,8092,16908]
       ,[0,4989,20011]
       ,[1079,12246,11675]
       ,[0,12714,12286]
       ,[0,11767,13233]
       ,[738,10564,13698]
       ,[2239,8445,14316]
       ,[0,0,25000]
       ,[3524,7009,14467]
       ,[0,9367,15633]
       ,[0,11298,13702]
       ,[0,6532,18468]
       ,[0,14299,10701]
       ,[0,12645,12355]
       ,[711,9470,14819]
       ,[0,5999,19001]
       ,[0,0,25000]
       ,[0,6000,19000]
       ,[765,10531,13704]]:
CoefficientHeight:=   30.4:
