##############################################################################
#
#  Data for the enumerative problem
#  Y11A214e2WXe2 = 4 on Schur
#
##############################################################################
FlagVariety:=[1, 2, 3, 5]:
Label := "Y11A214e2WXe2":
EnumerativeProblem:=[ [1, 3, 4, 2, 5] ,[2, 1, 4, 3, 5]
                     ,[2, 1, 4, 3, 5] ,[2, 1, 3, 4, 5]
                     ,[1, 3, 2, 4, 5] ,[1, 3, 2, 4, 5]
                    ]:
NumberOfSolutions := 4:
Necklaces:=[ [1, 2, 3, 4, 5] ,[1, 2, 4, 3, 5]
            ,[1, 2, 5, 3, 4] ,[1, 3, 2, 4, 5]
            ,[1, 4, 2, 3, 5] ,[1, 5, 2, 3, 4]
            ,[1, 3, 4, 2, 5] ,[1, 3, 5, 2, 4]
            ,[1, 4, 3, 2, 5] ,[1, 5, 3, 2, 4]
            ,[1, 4, 5, 2, 3] ,[2, 3, 1, 4, 5]
            ,[2, 4, 1, 3, 5] ,[3, 4, 1, 2, 5]
            ,[2, 3, 4, 1, 5] ,[2, 4, 3, 1, 5]
           ]:
Points:=[[6, 61],[11, 60],[15, 59],[20, 58],[24, 56],[28, 54],[33, 52]
       ,[36, 49],[40, 46],[43, 43],[47, 39],[49, 36],[52, 32],[54, 28]
       ,[56, 24],[58, 19],[59, 15],[60, 10],[61, 5],[61, 1],[61, -4]
       ,[60, -9],[60, -13],[58, -18],[57, -22],[55, -26],[53, -31],[50, -34]
       ,[48, -38],[44, -42],[41, -45],[38, -48],[34, -51],[30, -53],[26, -55]
       ,[21, -57],[17, -59],[12, -60],[8, -61],[3, -61] ]:
PointSelection := "QuasiUniformPointsAss(40,61)":
Machine := "Schur":
##############################################################################
Instance:=25000:
PreTime:=   2249.11:
GroebnerTime:=   9135.90:
RealTime:=   2202.19:
Table:=[[0,10892,14108]
       ,[0,19913,5087]
       ,[0,20479,4521]
       ,[0,4536,20464]
       ,[203,2426,22371]
       ,[0,11193,13807]
       ,[0,15399,9601]
       ,[243,8282,16475]
       ,[463,9348,15189]
       ,[474,15647,8879]
       ,[0,13789,11211]
       ,[0,19658,5342]
       ,[0,10418,14582]
       ,[4511,16206,4283]
       ,[0,14082,10918]
       ,[3,1919,23078]]:
CoefficientHeight:=   29.8:
