##############################################################################
#
#  Data for the enumerative problem
#  Y2 A214e2 Y Xe2  = 4 on Pieri
#
##############################################################################
FlagVariety:=[1, 2, 3, 5]:
Label := "Y2 A214e2 Y Xe2 ":
EnumerativeProblem:=[ [1, 2, 5, 3, 4] ,[2, 1, 4, 3, 5]
                     ,[2, 1, 4, 3, 5] ,[1, 2, 4, 3, 5]
                     ,[1, 3, 2, 4, 5] ,[1, 3, 2, 4, 5]
                    ]:
NumberOfSolutions := 4:
Necklaces:=[ [1, 2, 3, 4, 5] ,[1, 2, 4, 3, 5]
            ,[1, 2, 5, 3, 4] ,[1, 3, 2, 4, 5]
            ,[1, 4, 2, 3, 5] ,[1, 5, 2, 3, 4]
            ,[1, 3, 4, 2, 5] ,[1, 3, 5, 2, 4]
            ,[1, 4, 3, 2, 5] ,[1, 5, 3, 2, 4]
            ,[1, 4, 5, 2, 3] ,[2, 3, 1, 4, 5]
            ,[2, 4, 1, 3, 5] ,[3, 4, 1, 2, 5]
            ,[2, 3, 4, 1, 5] ,[2, 4, 3, 1, 5]
           ]:
Points:=[[4, 41],[7, 40],[10, 40],[13, 39],[16, 38],[19, 36],[22, 35]
       ,[24, 33],[27, 31],[29, 29],[31, 26],[33, 24],[35, 21],[37, 19]
       ,[38, 16],[39, 13],[40, 10],[40, 7],[41, 4],[41, 1],[41, -3]
       ,[41, -6],[40, -9],[39, -12],[38, -15],[37, -18],[36, -21],[34, -23]
       ,[32, -26],[30, -28],[28, -30],[25, -32],[23, -34],[20, -36],[17, -37]
       ,[14, -38],[11, -39],[8, -40],[5, -41],[2, -41] ]:
PointSelection := "QuasiUniformPointsAss(40,41)":
Machine := "Pieri":
##############################################################################
Instance:=25000:
PreTime:=   4892.74:
GroebnerTime:=  16064.28:
RealTime:=   5305.77:
Table:=[[0,9150,15850]
       ,[154,14800,10046]
       ,[0,18353,6647]
       ,[0,11201,13799]
       ,[0,4453,20547]
       ,[5,12542,12453]
       ,[0,2549,22451]
       ,[0,6191,18809]
       ,[167,4689,20144]
       ,[1108,15854,8038]
       ,[86,8835,16079]
       ,[0,16875,8125]
       ,[0,4641,20359]
       ,[947,17081,6972]
       ,[300,8779,15921]
       ,[0,6943,18057]]:
CoefficientHeight:=   50.6:
