##############################################################################
#
#  Data for the enumerative problem
#  Y21A214WXe3 = 5 on Praxis
#
##############################################################################
FlagVariety:=[1, 2, 3, 5]:
Label := "Y21A214WXe3":
EnumerativeProblem:=[ [1, 3, 5, 2, 4] ,[2, 1, 4, 3, 5]
                     ,[2, 1, 3, 4, 5] ,[1, 3, 2, 4, 5]
                     ,[1, 3, 2, 4, 5] ,[1, 3, 2, 4, 5]
                    ]:
NumberOfSolutions := 5:
Necklaces:=[ [1, 2, 3, 4, 5] ,[1, 3, 2, 4, 5]
            ,[1, 4, 2, 3, 5] ,[1, 5, 2, 3, 4]
            ,[2, 1, 3, 4, 5] ,[3, 1, 2, 4, 5]
            ,[4, 1, 2, 3, 5] ,[2, 3, 1, 4, 5]
            ,[2, 4, 1, 3, 5] ,[3, 2, 1, 4, 5]
           ]:
Points:=[[8, 81],[14, 80],[20, 78],[26, 77],[32, 74],[38, 72],[43, 69]
       ,[48, 65],[53, 61],[58, 57],[62, 52],[66, 47],[69, 42],[72, 37]
       ,[75, 31],[77, 25],[79, 19],[80, 13],[81, 7],[81, 1],[81, -5]
       ,[80, -11],[79, -17],[78, -23],[76, -29],[73, -35],[70, -41],[67, -46]
       ,[63, -51],[59, -55],[55, -60],[50, -64],[45, -67],[40, -71],[34, -73]
       ,[28, -76],[22, -78],[16, -79],[10, -80],[4, -81] ]:
PointSelection := "QuasiUniformPointsAss(40,81)":
Machine := "Praxis":
##############################################################################
Instance:=25000:
PreTime:=   4121.77:
GroebnerTime:=   7767.15:
RealTime:=   4539.85:
Table:=[[0,0,25000]
       ,[3413,7229,14358]
       ,[351,10386,14263]
       ,[1513,11499,11988]
       ,[4183,9054,11763]
       ,[1694,9734,13572]
       ,[4699,12474,7827]
       ,[2693,7409,14898]
       ,[3746,8431,12823]
       ,[999,10037,13964]]:
CoefficientHeight:=   55.8:
