##############################################################################
#
#  Data for the enumerative problem
#  A143 A214e2 Y X  = 5 on Praxis
#
##############################################################################
FlagVariety:=[1, 2, 3, 5]:
Label := "A143 A214e2 Y X ":
EnumerativeProblem:=[ [1, 4, 3, 2, 5] ,[2, 1, 4, 3, 5]
                     ,[2, 1, 4, 3, 5] ,[1, 2, 4, 3, 5]
                     ,[1, 3, 2, 4, 5]]:
NumberOfSolutions := 5:
Necklaces:=[ [1, 2, 3, 4] ,[1, 2, 4, 3]
            ,[1, 3, 2, 4] ,[1, 4, 2, 3]
            ,[1, 3, 4, 2] ,[2, 3, 1, 4]
           ]:
Points:=[[4, 41],[7, 40],[10, 40],[13, 39],[16, 38],[19, 36],[22, 35]
       ,[24, 33],[27, 31],[29, 29],[31, 26],[33, 24],[35, 21],[37, 19]
       ,[38, 16],[39, 13],[40, 10],[40, 7],[41, 4],[41, 1],[41, -3]
       ,[41, -6],[40, -9],[39, -12],[38, -15],[37, -18],[36, -21],[34, -23]
       ,[32, -26],[30, -28],[28, -30],[25, -32],[23, -34],[20, -36],[17, -37]
       ,[14, -38],[11, -39],[8, -40],[5, -41],[2, -41] ]:
PointSelection := "QuasiUniformPointsAss(40,41)":
Machine := "Praxis":
##############################################################################
Instance:=25000:
PreTime:=   3766.83:
GroebnerTime:=   2900.05:
RealTime:=   3321.53:
Table:=[[0,8738,16262]
       ,[10320,8012,6668]
       ,[3486,4691,16823]
       ,[0,12152,12848]
       ,[305,6886,17809]
       ,[14245,4824,5931]]:
CoefficientHeight:=   21.3:
