##############################################################################
#
#  Data for the enumerative problem
#  Y11 A214e2 Xe3  = 7 on Rota
#
##############################################################################
FlagVariety:=[1, 2, 3, 5]:
Label := "Y11 A214e2 Xe3 ":
EnumerativeProblem:=[ [1, 3, 4, 2, 5] ,[2, 1, 4, 3, 5]
                     ,[2, 1, 4, 3, 5] ,[1, 3, 2, 4, 5]
                     ,[1, 3, 2, 4, 5] ,[1, 3, 2, 4, 5]
                    ]:
NumberOfSolutions := 7:
Necklaces:=[ [1, 2, 3, 4, 5] ,[1, 3, 2, 4, 5]
            ,[1, 4, 2, 3, 5] ,[1, 5, 2, 3, 4]
            ,[2, 3, 1, 4, 5] ,[2, 4, 1, 3, 5]
           ]:
Points:=[[6, 41],[10, 40],[14, 39],[17, 37],[21, 35],[25, 33],[28, 30]
       ,[31, 27],[33, 24],[36, 21],[37, 17],[39, 13],[40, 9],[41, 5]
       ,[41, 1],[41, -3],[40, -8],[39, -12],[38, -16],[36, -19],[34, -23]
       ,[32, -26],[29, -29],[26, -32],[22, -34],[19, -36],[15, -38],[11, -40]
       ,[7, -40],[3, -41] ]:
PointSelection := "QuasiUniformPointsAss(30,41)":
Machine := "Rota":
##############################################################################
Instance:=25000:
PreTime:=  21923.27:
GroebnerTime:=  49036.27:
RealTime:=  23461.96:
Table:=[[10982,5503,7521,994]
       ,[453,4550,11690,8307]
       ,[1527,7403,11523,4547]
       ,[0,3156,14889,6955]
       ,[14669,1649,6989,1693]
       ,[0,1502,13375,10123]]:
CoefficientHeight:=   40.8:
