##############################################################################
#
#  Data for the enumerative problem
#  A215 Ye2 W Xe3  = 5 on Catalina
#
##############################################################################
FlagVariety:=[1, 2, 3, 5]:
Label := "A215 Ye2 W Xe3 ":
EnumerativeProblem:=[ [2, 1, 5, 3, 4] ,[1, 2, 4, 3, 5]
                     ,[1, 2, 4, 3, 5] ,[2, 1, 3, 4, 5]
                     ,[1, 3, 2, 4, 5] ,[1, 3, 2, 4, 5]
                     ,[1, 3, 2, 4, 5]]:
NumberOfSolutions := 5:
Necklaces:=[ [1, 2, 3, 4, 5, 6] ,[1, 2, 4, 3, 5, 6]
            ,[1, 2, 5, 3, 4, 6] ,[1, 2, 6, 3, 4, 5]
            ,[1, 3, 2, 4, 5, 6] ,[1, 4, 2, 3, 5, 6]
            ,[1, 5, 2, 3, 4, 6] ,[1, 6, 2, 3, 4, 5]
            ,[1, 3, 4, 2, 5, 6] ,[1, 3, 5, 2, 4, 6]
            ,[1, 3, 6, 2, 4, 5] ,[1, 4, 3, 2, 5, 6]
            ,[1, 5, 3, 2, 4, 6] ,[1, 6, 3, 2, 4, 5]
            ,[1, 4, 5, 2, 3, 6] ,[1, 4, 6, 2, 3, 5]
            ,[1, 5, 4, 2, 3, 6] ,[1, 5, 6, 2, 3, 4]
            ,[2, 3, 1, 4, 5, 6] ,[2, 4, 1, 3, 5, 6]
            ,[2, 5, 1, 3, 4, 6] ,[3, 4, 1, 2, 5, 6]
            ,[3, 5, 1, 2, 4, 6] ,[4, 5, 1, 2, 3, 6]
            ,[2, 3, 4, 1, 5, 6] ,[2, 3, 5, 1, 4, 6]
            ,[2, 4, 3, 1, 5, 6] ,[2, 5, 3, 1, 4, 6]
            ,[2, 4, 5, 1, 3, 6] ,[3, 4, 2, 1, 5, 6]
           ]:
Points:=[[4, 31],[7, 30],[10, 29],[13, 28],[16, 27],[19, 25],[21, 23]
       ,[23, 21],[25, 18],[27, 16],[28, 13],[29, 10],[30, 7],[31, 4]
       ,[31, 1],[31, -3],[30, -6],[30, -9],[29, -12],[27, -15],[26, -17]
       ,[24, -20],[22, -22],[19, -24],[17, -26],[14, -28],[11, -29],[8, -30]
       ,[5, -31],[2, -31] ]:
PointSelection := "QuasiUniformPointsAss(30,31)":
Machine := "Catalina":
##############################################################################
Instance:=25000:
PreTime:=   4914.27:
GroebnerTime:=  34172.47:
RealTime:=  11043.06:
Table:=[[0,11036,13964]
       ,[332,12079,12589]
       ,[3214,9008,12778]
       ,[0,0,25000]
       ,[875,14146,9979]
       ,[3140,16154,5706]
       ,[5364,10194,9442]
       ,[5147,7097,12756]
       ,[4891,14718,5391]
       ,[6893,13494,4613]
       ,[2262,11037,11701]
       ,[6424,13267,5309]
       ,[5670,13391,5939]
       ,[1270,13432,10298]
       ,[4723,13263,7014]
       ,[1734,11817,11449]
       ,[1791,13071,10138]
       ,[444,3783,20773]
       ,[0,2217,22783]
       ,[1143,14129,9728]
       ,[234,6142,18624]
       ,[3715,13255,8030]
       ,[1769,15298,7933]
       ,[4,9745,15251]
       ,[2349,11776,10875]
       ,[2619,11043,11338]
       ,[1667,12970,10363]
       ,[2887,9325,12788]
       ,[3028,10491,11481]
       ,[2112,11400,11488]]:
CoefficientHeight:=   67.1:
