##############################################################################
#
#  Data for the enumerative problem
#  A215Ye3WXe2 = 4 on Schubert
#
##############################################################################
FlagVariety:=[1, 2, 3, 5]:
Label := "A215Ye3WXe2":
EnumerativeProblem:=[ [2, 1, 5, 3, 4] ,[1, 2, 4, 3, 5]
                     ,[1, 2, 4, 3, 5] ,[1, 2, 4, 3, 5]
                     ,[2, 1, 3, 4, 5] ,[1, 3, 2, 4, 5]
                     ,[1, 3, 2, 4, 5]]:
NumberOfSolutions := 4:
Necklaces:=[ [1, 2, 3, 4, 5, 6] ,[1, 2, 3, 5, 4, 6]
            ,[1, 2, 3, 6, 4, 5] ,[1, 2, 4, 3, 5, 6]
            ,[1, 2, 5, 3, 4, 6] ,[1, 2, 6, 3, 4, 5]
            ,[1, 2, 4, 5, 3, 6] ,[1, 2, 4, 6, 3, 5]
            ,[1, 2, 5, 4, 3, 6] ,[1, 2, 6, 4, 3, 5]
            ,[1, 2, 5, 6, 3, 4] ,[1, 2, 6, 5, 3, 4]
            ,[1, 3, 4, 2, 5, 6] ,[1, 3, 5, 2, 4, 6]
            ,[1, 3, 6, 2, 4, 5] ,[1, 4, 5, 2, 3, 6]
            ,[1, 4, 6, 2, 3, 5] ,[1, 3, 4, 5, 2, 6]
            ,[1, 3, 4, 6, 2, 5] ,[1, 3, 5, 4, 2, 6]
            ,[1, 3, 6, 4, 2, 5] ,[1, 3, 5, 6, 2, 4]
            ,[1, 4, 5, 3, 2, 6] ,[1, 4, 5, 6, 2, 3]
            ,[2, 3, 4, 1, 5, 6] ,[2, 3, 5, 1, 4, 6]
            ,[2, 4, 5, 1, 3, 6] ,[3, 4, 5, 1, 2, 6]
            ,[2, 3, 4, 5, 1, 6] ,[2, 3, 5, 4, 1, 6]
           ]:
Points:=[[6, 61],[11, 60],[15, 59],[20, 58],[24, 56],[28, 54],[33, 52]
       ,[36, 49],[40, 46],[43, 43],[47, 39],[49, 36],[52, 32],[54, 28]
       ,[56, 24],[58, 19],[59, 15],[60, 10],[61, 5],[61, 1],[61, -4]
       ,[60, -9],[60, -13],[58, -18],[57, -22],[55, -26],[53, -31],[50, -34]
       ,[48, -38],[44, -42],[41, -45],[38, -48],[34, -51],[30, -53],[26, -55]
       ,[21, -57],[17, -59],[12, -60],[8, -61],[3, -61] ]:
PointSelection := "QuasiUniformPointsAss(40,61)":
Machine := "Schubert":
##############################################################################
Instance:=25000:
PreTime:=   6057.49:
GroebnerTime:=  13947.07:
RealTime:=  10856.46:
Table:=[[616,10237,14147]
       ,[2465,7126,15409]
       ,[0,0,25000]
       ,[298,11237,13465]
       ,[1916,8098,14986]
       ,[0,10598,14402]
       ,[109,6795,18096]
       ,[0,9659,15341]
       ,[243,8554,16203]
       ,[158,10961,13881]
       ,[0,2064,22936]
       ,[0,9153,15847]
       ,[225,9044,15731]
       ,[2621,12544,9835]
       ,[0,12505,12495]
       ,[1646,10773,12581]
       ,[1290,16327,7383]
       ,[1,9430,15569]
       ,[0,10431,14569]
       ,[51,8441,16508]
       ,[131,14889,9980]
       ,[0,12052,12948]
       ,[521,7940,16539]
       ,[0,2718,22282]
       ,[139,2292,22569]
       ,[134,6460,18406]
       ,[17,7731,17252]
       ,[0,3801,21199]
       ,[317,3042,21641]
       ,[0,2461,22539]]:
CoefficientHeight:=   52.6:
