##############################################################################
#
#  Data for the enumerative problem
#  A215Y2WXe3 = 3 on Pieri
#
##############################################################################
FlagVariety:=[1, 2, 3, 5]:
Label := "A215Y2WXe3":
EnumerativeProblem:=[ [2, 1, 5, 3, 4] ,[1, 2, 5, 3, 4]
                     ,[2, 1, 3, 4, 5] ,[1, 3, 2, 4, 5]
                     ,[1, 3, 2, 4, 5] ,[1, 3, 2, 4, 5]
                    ]:
NumberOfSolutions := 3:
Necklaces:=[ [1, 2, 3, 4, 5] ,[1, 3, 2, 4, 5]
            ,[1, 4, 2, 3, 5] ,[1, 5, 2, 3, 4]
            ,[2, 1, 3, 4, 5] ,[3, 1, 2, 4, 5]
            ,[4, 1, 2, 3, 5] ,[2, 3, 1, 4, 5]
            ,[2, 4, 1, 3, 5] ,[3, 2, 1, 4, 5]
           ]:
Points:=[[8, 81],[14, 80],[20, 78],[26, 77],[32, 74],[38, 72],[43, 69]
       ,[48, 65],[53, 61],[58, 57],[62, 52],[66, 47],[69, 42],[72, 37]
       ,[75, 31],[77, 25],[79, 19],[80, 13],[81, 7],[81, 1],[81, -5]
       ,[80, -11],[79, -17],[78, -23],[76, -29],[73, -35],[70, -41],[67, -46]
       ,[63, -51],[59, -55],[55, -60],[50, -64],[45, -67],[40, -71],[34, -73]
       ,[28, -76],[22, -78],[16, -79],[10, -80],[4, -81] ]:
PointSelection := "QuasiUniformPointsAss(40,81)":
Machine := "Pieri":
##############################################################################
Instance:=25000:
PreTime:=   4408.90:
GroebnerTime:=   3217.14:
RealTime:=   3090.61:
Table:=[[1476,23524]
       ,[1989,23011]
       ,[6110,18890]
       ,[0,25000]
       ,[398,24602]
       ,[5342,19658]
       ,[0,25000]
       ,[9331,15669]
       ,[6359,18641]
       ,[10070,14930]]:
CoefficientHeight:=   55.9:
