##############################################################################
#
#  Data for the enumerative problem
#  A215 Y W Xe4  = 5 on Noether
#
##############################################################################
FlagVariety:=[1, 2, 3, 5]:
Label := "A215 Y W Xe4 ":
EnumerativeProblem:=[ [2, 1, 5, 3, 4] ,[1, 2, 4, 3, 5]
                     ,[2, 1, 3, 4, 5] ,[1, 3, 2, 4, 5]
                     ,[1, 3, 2, 4, 5] ,[1, 3, 2, 4, 5]
                     ,[1, 3, 2, 4, 5]]:
NumberOfSolutions := 5:
Necklaces:=[ [1, 2, 3, 4, 5, 6] ,[1, 3, 2, 4, 5, 6]
            ,[1, 4, 2, 3, 5, 6] ,[1, 5, 2, 3, 4, 6]
            ,[1, 6, 2, 3, 4, 5] ,[2, 1, 3, 4, 5, 6]
            ,[3, 1, 2, 4, 5, 6] ,[4, 1, 2, 3, 5, 6]
            ,[5, 1, 2, 3, 4, 6] ,[2, 3, 1, 4, 5, 6]
            ,[2, 4, 1, 3, 5, 6] ,[2, 5, 1, 3, 4, 6]
            ,[3, 2, 1, 4, 5, 6] ,[4, 2, 1, 3, 5, 6]
            ,[3, 4, 1, 2, 5, 6]]:
Points:=[[4, 31],[7, 30],[10, 29],[13, 28],[16, 27],[19, 25],[21, 23]
       ,[23, 21],[25, 18],[27, 16],[28, 13],[29, 10],[30, 7],[31, 4]
       ,[31, 1],[31, -3],[30, -6],[30, -9],[29, -12],[27, -15],[26, -17]
       ,[24, -20],[22, -22],[19, -24],[17, -26],[14, -28],[11, -29],[8, -30]
       ,[5, -31],[2, -31] ]:
PointSelection := "QuasiUniformPointsAss(30,31)":
Machine := "Noether":
##############################################################################
Instance:=25000:
PreTime:=   4960.56:
GroebnerTime:=  18712.74:
RealTime:=   6687.56:
Table:=[[5105,6735,13160]
       ,[1941,12800,10259]
       ,[929,12789,11282]
       ,[5013,8211,11776]
       ,[0,0,25000]
       ,[315,2605,22080]
       ,[4219,11064,9717]
       ,[2208,12105,10687]
       ,[4511,5152,15337]
       ,[1032,12261,11707]
       ,[4561,13721,6718]
       ,[4072,10761,10167]
       ,[3269,14485,7246]
       ,[5693,13891,5416]
       ,[7874,11794,5332]]:
CoefficientHeight:=   63.5:
