##############################################################################
#
#  Data for the enumerative problem
#  A314 Ye3 W Xe2  = 5 on Schur
#
##############################################################################
FlagVariety:=[1, 2, 3, 5]:
Label := "A314 Ye3 W Xe2 ":
EnumerativeProblem:=[ [3, 1, 4, 2, 5] ,[1, 2, 4, 3, 5]
                     ,[1, 2, 4, 3, 5] ,[1, 2, 4, 3, 5]
                     ,[2, 1, 3, 4, 5] ,[1, 3, 2, 4, 5]
                     ,[1, 3, 2, 4, 5]]:
NumberOfSolutions := 5:
Necklaces:=[ [1, 2, 3, 4, 5, 6] ,[1, 2, 3, 5, 4, 6]
            ,[1, 2, 3, 6, 4, 5] ,[1, 2, 4, 3, 5, 6]
            ,[1, 2, 5, 3, 4, 6] ,[1, 2, 6, 3, 4, 5]
            ,[1, 2, 4, 5, 3, 6] ,[1, 2, 4, 6, 3, 5]
            ,[1, 2, 5, 4, 3, 6] ,[1, 2, 6, 4, 3, 5]
            ,[1, 2, 5, 6, 3, 4] ,[1, 2, 6, 5, 3, 4]
            ,[1, 3, 4, 2, 5, 6] ,[1, 3, 5, 2, 4, 6]
            ,[1, 3, 6, 2, 4, 5] ,[1, 4, 5, 2, 3, 6]
            ,[1, 4, 6, 2, 3, 5] ,[1, 3, 4, 5, 2, 6]
            ,[1, 3, 4, 6, 2, 5] ,[1, 3, 5, 4, 2, 6]
            ,[1, 3, 6, 4, 2, 5] ,[1, 3, 5, 6, 2, 4]
            ,[1, 4, 5, 3, 2, 6] ,[1, 4, 5, 6, 2, 3]
            ,[2, 3, 4, 1, 5, 6] ,[2, 3, 5, 1, 4, 6]
            ,[2, 4, 5, 1, 3, 6] ,[3, 4, 5, 1, 2, 6]
            ,[2, 3, 4, 5, 1, 6] ,[2, 3, 5, 4, 1, 6]
           ]:
Points:=[[4, 31],[7, 30],[10, 29],[13, 28],[16, 27],[19, 25],[21, 23]
       ,[23, 21],[25, 18],[27, 16],[28, 13],[29, 10],[30, 7],[31, 4]
       ,[31, 1],[31, -3],[30, -6],[30, -9],[29, -12],[27, -15],[26, -17]
       ,[24, -20],[22, -22],[19, -24],[17, -26],[14, -28],[11, -29],[8, -30]
       ,[5, -31],[2, -31] ]:
PointSelection := "QuasiUniformPointsAss(30,31)":
Machine := "Schur":
##############################################################################
Instance:=25000:
PreTime:=   2379.67:
GroebnerTime:=  23874.88:
RealTime:=   6381.44:
Table:=[[6964,6279,11757]
       ,[3915,2476,18609]
       ,[0,0,25000]
       ,[207,3431,21362]
       ,[5648,9232,10120]
       ,[3115,5161,16724]
       ,[523,3962,20515]
       ,[4439,11586,8975]
       ,[606,8737,15657]
       ,[7252,7333,10415]
       ,[3074,10590,11336]
       ,[444,329,24227]
       ,[0,1527,23473]
       ,[3991,9840,11169]
       ,[714,11981,12305]
       ,[0,9655,15345]
       ,[4092,10587,10321]
       ,[0,7879,17121]
       ,[0,14781,10219]
       ,[0,12450,12550]
       ,[730,6510,17760]
       ,[5076,12221,7703]
       ,[0,13065,11935]
       ,[60,9185,15755]
       ,[0,0,25000]
       ,[3504,9375,12121]
       ,[0,9405,15595]
       ,[0,5996,19004]
       ,[0,2036,22964]
       ,[0,7033,17967]]:
CoefficientHeight:=   42.4:
