##############################################################################
#
#  Data for the enumerative problem
#  A314 Ye2 W Xe3  = 5 on Catalina
#
##############################################################################
FlagVariety:=[1, 2, 3, 5]:
Label := "A314 Ye2 W Xe3 ":
EnumerativeProblem:=[ [3, 1, 4, 2, 5] ,[1, 2, 4, 3, 5]
                     ,[1, 2, 4, 3, 5] ,[2, 1, 3, 4, 5]
                     ,[1, 3, 2, 4, 5] ,[1, 3, 2, 4, 5]
                     ,[1, 3, 2, 4, 5]]:
NumberOfSolutions := 5:
Necklaces:=[ [1, 2, 3, 4, 5, 6] ,[1, 2, 4, 3, 5, 6]
            ,[1, 2, 5, 3, 4, 6] ,[1, 2, 6, 3, 4, 5]
            ,[1, 3, 2, 4, 5, 6] ,[1, 4, 2, 3, 5, 6]
            ,[1, 5, 2, 3, 4, 6] ,[1, 6, 2, 3, 4, 5]
            ,[1, 3, 4, 2, 5, 6] ,[1, 3, 5, 2, 4, 6]
            ,[1, 3, 6, 2, 4, 5] ,[1, 4, 3, 2, 5, 6]
            ,[1, 5, 3, 2, 4, 6] ,[1, 6, 3, 2, 4, 5]
            ,[1, 4, 5, 2, 3, 6] ,[1, 4, 6, 2, 3, 5]
            ,[1, 5, 4, 2, 3, 6] ,[1, 5, 6, 2, 3, 4]
            ,[2, 3, 1, 4, 5, 6] ,[2, 4, 1, 3, 5, 6]
            ,[2, 5, 1, 3, 4, 6] ,[3, 4, 1, 2, 5, 6]
            ,[3, 5, 1, 2, 4, 6] ,[4, 5, 1, 2, 3, 6]
            ,[2, 3, 4, 1, 5, 6] ,[2, 3, 5, 1, 4, 6]
            ,[2, 4, 3, 1, 5, 6] ,[2, 5, 3, 1, 4, 6]
            ,[2, 4, 5, 1, 3, 6] ,[3, 4, 2, 1, 5, 6]
           ]:
Points:=[[4, 31],[7, 30],[10, 29],[13, 28],[16, 27],[19, 25],[21, 23]
       ,[23, 21],[25, 18],[27, 16],[28, 13],[29, 10],[30, 7],[31, 4]
       ,[31, 1],[31, -3],[30, -6],[30, -9],[29, -12],[27, -15],[26, -17]
       ,[24, -20],[22, -22],[19, -24],[17, -26],[14, -28],[11, -29],[8, -30]
       ,[5, -31],[2, -31] ]:
PointSelection := "QuasiUniformPointsAss(30,31)":
Machine := "Catalina":
##############################################################################
Instance:=25000:
PreTime:=   2389.07:
GroebnerTime:=  12662.28:
RealTime:=   7203.26:
Table:=[[0,6989,18011]
       ,[4643,10412,9945]
       ,[2804,2951,19245]
       ,[0,0,25000]
       ,[0,2960,22040]
       ,[1187,7365,16448]
       ,[39,5410,19551]
       ,[0,388,24612]
       ,[6412,9149,9439]
       ,[5298,9942,9760]
       ,[3045,12285,9670]
       ,[2692,10548,11760]
       ,[4887,13592,6521]
       ,[4241,9368,11391]
       ,[957,10275,13768]
       ,[0,12410,12590]
       ,[819,11084,13097]
       ,[0,8618,16382]
       ,[0,0,25000]
       ,[4961,9482,10557]
       ,[0,11981,13019]
       ,[79,10174,14747]
       ,[4753,11969,8278]
       ,[2135,7088,15777]
       ,[3528,12709,8763]
       ,[1758,8225,15017]
       ,[1083,9753,14164]
       ,[2884,12485,9631]
       ,[2967,8969,13064]
       ,[1,4705,20294]]:
CoefficientHeight:=   36.7:
