##############################################################################
#
#  Data for the enumerative problem
#  A315 Y W Xe3  = 3 on Noether
#
##############################################################################
FlagVariety:=[1, 2, 3, 5]:
Label := "A315 Y W Xe3 ":
EnumerativeProblem:=[ [3, 1, 5, 2, 4] ,[1, 2, 4, 3, 5]
                     ,[2, 1, 3, 4, 5] ,[1, 3, 2, 4, 5]
                     ,[1, 3, 2, 4, 5] ,[1, 3, 2, 4, 5]
                    ]:
NumberOfSolutions := 3:
Necklaces:=[ [1, 2, 3, 4, 5] ,[1, 3, 2, 4, 5]
            ,[1, 4, 2, 3, 5] ,[1, 5, 2, 3, 4]
            ,[2, 1, 3, 4, 5] ,[3, 1, 2, 4, 5]
            ,[4, 1, 2, 3, 5] ,[2, 3, 1, 4, 5]
            ,[2, 4, 1, 3, 5] ,[3, 2, 1, 4, 5]
           ]:
Points:=[[6, 61],[11, 60],[15, 59],[20, 58],[24, 56],[28, 54],[33, 52]
       ,[36, 49],[40, 46],[43, 43],[47, 39],[49, 36],[52, 32],[54, 28]
       ,[56, 24],[58, 19],[59, 15],[60, 10],[61, 5],[61, 1],[61, -4]
       ,[60, -9],[60, -13],[58, -18],[57, -22],[55, -26],[53, -31],[50, -34]
       ,[48, -38],[44, -42],[41, -45],[38, -48],[34, -51],[30, -53],[26, -55]
       ,[21, -57],[17, -59],[12, -60],[8, -61],[3, -61] ]:
PointSelection := "QuasiUniformPointsAss(40,61)":
Machine := "Noether":
##############################################################################
Instance:=25000:
PreTime:=   4064.29:
GroebnerTime:=   2601.62:
RealTime:=   2757.26:
Table:=[[1775,23225]
       ,[11375,13625]
       ,[4891,20109]
       ,[0,25000]
       ,[5654,19346]
       ,[6768,18232]
       ,[7434,17566]
       ,[7807,17193]
       ,[10623,14377]
       ,[5764,19236]]:
CoefficientHeight:=   21.5:
