##############################################################################
#
#  Data for the enumerative problem
#  A32 Ye3 W Xe2  = 4 on Noether
#
##############################################################################
FlagVariety:=[1, 2, 3, 5]:
Label := "A32 Ye3 W Xe2 ":
EnumerativeProblem:=[ [3, 2, 1, 4, 5] ,[1, 2, 4, 3, 5]
                     ,[1, 2, 4, 3, 5] ,[1, 2, 4, 3, 5]
                     ,[2, 1, 3, 4, 5] ,[1, 3, 2, 4, 5]
                     ,[1, 3, 2, 4, 5]]:
NumberOfSolutions := 4:
Necklaces:=[ [1, 2, 3, 4, 5, 6] ,[1, 2, 3, 5, 4, 6]
            ,[1, 2, 3, 6, 4, 5] ,[1, 2, 4, 3, 5, 6]
            ,[1, 2, 5, 3, 4, 6] ,[1, 2, 6, 3, 4, 5]
            ,[1, 2, 4, 5, 3, 6] ,[1, 2, 4, 6, 3, 5]
            ,[1, 2, 5, 4, 3, 6] ,[1, 2, 6, 4, 3, 5]
            ,[1, 2, 5, 6, 3, 4] ,[1, 2, 6, 5, 3, 4]
            ,[1, 3, 4, 2, 5, 6] ,[1, 3, 5, 2, 4, 6]
            ,[1, 3, 6, 2, 4, 5] ,[1, 4, 5, 2, 3, 6]
            ,[1, 4, 6, 2, 3, 5] ,[1, 3, 4, 5, 2, 6]
            ,[1, 3, 4, 6, 2, 5] ,[1, 3, 5, 4, 2, 6]
            ,[1, 3, 6, 4, 2, 5] ,[1, 3, 5, 6, 2, 4]
            ,[1, 4, 5, 3, 2, 6] ,[1, 4, 5, 6, 2, 3]
            ,[2, 3, 4, 1, 5, 6] ,[2, 3, 5, 1, 4, 6]
            ,[2, 4, 5, 1, 3, 6] ,[3, 4, 5, 1, 2, 6]
            ,[2, 3, 4, 5, 1, 6] ,[2, 3, 5, 4, 1, 6]
           ]:
Points:=[[10, 100],[18, 99],[26, 98],[33, 95],[40, 93],[47, 89],[54, 85]
       ,[60, 81],[66, 76],[72, 71],[77, 65],[82, 59],[86, 53],[90, 46]
       ,[93, 39],[96, 32],[98, 24],[100, 17],[101, 9],[101, 1],[101, -6]
       ,[100, -14],[99, -22],[97, -29],[94, -37],[91, -44],[87, -51],[83, -57]
       ,[79, -63],[74, -69],[68, -75],[62, -80],[56, -84],[49, -88],[42, -92]
       ,[35, -95],[28, -97],[20, -99],[13, -100],[5, -101] ]:
PointSelection := "QuasiUniformPointsAss(40,101)":
Machine := "Noether":
##############################################################################
Instance:=25000:
PreTime:=   5615.12:
GroebnerTime:=  21555.12:
RealTime:=   9857.21:
Table:=[[2881,10543,11576]
       ,[4202,6267,14531]
       ,[0,0,25000]
       ,[133,8280,16587]
       ,[3508,11897,9595]
       ,[1670,9886,13444]
       ,[756,12440,11804]
       ,[0,9963,15037]
       ,[1093,11922,11985]
       ,[4201,12472,8327]
       ,[0,13011,11989]
       ,[0,5478,19522]
       ,[0,3479,21521]
       ,[843,11677,12480]
       ,[705,9325,14970]
       ,[0,11136,13864]
       ,[871,12282,11847]
       ,[1752,10170,13078]
       ,[0,4505,20495]
       ,[3415,13323,8262]
       ,[951,13544,10505]
       ,[0,13263,11737]
       ,[2680,8993,13327]
       ,[0,8721,16279]
       ,[0,0,25000]
       ,[0,10852,14148]
       ,[0,9134,15866]
       ,[0,0,25000]
       ,[4006,5628,15366]
       ,[2504,12228,10268]]:
CoefficientHeight:=   47.4:
