##############################################################################
#
#  Data for the enumerative problem
#  A32 Ye4 W X  = 5 on Rcf1537-3.Math.Umass.Edu
#
##############################################################################
FlagVariety:=[1, 2, 3, 5]:
Label := "A32 Ye4 W X ":
EnumerativeProblem:=[ [3, 2, 1, 4, 5] ,[1, 2, 4, 3, 5]
                     ,[1, 2, 4, 3, 5] ,[1, 2, 4, 3, 5]
                     ,[1, 2, 4, 3, 5] ,[2, 1, 3, 4, 5]
                     ,[1, 3, 2, 4, 5]]:
NumberOfSolutions := 5:
Necklaces:=[ [1, 2, 3, 4, 5, 6] ,[1, 2, 3, 4, 6, 5]
            ,[1, 2, 3, 5, 4, 6] ,[1, 2, 3, 6, 4, 5]
            ,[1, 2, 3, 5, 6, 4] ,[1, 2, 3, 6, 5, 4]
            ,[1, 2, 4, 5, 3, 6] ,[1, 2, 4, 6, 3, 5]
            ,[1, 2, 5, 6, 3, 4] ,[1, 2, 4, 5, 6, 3]
            ,[1, 2, 4, 6, 5, 3] ,[1, 3, 4, 5, 2, 6]
            ,[1, 3, 4, 6, 2, 5] ,[1, 3, 4, 5, 6, 2]
            ,[2, 3, 4, 5, 1, 6]]:
Points:=[[4, 31],[7, 30],[10, 29],[13, 28],[16, 27],[19, 25],[21, 23]
       ,[23, 21],[25, 18],[27, 16],[28, 13],[29, 10],[30, 7],[31, 4]
       ,[31, 1],[31, -3],[30, -6],[30, -9],[29, -12],[27, -15],[26, -17]
       ,[24, -20],[22, -22],[19, -24],[17, -26],[14, -28],[11, -29],[8, -30]
       ,[5, -31],[2, -31] ]:
PointSelection := "QuasiUniformPointsAss(30,31)":
Machine := "Rcf1537-3.Math.Umass.Edu":
##############################################################################
Instance:=25000:
PreTime:=   5861.74:
GroebnerTime:=  13959.60:
RealTime:=   8012.88:
Table:=[[4865,4822,15313]
       ,[0,0,25000]
       ,[4069,12201,8730]
       ,[5420,9968,9612]
       ,[4331,8140,12529]
       ,[1119,12723,11158]
       ,[2134,12871,9995]
       ,[5137,11686,8177]
       ,[5189,10785,9026]
       ,[1618,10284,13098]
       ,[2361,11451,11188]
       ,[3500,4376,17124]
       ,[3439,8941,12620]
       ,[4202,4214,16584]
       ,[0,0,25000]]:
CoefficientHeight:=   44.3:
