##############################################################################
#
#  Data for the enumerative problem
#  W2 Xe3 Ye4  = 12 on Pieri
#  25000 iterations planned  
#
##############################################################################
FlagVariety:=[1, 2, 3, 5]:
Label := "W2 Xe3 Ye4 ":
EnumerativeProblem:=[ [3, 1, 2, 4, 5] ,[1, 3, 2, 4, 5]
                     ,[1, 3, 2, 4, 5] ,[1, 3, 2, 4, 5]
                     ,[1, 2, 4, 3, 5] ,[1, 2, 4, 3, 5]
                     ,[1, 2, 4, 3, 5] ,[1, 2, 4, 3, 5]
                    ]:
NumberOfSolutions := 12:
Necklaces:=[ [1, 2, 3, 4, 5, 6, 7] ,[1, 2, 4, 3, 5, 6, 7]
            ,[1, 2, 5, 3, 4, 6, 7] ,[1, 2, 6, 3, 4, 5, 7]
            ,[1, 2, 7, 3, 4, 5, 6] ,[1, 3, 4, 2, 5, 6, 7]
            ,[1, 3, 5, 2, 4, 6, 7] ,[1, 3, 6, 2, 4, 5, 7]
            ,[1, 3, 7, 2, 4, 5, 6] ,[1, 4, 5, 2, 3, 6, 7]
            ,[1, 4, 6, 2, 3, 5, 7] ,[1, 4, 7, 2, 3, 5, 6]
            ,[1, 5, 6, 2, 3, 4, 7] ,[2, 3, 4, 1, 5, 6, 7]
            ,[2, 3, 5, 1, 4, 6, 7] ,[2, 3, 6, 1, 4, 5, 7]
            ,[2, 4, 5, 1, 3, 6, 7] ,[2, 4, 6, 1, 3, 5, 7]
            ,[3, 4, 5, 1, 2, 6, 7]]:
Points:=[[3, 21],[5, 20],[7, 20],[9, 19],[11, 18],[13, 17],[14, 15]
       ,[16, 14],[17, 12],[18, 11],[19, 9],[20, 7],[20, 5],[21, 2]
       ,[21, 0],[21, -2],[21, -4],[20, -6],[19, -8],[19, -10],[17, -12]
       ,[16, -13],[15, -15],[13, -16],[11, -18],[10, -19],[8, -20],[6, -20]
       ,[4, -21],[1, -21] ]:
PointSelection := "QuasiUniformPointsAss(30,21)":
Machine := "Pieri":
NumberOfIterations := 25000:
##############################################################################
Instance:=25000:
PreTime:=   5634.86:
GroebnerTime:=1471763.20:
RealTime:=  44223.52:
Table:=[[0,0,0,0,0,0,25000]
       ,[0,558,2263,3832,6406,4969,6972]
       ,[0,0,10,4423,8197,7340,5030]
       ,[0,440,2453,3869,6199,5088,6951]
       ,[0,0,0,0,0,0,25000]
       ,[0,0,11,4268,8245,6961,5515]
       ,[0,164,4948,7305,7427,3626,1530]
       ,[0,0,1557,5633,8878,6836,2096]
       ,[0,464,2122,3817,6527,5045,7025]
       ,[0,0,91,3723,11681,5767,3738]
       ,[0,155,5290,7068,7333,3596,1558]
       ,[0,0,8,4143,8647,7244,4958]
       ,[0,0,7,4257,8294,6926,5516]
       ,[0,401,1552,3117,5893,4668,9369]
       ,[0,0,1421,5427,8877,6578,2697]
       ,[0,112,4266,6996,7931,3967,1728]
       ,[0,137,4323,6566,8016,4109,1849]
       ,[982,2493,7895,5406,5346,2100,778]
       ,[0,0,7,3629,8299,7866,5199]]:
CoefficientHeight:=  113.1:
