##############################################################################
#
#  Data for the enumerative problem
#  W3 Xe2 Ye4  = 7 on Noether
#  25000 iterations planned  
#
##############################################################################
FlagVariety:=[1, 2, 3, 5]:
Label := "W3 Xe2 Ye4 ":
EnumerativeProblem:=[ [4, 1, 2, 3, 5] ,[1, 3, 2, 4, 5]
                     ,[1, 3, 2, 4, 5] ,[1, 2, 4, 3, 5]
                     ,[1, 2, 4, 3, 5] ,[1, 2, 4, 3, 5]
                     ,[1, 2, 4, 3, 5]]:
NumberOfSolutions := 7:
Necklaces:=[ [1, 2, 3, 4, 5, 6] ,[1, 3, 2, 4, 5, 6]
            ,[1, 4, 2, 3, 5, 6] ,[1, 5, 2, 3, 4, 6]
            ,[1, 6, 2, 3, 4, 5] ,[2, 3, 1, 4, 5, 6]
            ,[2, 4, 1, 3, 5, 6] ,[2, 5, 1, 3, 4, 6]
            ,[3, 4, 1, 2, 5, 6]]:
Points:=[[3, 21],[5, 20],[7, 20],[9, 19],[11, 18],[13, 17],[14, 15]
       ,[16, 14],[17, 12],[18, 11],[19, 9],[20, 7],[20, 5],[21, 2]
       ,[21, 0],[21, -2],[21, -4],[20, -6],[19, -8],[19, -10],[17, -12]
       ,[16, -13],[15, -15],[13, -16],[11, -18],[10, -19],[8, -20],[6, -20]
       ,[4, -21],[1, -21] ]:
PointSelection := "QuasiUniformPointsAss(30,21)":
Machine := "Noether":
NumberOfIterations := 25000:
##############################################################################
Instance:=25000:
PreTime:=   4176.51:
GroebnerTime:=  25941.32:
RealTime:=   6783.20:
Table:=[[0,0,0,25000]
       ,[1120,5364,9633,8883]
       ,[0,2560,13204,9236]
       ,[0,4456,9753,10791]
       ,[0,0,0,25000]
       ,[0,2374,5740,16886]
       ,[3446,5566,9132,6856]
       ,[29,2571,14627,7773]
       ,[0,89,10500,14411]]:
CoefficientHeight:=   29.7:
