##############################################################################
#
#  Data for the enumerative problem
#  Y2 Ye2 We2 Xe3  = 5 on Witherlin
#
##############################################################################
FlagVariety:=[1, 2, 3, 5]:
Label := "Y2 Ye2 We2 Xe3 ":
EnumerativeProblem:=[ [1, 2, 5, 3, 4] ,[1, 2, 4, 3, 5]
                     ,[1, 2, 4, 3, 5] ,[2, 1, 3, 4, 5]
                     ,[2, 1, 3, 4, 5] ,[1, 3, 2, 4, 5]
                     ,[1, 3, 2, 4, 5] ,[1, 3, 2, 4, 5]
                    ]:
NumberOfSolutions := 5:
Necklaces:=[ [1, 3, 5, 7, 2, 4, 6] ,[1, 2, 5, 7, 3, 4, 6]
            ,[3, 7, 1, 6, 2, 4, 5] ,[1, 4, 2, 7, 3, 5, 6]
            ,[3, 6, 1, 7, 2, 4, 5] ,[1, 4, 5, 7, 2, 3, 6]
            ,[2, 7, 4, 6, 1, 3, 5] ,[1, 7, 4, 6, 2, 3, 5]
            ,[3, 4, 5, 7, 1, 2, 6] ,[2, 4, 5, 7, 1, 3, 6]
            ,[2, 3, 5, 7, 1, 4, 6] ,[1, 5, 2, 4, 3, 6, 7]
            ,[5, 7, 2, 4, 1, 3, 6] ,[2, 6, 3, 5, 1, 4, 7]
            ,[1, 6, 3, 5, 2, 4, 7] ,[5, 6, 2, 4, 1, 3, 7]
            ,[6, 7, 3, 5, 1, 2, 4] ,[1, 2, 3, 4, 5, 6, 7]
            ,[3, 7, 1, 4, 2, 5, 6] ,[2, 7, 1, 4, 3, 5, 6]
            ,[1, 7, 3, 4, 2, 5, 6] ,[3, 4, 2, 5, 1, 6, 7]
            ,[2, 4, 3, 5, 1, 6, 7] ,[2, 3, 4, 5, 1, 6, 7]
            ,[3, 4, 1, 5, 2, 6, 7] ,[2, 4, 1, 5, 3, 6, 7]
            ,[2, 3, 1, 5, 4, 6, 7] ,[1, 4, 3, 5, 2, 6, 7]
            ,[1, 3, 4, 5, 2, 6, 7] ,[1, 4, 2, 5, 3, 6, 7]
            ,[1, 3, 2, 5, 4, 6, 7] ,[1, 2, 4, 5, 3, 6, 7]
            ,[6, 7, 2, 4, 1, 3, 5] ,[1, 7, 3, 5, 2, 4, 6]
            ,[6, 7, 1, 5, 2, 3, 4] ,[1, 7, 2, 6, 3, 4, 5]
            ,[5, 7, 1, 6, 2, 3, 4] ,[1, 6, 2, 7, 3, 4, 5]
            ,[5, 6, 1, 7, 2, 3, 4] ,[6, 7, 1, 2, 3, 4, 5]
            ,[2, 7, 1, 3, 4, 5, 6] ,[1, 7, 2, 3, 4, 5, 6]
            ,[2, 3, 1, 4, 5, 6, 7] ,[1, 3, 2, 4, 5, 6, 7]
            ,[6, 7, 1, 4, 2, 3, 5] ,[1, 7, 2, 5, 3, 4, 6]
            ,[1, 2, 3, 6, 4, 5, 7] ,[5, 7, 1, 4, 2, 3, 6]
            ,[1, 6, 2, 5, 3, 4, 7] ,[5, 6, 1, 4, 2, 3, 7]
            ,[4, 6, 1, 7, 2, 3, 5] ,[5, 7, 1, 2, 3, 4, 6]
            ,[2, 6, 1, 3, 4, 5, 7] ,[1, 6, 2, 3, 4, 5, 7]
            ,[4, 7, 1, 5, 2, 3, 6] ,[1, 5, 2, 6, 3, 4, 7]
            ,[4, 6, 1, 5, 2, 3, 7] ,[5, 7, 2, 6, 1, 3, 4]
            ,[2, 6, 3, 7, 1, 4, 5] ,[1, 6, 3, 7, 2, 4, 5]
            ,[4, 5, 1, 7, 2, 3, 6] ,[5, 6, 1, 2, 3, 4, 7]
            ,[4, 5, 1, 6, 2, 3, 7] ,[5, 6, 2, 7, 1, 3, 4]
            ,[6, 7, 2, 3, 1, 4, 5] ,[3, 7, 2, 4, 1, 5, 6]
            ,[2, 7, 3, 4, 1, 5, 6] ,[1, 4, 2, 3, 5, 6, 7]
            ,[1, 5, 2, 3, 4, 6, 7] ,[1, 4, 2, 6, 3, 5, 7]
            ,[1, 3, 5, 6, 2, 4, 7] ,[1, 4, 3, 6, 2, 5, 7]
            ,[1, 5, 3, 4, 2, 6, 7] ,[1, 6, 3, 4, 2, 5, 7]
            ,[1, 5, 3, 6, 2, 4, 7] ,[1, 5, 3, 7, 2, 4, 6]
            ,[1, 4, 5, 6, 2, 3, 7] ,[1, 4, 6, 7, 2, 3, 5]
            ,[1, 5, 6, 7, 2, 3, 4] ,[2, 4, 1, 3, 5, 6, 7]
            ,[2, 5, 1, 3, 4, 6, 7] ,[2, 4, 1, 6, 3, 5, 7]
            ,[2, 5, 1, 4, 3, 6, 7] ,[2, 6, 1, 4, 3, 5, 7]
            ,[2, 5, 1, 6, 3, 4, 7] ,[2, 6, 1, 7, 3, 4, 5]
            ,[3, 4, 1, 2, 5, 6, 7] ,[3, 5, 1, 2, 4, 6, 7]
            ,[3, 6, 1, 2, 4, 5, 7] ,[4, 5, 1, 2, 3, 6, 7]
            ,[4, 6, 1, 2, 3, 5, 7] ,[3, 4, 1, 6, 2, 5, 7]
            ,[3, 5, 1, 4, 2, 6, 7] ,[3, 6, 1, 4, 2, 5, 7]
            ,[3, 5, 1, 6, 2, 4, 7] ,[3, 5, 1, 7, 2, 4, 6]
            ,[3, 6, 1, 5, 2, 4, 7] ,[2, 3, 5, 6, 1, 4, 7]
            ,[2, 4, 3, 6, 1, 5, 7] ,[2, 5, 3, 4, 1, 6, 7]
            ,[2, 6, 3, 4, 1, 5, 7] ,[2, 5, 3, 6, 1, 4, 7]
            ,[2, 4, 5, 6, 1, 3, 7] ,[2, 5, 4, 6, 1, 3, 7]
            ,[3, 4, 2, 6, 1, 5, 7] ,[3, 5, 2, 4, 1, 6, 7]
            ,[3, 5, 2, 6, 1, 4, 7] ,[4, 5, 2, 3, 1, 6, 7]
           ]:
Points:=[[10, 100],[18, 99],[26, 98],[33, 95],[40, 93],[47, 89],[54, 85]
       ,[60, 81],[66, 76],[72, 71],[77, 65],[82, 59],[86, 53],[90, 46]
       ,[93, 39],[96, 32],[98, 24],[100, 17],[101, 9],[101, 1],[101, -6]
       ,[100, -14],[99, -22],[97, -29],[94, -37],[91, -44],[87, -51],[83, -57]
       ,[79, -63],[74, -69],[68, -75],[62, -80],[56, -84],[49, -88],[42, -92]
       ,[35, -95],[28, -97],[20, -99],[13, -100],[5, -101] ]:
PointSelection := "QuasiUniformPointsAss(40,101)":
Machine := "Witherlin":
##############################################################################
Instance:=25000:
PreTime:=  15497.35:
GroebnerTime:= 532303.01:
RealTime:=  74367.88:
Table:=[[6770,11622,6608]
       ,[4569,6521,13910]
       ,[4805,13396,6799]
       ,[5516,15080,4404]
       ,[820,8934,15246]
       ,[3420,13092,8488]
       ,[6399,8590,10011]
       ,[5224,6352,13424]
       ,[2852,12453,9695]
       ,[2153,10071,12776]
       ,[3333,9476,12191]
       ,[4095,9808,11097]
       ,[2993,9621,12386]
       ,[762,8505,15733]
       ,[4701,9587,10712]
       ,[1882,7510,15608]
       ,[3569,5739,15692]
       ,[0,0,25000]
       ,[1010,12461,11529]
       ,[2928,11888,10184]
       ,[0,0,25000]
       ,[1935,13682,9383]
       ,[417,9500,15083]
       ,[3,5147,19850]
       ,[3774,10247,10979]
       ,[4405,15102,5493]
       ,[95,12814,12091]
       ,[460,11750,12790]
       ,[4062,9765,11173]
       ,[1963,11456,11581]
       ,[2104,10920,11976]
       ,[0,0,25000]
       ,[4330,8017,12653]
       ,[4865,7576,12559]
       ,[39,9238,15723]
       ,[733,13230,11037]
       ,[2849,10459,11692]
       ,[5662,11530,7808]
       ,[0,1046,23954]
       ,[0,0,25000]
       ,[3338,4267,17395]
       ,[0,0,25000]
       ,[14,11355,13631]
       ,[1468,5496,18036]
       ,[1448,11629,11923]
       ,[1545,12327,11128]
       ,[2024,11897,11079]
       ,[8140,11519,5341]
       ,[4669,13010,7321]
       ,[3716,11498,9786]
       ,[1471,13415,10114]
       ,[4057,9758,11185]
       ,[4148,7186,13666]
       ,[4146,4328,16526]
       ,[7008,10922,7070]
       ,[2499,12137,10364]
       ,[1405,9677,13918]
       ,[199,7748,17053]
       ,[1249,11096,12655]
       ,[467,11264,13269]
       ,[2659,12267,10074]
       ,[39,6075,18886]
       ,[1007,9990,14003]
       ,[824,9439,14737]
       ,[0,0,25000]
       ,[3053,9555,12392]
       ,[3838,3319,17843]
       ,[3090,12533,9377]
       ,[1983,11059,11958]
       ,[7537,11672,5791]
       ,[2775,10342,11883]
       ,[3106,11981,9913]
       ,[2583,10551,11866]
       ,[4144,5222,15634]
       ,[2553,13869,8578]
       ,[6740,12844,5416]
       ,[1440,11853,11707]
       ,[1862,12688,10450]
       ,[4922,7614,12464]
       ,[137,16660,8203]
       ,[3396,12863,8741]
       ,[6206,13861,4933]
       ,[7090,11005,6905]
       ,[5221,10616,9163]
       ,[2155,11690,11155]
       ,[253,2829,21918]
       ,[7,8185,16808]
       ,[3408,14962,6630]
       ,[1780,8015,15205]
       ,[4916,12290,7794]
       ,[2736,13808,8456]
       ,[4146,13295,7559]
       ,[3484,13017,8499]
       ,[2776,9371,12853]
       ,[4840,13249,6911]
       ,[2494,15785,6721]
       ,[4337,10138,10525]
       ,[1,6398,18601]
       ,[2206,10356,12438]
       ,[2964,13635,8401]
       ,[1933,7244,15823]
       ,[596,11640,12764]
       ,[1753,13750,9497]
       ,[2243,11489,11268]
       ,[1747,11844,11409]
       ,[4327,13378,7295]
       ,[836,13405,10759]
       ,[2934,11453,10613]]:
CoefficientHeight:=  123.6:
