##############################################################################
#
#  Data for the enumerative problem
#  Y21Ye2We2Xe2 = 4 on Pisces
#
##############################################################################
FlagVariety:=[1, 2, 3, 5]:
Label := "Y21Ye2We2Xe2":
EnumerativeProblem:=[ [1, 3, 5, 2, 4] ,[1, 2, 4, 3, 5]
                     ,[1, 2, 4, 3, 5] ,[2, 1, 3, 4, 5]
                     ,[2, 1, 3, 4, 5] ,[1, 3, 2, 4, 5]
                     ,[1, 3, 2, 4, 5]]:
NumberOfSolutions := 4:
Necklaces:=[ [1, 2, 3, 4, 5, 6] ,[1, 2, 3, 5, 4, 6]
            ,[1, 2, 3, 6, 4, 5] ,[1, 2, 4, 5, 3, 6]
            ,[1, 2, 4, 6, 3, 5] ,[1, 2, 5, 6, 3, 4]
            ,[1, 3, 2, 4, 5, 6] ,[1, 3, 2, 5, 4, 6]
            ,[1, 3, 2, 6, 4, 5] ,[1, 4, 2, 3, 5, 6]
            ,[1, 5, 2, 3, 4, 6] ,[1, 6, 2, 3, 4, 5]
            ,[1, 4, 2, 5, 3, 6] ,[1, 4, 2, 6, 3, 5]
            ,[1, 5, 2, 4, 3, 6] ,[1, 6, 2, 4, 3, 5]
            ,[1, 5, 2, 6, 3, 4] ,[1, 6, 2, 5, 3, 4]
            ,[1, 3, 4, 5, 2, 6] ,[1, 3, 4, 6, 2, 5]
            ,[1, 3, 5, 6, 2, 4] ,[1, 4, 3, 5, 2, 6]
            ,[1, 4, 3, 6, 2, 5] ,[1, 5, 3, 4, 2, 6]
            ,[1, 6, 3, 4, 2, 5] ,[1, 5, 3, 6, 2, 4]
            ,[1, 4, 5, 6, 2, 3] ,[1, 5, 4, 6, 2, 3]
            ,[2, 3, 1, 4, 5, 6] ,[2, 3, 1, 5, 4, 6]
            ,[2, 3, 1, 6, 4, 5] ,[2, 4, 1, 3, 5, 6]
            ,[2, 5, 1, 3, 4, 6] ,[2, 4, 1, 5, 3, 6]
            ,[2, 4, 1, 6, 3, 5] ,[2, 5, 1, 4, 3, 6]
            ,[2, 5, 1, 6, 3, 4] ,[3, 4, 1, 2, 5, 6]
            ,[3, 5, 1, 2, 4, 6] ,[4, 5, 1, 2, 3, 6]
            ,[3, 4, 1, 5, 2, 6] ,[3, 4, 1, 6, 2, 5]
            ,[3, 5, 1, 4, 2, 6] ,[4, 5, 1, 3, 2, 6]
            ,[2, 3, 4, 5, 1, 6] ,[2, 4, 3, 5, 1, 6]
            ,[2, 5, 3, 4, 1, 6] ,[3, 4, 2, 5, 1, 6]
           ]:
Points:=[[6, 61],[11, 60],[15, 59],[20, 58],[24, 56],[28, 54],[33, 52]
       ,[36, 49],[40, 46],[43, 43],[47, 39],[49, 36],[52, 32],[54, 28]
       ,[56, 24],[58, 19],[59, 15],[60, 10],[61, 5],[61, 1],[61, -4]
       ,[60, -9],[60, -13],[58, -18],[57, -22],[55, -26],[53, -31],[50, -34]
       ,[48, -38],[44, -42],[41, -45],[38, -48],[34, -51],[30, -53],[26, -55]
       ,[21, -57],[17, -59],[12, -60],[8, -61],[3, -61] ]:
PointSelection := "QuasiUniformPointsAss(40,61)":
Machine := "Pisces":
##############################################################################
Instance:=25000:
PreTime:=   3143.34:
GroebnerTime:=  16975.05:
RealTime:=   8798.72:
Table:=[[0,0,24999]
       ,[3576,2486,18937]
       ,[3070,10809,11120]
       ,[0,0,24999]
       ,[3378,7026,14595]
       ,[0,0,24999]
       ,[0,3035,21964]
       ,[1421,8443,15135]
       ,[297,6184,18518]
       ,[0,12782,12217]
       ,[0,6510,18489]
       ,[0,0,24999]
       ,[224,6424,18351]
       ,[4128,8859,12012]
       ,[139,5111,19749]
       ,[3910,5719,15370]
       ,[59,8668,16272]
       ,[2893,10922,11184]
       ,[0,10482,14517]
       ,[113,6234,18652]
       ,[0,10868,14131]
       ,[0,10085,14914]
       ,[407,8204,16388]
       ,[0,6720,18279]
       ,[0,0,24999]
       ,[978,10589,13432]
       ,[0,9886,15113]
       ,[0,5859,19140]
       ,[0,13245,11754]
       ,[204,10149,14646]
       ,[7,10042,14950]
       ,[0,13247,11752]
       ,[507,12043,12449]
       ,[420,12565,12014]
       ,[3865,14300,6834]
       ,[91,11648,13260]
       ,[0,10479,14520]
       ,[0,10035,14964]
       ,[7,15957,9035]
       ,[0,12350,12649]
       ,[3175,8732,13092]
       ,[2946,13384,8669]
       ,[356,8434,16209]
       ,[0,9060,15939]
       ,[0,10641,14358]
       ,[258,13302,11439]
       ,[174,14771,10054]
       ,[993,15168,8838]]:
CoefficientHeight:=   30.1:
