##############################################################################
#
#  Data for the enumerative problem
#  X2e2 Ye3 We2  = 4 on Noether
#
##############################################################################
FlagVariety:=[1, 2, 3, 5]:
Label := "X2e2 Ye3 We2 ":
EnumerativeProblem:=[ [1, 4, 2, 3, 5] ,[1, 4, 2, 3, 5]
                     ,[1, 2, 4, 3, 5] ,[1, 2, 4, 3, 5]
                     ,[1, 2, 4, 3, 5] ,[2, 1, 3, 4, 5]
                     ,[2, 1, 3, 4, 5]]:
NumberOfSolutions := 4:
Necklaces:=[ [1, 2, 3, 4, 5, 6] ,[1, 2, 3, 5, 4, 6]
            ,[1, 2, 3, 6, 4, 5] ,[1, 2, 4, 5, 3, 6]
            ,[1, 2, 4, 6, 3, 5] ,[1, 3, 4, 5, 2, 6]
            ,[2, 1, 3, 4, 5, 6] ,[2, 1, 3, 5, 4, 6]
            ,[2, 1, 3, 6, 4, 5] ,[2, 1, 4, 5, 3, 6]
            ,[3, 1, 2, 4, 5, 6] ,[3, 1, 2, 5, 4, 6]
            ,[4, 1, 2, 3, 5, 6] ,[5, 1, 2, 3, 4, 6]
            ,[4, 1, 2, 5, 3, 6] ,[4, 1, 2, 6, 3, 5]
            ,[5, 1, 2, 4, 3, 6] ,[3, 1, 4, 6, 2, 5]
           ]:
Points:=[[6, 41],[10, 40],[14, 39],[17, 37],[21, 35],[25, 33],[28, 30]
       ,[31, 27],[33, 24],[36, 21],[37, 17],[39, 13],[40, 9],[41, 5]
       ,[41, 1],[41, -3],[40, -8],[39, -12],[38, -16],[36, -19],[34, -23]
       ,[32, -26],[29, -29],[26, -32],[22, -34],[19, -36],[15, -38],[11, -40]
       ,[7, -40],[3, -41] ]:
PointSelection := "QuasiUniformPointsAss(30,41)":
Machine := "Noether":
##############################################################################
Instance:=25000:
PreTime:=   5789.51:
GroebnerTime:=  13220.73:
RealTime:=   6440.44:
Table:=[[0,0,25000]
       ,[0,2565,22435]
       ,[0,14568,10432]
       ,[66,11709,13225]
       ,[0,17508,7492]
       ,[3386,9781,11833]
       ,[0,1785,23215]
       ,[0,5676,19324]
       ,[0,11662,13338]
       ,[2,8568,16430]
       ,[0,3413,21587]
       ,[0,7457,17543]
       ,[0,0,25000]
       ,[0,0,25000]
       ,[0,0,25000]
       ,[0,0,25000]
       ,[0,0,25000]
       ,[0,0,25000]]:
CoefficientHeight:=   32.2:
