##############################################################################
#
#  Data for the enumerative problem
#  X21 Ye3 We2 X  = 4 on Noether
#
##############################################################################
FlagVariety:=[1, 2, 3, 5]:
Label := "X21 Ye3 We2 X ":
EnumerativeProblem:=[ [2, 4, 1, 3, 5] ,[1, 2, 4, 3, 5]
                     ,[1, 2, 4, 3, 5] ,[1, 2, 4, 3, 5]
                     ,[2, 1, 3, 4, 5] ,[2, 1, 3, 4, 5]
                     ,[1, 3, 2, 4, 5]]:
NumberOfSolutions := 4:
Necklaces:=[ [1, 2, 3, 4, 5, 6] ,[1, 2, 3, 4, 6, 5]
            ,[1, 2, 3, 5, 6, 4] ,[1, 2, 4, 3, 5, 6]
            ,[1, 2, 4, 3, 6, 5] ,[1, 2, 5, 3, 4, 6]
            ,[1, 2, 6, 3, 4, 5] ,[1, 2, 5, 3, 6, 4]
            ,[1, 2, 6, 3, 5, 4] ,[1, 2, 4, 5, 6, 3]
            ,[1, 2, 5, 4, 6, 3] ,[1, 2, 6, 4, 5, 3]
            ,[1, 3, 4, 2, 5, 6] ,[1, 3, 4, 2, 6, 5]
            ,[1, 3, 5, 2, 4, 6] ,[1, 3, 6, 2, 4, 5]
            ,[1, 3, 5, 2, 6, 4] ,[1, 3, 6, 2, 5, 4]
            ,[1, 4, 5, 2, 3, 6] ,[1, 4, 6, 2, 3, 5]
            ,[1, 4, 5, 2, 6, 3] ,[1, 3, 4, 5, 6, 2]
            ,[1, 3, 5, 4, 6, 2] ,[1, 4, 5, 3, 6, 2]
            ,[2, 3, 4, 1, 5, 6] ,[2, 3, 4, 1, 6, 5]
            ,[2, 3, 5, 1, 4, 6] ,[2, 3, 5, 1, 6, 4]
            ,[2, 4, 5, 1, 3, 6] ,[3, 4, 5, 1, 2, 6]
           ]:
Points:=[[9, 66],[16, 65],[22, 63],[28, 61],[34, 57],[40, 54],[45, 49]
       ,[50, 44],[54, 39],[58, 34],[61, 27],[64, 21],[65, 15],[67, 8]
       ,[67, 1],[67, -6],[66, -12],[64, -19],[62, -25],[59, -32],[56, -37]
       ,[52, -43],[47, -48],[42, -52],[36, -56],[31, -60],[24, -62],[18, -65]
       ,[11, -66],[5, -67] ]:
PointSelection := "QuasiUniformPointsAss(30,67)":
Machine := "Noether":
##############################################################################
Instance:=25000:
PreTime:=   5481.66:
GroebnerTime:=  15326.34:
RealTime:=   8273.40:
Table:=[[0,0,25000]
       ,[4404,5121,15475]
       ,[0,0,25000]
       ,[0,1536,23464]
       ,[2987,11899,10114]
       ,[0,14138,10862]
       ,[0,12838,12162]
       ,[666,9761,14573]
       ,[1447,7768,15785]
       ,[0,10565,14435]
       ,[0,13094,11906]
       ,[0,11630,13370]
       ,[0,11107,13893]
       ,[1817,12946,10237]
       ,[0,12179,12821]
       ,[0,14978,10022]
       ,[904,12819,11277]
       ,[3397,10467,11136]
       ,[0,6632,18368]
       ,[29,16305,8666]
       ,[3603,9301,12096]
       ,[0,5364,19636]
       ,[187,7800,17013]
       ,[2052,13320,9628]
       ,[3802,11163,10035]
       ,[4426,5955,14619]
       ,[100,11253,13647]
       ,[1133,13252,10615]
       ,[0,3131,21869]
       ,[0,0,25000]]:
CoefficientHeight:=   34.3:
