##############################################################################
#
#  Data for the enumerative problem
#  X11 Ye4 We2 X  = 5 on Schur
#
##############################################################################
FlagVariety:=[1, 2, 3, 5]:
Label := "X11 Ye4 We2 X ":
EnumerativeProblem:=[ [2, 3, 1, 4, 5] ,[1, 2, 4, 3, 5]
                     ,[1, 2, 4, 3, 5] ,[1, 2, 4, 3, 5]
                     ,[1, 2, 4, 3, 5] ,[2, 1, 3, 4, 5]
                     ,[2, 1, 3, 4, 5] ,[1, 3, 2, 4, 5]
                    ]:
NumberOfSolutions := 5:
Necklaces:=[ [1, 2, 4, 5, 3, 6, 7] ,[1, 3, 4, 7, 2, 5, 6]
            ,[1, 3, 5, 6, 2, 4, 7] ,[1, 2, 3, 4, 5, 6, 7]
            ,[1, 2, 3, 4, 5, 7, 6] ,[1, 2, 3, 4, 6, 7, 5]
            ,[1, 2, 3, 5, 4, 6, 7] ,[1, 2, 3, 5, 4, 7, 6]
            ,[1, 2, 3, 6, 4, 5, 7] ,[1, 2, 3, 7, 4, 5, 6]
            ,[1, 2, 3, 6, 4, 7, 5] ,[1, 2, 3, 7, 4, 6, 5]
            ,[1, 2, 3, 5, 6, 7, 4] ,[1, 2, 3, 6, 5, 7, 4]
            ,[1, 2, 3, 7, 5, 6, 4] ,[1, 2, 4, 5, 3, 7, 6]
            ,[1, 2, 4, 6, 3, 5, 7] ,[1, 2, 4, 7, 3, 5, 6]
            ,[1, 2, 4, 6, 3, 7, 5] ,[1, 2, 4, 7, 3, 6, 5]
            ,[1, 2, 5, 6, 3, 4, 7] ,[1, 2, 5, 7, 3, 4, 6]
            ,[1, 2, 6, 7, 3, 4, 5] ,[1, 2, 5, 6, 3, 7, 4]
            ,[1, 2, 5, 7, 3, 6, 4] ,[1, 2, 6, 7, 3, 5, 4]
            ,[1, 2, 4, 5, 6, 7, 3] ,[1, 2, 4, 6, 5, 7, 3]
            ,[1, 2, 4, 7, 5, 6, 3] ,[1, 2, 5, 6, 4, 7, 3]
            ,[1, 2, 5, 7, 4, 6, 3] ,[1, 3, 4, 5, 2, 6, 7]
            ,[1, 3, 4, 5, 2, 7, 6] ,[1, 3, 4, 6, 2, 5, 7]
            ,[1, 3, 4, 6, 2, 7, 5] ,[1, 3, 4, 7, 2, 6, 5]
            ,[1, 3, 5, 7, 2, 4, 6] ,[1, 3, 5, 6, 2, 7, 4]
            ,[1, 3, 5, 7, 2, 6, 4] ,[1, 4, 5, 6, 2, 3, 7]
            ,[1, 4, 5, 7, 2, 3, 6] ,[1, 4, 5, 6, 2, 7, 3]
            ,[1, 3, 4, 5, 6, 7, 2] ,[1, 3, 4, 6, 5, 7, 2]
            ,[1, 3, 5, 6, 4, 7, 2] ,[1, 4, 5, 6, 3, 7, 2]
            ,[2, 3, 4, 5, 1, 6, 7] ,[2, 3, 4, 5, 1, 7, 6]
            ,[2, 3, 4, 6, 1, 5, 7] ,[2, 3, 4, 6, 1, 7, 5]
            ,[2, 3, 5, 6, 1, 4, 7] ,[2, 3, 5, 6, 1, 7, 4]
            ,[2, 4, 5, 6, 1, 3, 7] ,[3, 4, 5, 6, 1, 2, 7]
           ]:
Points:=[[4, 32],[7, 31],[11, 30],[14, 29],[16, 27],[19, 26],[22, 24]
       ,[24, 21],[26, 19],[28, 16],[29, 13],[30, 10],[31, 7],[32, 4]
       ,[32, 1],[32, -3],[31, -6],[31, -9],[30, -12],[28, -15],[27, -18]
       ,[25, -20],[22, -23],[20, -25],[17, -27],[15, -28],[12, -30],[9, -31]
       ,[5, -32],[2, -32] ]:
PointSelection := "QuasiUniformPointsAss(30,32)":
Machine := "Schur":
##############################################################################
Instance:=25000:
PreTime:=   3500.93:
GroebnerTime:=  34343.62:
RealTime:=  11204.23:
Table:=[[94,14474,10432]
       ,[1352,12716,10932]
       ,[3695,8711,12594]
       ,[0,0,25000]
       ,[3446,4009,17545]
       ,[0,0,25000]
       ,[593,4210,20197]
       ,[3742,10663,10595]
       ,[3035,13594,8371]
       ,[2,6372,18626]
       ,[3798,9311,11891]
       ,[5524,7007,12469]
       ,[2902,10746,11352]
       ,[166,17071,7763]
       ,[0,6903,18097]
       ,[1440,10940,12620]
       ,[138,17430,7432]
       ,[75,9719,15206]
       ,[4961,11951,8088]
       ,[6348,9613,9039]
       ,[1674,10558,12768]
       ,[3068,15573,6359]
       ,[3970,11771,9259]
       ,[3997,12772,8231]
       ,[1709,14548,8743]
       ,[1144,11432,12424]
       ,[2364,8781,13855]
       ,[3197,10504,11299]
       ,[1615,14748,8637]
       ,[8462,11710,4828]
       ,[3987,13844,7169]
       ,[4912,10518,9570]
       ,[2192,5007,17801]
       ,[189,17246,7565]
       ,[4675,10742,9583]
       ,[4098,9888,11014]
       ,[2767,10467,11766]
       ,[1334,12467,11199]
       ,[1016,12433,11551]
       ,[3541,3373,18086]
       ,[833,6717,17450]
       ,[5104,9581,10315]
       ,[3202,2761,19037]
       ,[2789,6170,16041]
       ,[4024,12041,8935]
       ,[3131,13464,8405]
       ,[5119,4690,15191]
       ,[0,0,25000]
       ,[5058,11924,8018]
       ,[6300,6897,11803]
       ,[2392,12668,9940]
       ,[1108,12317,11575]
       ,[3497,4029,17474]
       ,[0,0,25000]]:
CoefficientHeight:=   54.8:
