##############################################################################
#
#  Data for the enumerative problem
#  X11 Ye3 We2 Xe2  = 4 on Schubert
#
##############################################################################
FlagVariety:=[1, 2, 3, 5]:
Label := "X11 Ye3 We2 Xe2 ":
EnumerativeProblem:=[ [2, 3, 1, 4, 5] ,[1, 2, 4, 3, 5]
                     ,[1, 2, 4, 3, 5] ,[1, 2, 4, 3, 5]
                     ,[2, 1, 3, 4, 5] ,[2, 1, 3, 4, 5]
                     ,[1, 3, 2, 4, 5] ,[1, 3, 2, 4, 5]
                    ]:
NumberOfSolutions := 4:
Necklaces:=[ [1, 2, 3, 4, 5, 6, 7] ,[1, 3, 5, 2, 7, 4, 6]
            ,[1, 2, 4, 3, 7, 5, 6] ,[1, 2, 3, 5, 7, 4, 6]
            ,[2, 4, 6, 3, 5, 1, 7] ,[2, 3, 6, 4, 5, 1, 7]
            ,[3, 4, 6, 1, 5, 2, 7] ,[2, 4, 6, 1, 5, 3, 7]
            ,[2, 3, 6, 1, 5, 4, 7] ,[1, 4, 6, 3, 5, 2, 7]
            ,[1, 3, 6, 4, 5, 2, 7] ,[1, 4, 6, 2, 5, 3, 7]
            ,[1, 3, 6, 2, 5, 4, 7] ,[1, 2, 6, 4, 5, 3, 7]
            ,[1, 2, 6, 3, 5, 4, 7] ,[2, 6, 7, 1, 3, 4, 5]
            ,[1, 3, 7, 2, 4, 5, 6] ,[1, 2, 4, 3, 5, 6, 7]
            ,[2, 5, 7, 1, 3, 4, 6] ,[1, 3, 6, 2, 4, 5, 7]
            ,[2, 5, 6, 1, 3, 4, 7] ,[3, 6, 7, 2, 4, 1, 5]
            ,[1, 4, 7, 3, 5, 2, 6] ,[2, 3, 5, 4, 6, 1, 7]
            ,[1, 3, 5, 4, 6, 2, 7] ,[2, 4, 7, 1, 3, 5, 6]
            ,[1, 3, 5, 2, 4, 6, 7] ,[2, 4, 6, 1, 3, 5, 7]
            ,[2, 4, 5, 1, 3, 6, 7] ,[2, 3, 7, 1, 6, 4, 5]
            ,[1, 3, 4, 2, 7, 5, 6] ,[2, 3, 6, 1, 7, 4, 5]
            ,[3, 4, 7, 1, 2, 5, 6] ,[1, 4, 5, 2, 3, 6, 7]
            ,[2, 3, 7, 1, 5, 4, 6] ,[1, 3, 4, 2, 6, 5, 7]
            ,[3, 4, 7, 2, 6, 1, 5] ,[1, 4, 5, 3, 7, 2, 6]
            ,[2, 3, 5, 1, 7, 4, 6] ,[2, 3, 5, 1, 6, 4, 7]
            ,[3, 4, 6, 2, 7, 1, 5] ,[4, 5, 7, 2, 3, 1, 6]
            ,[4, 5, 7, 1, 3, 2, 6] ,[3, 5, 6, 1, 4, 2, 7]
            ,[2, 5, 6, 1, 4, 3, 7] ,[1, 5, 6, 3, 4, 2, 7]
            ,[1, 5, 6, 2, 4, 3, 7] ,[2, 3, 7, 1, 4, 5, 6]
            ,[1, 3, 4, 2, 5, 6, 7] ,[2, 3, 6, 1, 4, 5, 7]
            ,[3, 4, 7, 2, 5, 1, 6] ,[2, 4, 5, 3, 6, 1, 7]
            ,[2, 3, 5, 1, 4, 6, 7] ,[2, 3, 4, 1, 7, 5, 6]
            ,[3, 4, 5, 1, 2, 6, 7] ,[2, 3, 4, 1, 6, 5, 7]
            ,[3, 4, 5, 2, 7, 1, 6] ,[4, 5, 6, 2, 3, 1, 7]
            ,[4, 5, 6, 1, 3, 2, 7] ,[2, 3, 4, 1, 5, 6, 7]
            ,[3, 4, 5, 2, 6, 1, 7] ,[5, 6, 7, 2, 4, 1, 3]
            ,[5, 6, 7, 1, 4, 2, 3] ,[3, 6, 7, 4, 5, 1, 2]
            ,[4, 6, 7, 2, 5, 1, 3] ,[3, 6, 7, 2, 5, 1, 4]
            ,[2, 6, 7, 4, 5, 1, 3] ,[3, 6, 7, 1, 5, 2, 4]
            ,[2, 6, 7, 1, 5, 3, 4] ,[1, 6, 7, 4, 5, 2, 3]
            ,[1, 6, 7, 3, 5, 2, 4] ,[1, 6, 7, 2, 5, 3, 4]
            ,[3, 5, 7, 2, 6, 1, 4] ,[2, 4, 7, 5, 6, 1, 3]
            ,[2, 3, 7, 5, 6, 1, 4] ,[3, 4, 7, 1, 6, 2, 5]
            ,[2, 5, 7, 1, 6, 3, 4] ,[2, 4, 7, 1, 6, 3, 5]
            ,[1, 4, 7, 5, 6, 2, 3] ,[1, 5, 7, 3, 6, 2, 4]
            ,[1, 4, 7, 3, 6, 2, 5] ,[1, 3, 7, 5, 6, 2, 4]
            ,[1, 2, 3, 5, 6, 4, 7] ,[1, 3, 7, 4, 6, 2, 5]
            ,[1, 2, 3, 6, 7, 4, 5] ,[1, 5, 7, 2, 6, 3, 4]
            ,[1, 4, 7, 2, 6, 3, 5] ,[1, 2, 7, 5, 6, 3, 4]
            ,[1, 2, 7, 4, 6, 3, 5] ,[1, 2, 4, 5, 6, 3, 7]
            ,[1, 2, 4, 5, 7, 3, 6] ,[1, 2, 4, 6, 7, 3, 5]
            ,[1, 2, 5, 4, 7, 3, 6] ,[1, 2, 7, 4, 5, 3, 6]
            ,[1, 2, 6, 4, 7, 3, 5] ,[1, 2, 5, 6, 7, 3, 4]
            ,[2, 4, 5, 6, 7, 1, 3] ,[2, 3, 5, 6, 7, 1, 4]
            ,[3, 4, 5, 1, 7, 2, 6] ,[2, 3, 4, 6, 7, 1, 5]
            ,[3, 4, 6, 1, 7, 2, 5] ,[1, 3, 4, 6, 7, 2, 5]
            ,[1, 3, 5, 4, 7, 2, 6] ,[2, 4, 6, 1, 7, 3, 5]
            ,[1, 3, 7, 4, 5, 2, 6] ,[1, 3, 6, 4, 7, 2, 5]
            ,[1, 3, 5, 6, 7, 2, 4] ,[1, 4, 6, 3, 7, 2, 5]
           ]:
Points:=[[10, 100],[18, 99],[26, 98],[33, 95],[40, 93],[47, 89],[54, 85]
       ,[60, 81],[66, 76],[72, 71],[77, 65],[82, 59],[86, 53],[90, 46]
       ,[93, 39],[96, 32],[98, 24],[100, 17],[101, 9],[101, 1],[101, -6]
       ,[100, -14],[99, -22],[97, -29],[94, -37],[91, -44],[87, -51],[83, -57]
       ,[79, -63],[74, -69],[68, -75],[62, -80],[56, -84],[49, -88],[42, -92]
       ,[35, -95],[28, -97],[20, -99],[13, -100],[5, -101] ]:
PointSelection := "QuasiUniformPointsAss(40,101)":
Machine := "Schubert":
##############################################################################
Instance:=25000:
PreTime:=  12717.59:
GroebnerTime:= 137817.44:
RealTime:=  41697.06:
Table:=[[0,0,25000]
       ,[681,10506,13813]
       ,[130,7047,17823]
       ,[4162,4833,16005]
       ,[2,16966,8032]
       ,[0,14280,10720]
       ,[2054,11609,11337]
       ,[2542,14608,7850]
       ,[2129,13271,9600]
       ,[59,9129,15812]
       ,[137,15247,9616]
       ,[4660,9850,10490]
       ,[517,13679,10804]
       ,[0,9787,15213]
       ,[225,9818,14957]
       ,[0,9093,15907]
       ,[10,4475,20515]
       ,[0,1156,23844]
       ,[780,12333,11887]
       ,[0,13735,11265]
       ,[0,15514,9486]
       ,[0,10749,14251]
       ,[213,9180,15607]
       ,[0,3487,21513]
       ,[110,6319,18571]
       ,[708,6823,17469]
       ,[0,8886,16114]
       ,[625,13010,11365]
       ,[0,3344,21656]
       ,[0,7558,17442]
       ,[0,2055,22945]
       ,[0,14408,10592]
       ,[0,6819,18181]
       ,[0,3599,21401]
       ,[4105,13606,7289]
       ,[1264,13079,10657]
       ,[2800,8253,13947]
       ,[1485,6226,17289]
       ,[0,10768,14232]
       ,[665,13076,11259]
       ,[2181,12072,10747]
       ,[0,4400,20600]
       ,[1335,8363,15302]
       ,[2849,10971,11180]
       ,[1380,10176,13444]
       ,[0,5730,19270]
       ,[1964,9217,13819]
       ,[1972,11262,11766]
       ,[0,8229,16771]
       ,[3334,15316,6350]
       ,[1280,11556,12164]
       ,[101,13162,11737]
       ,[71,10088,14841]
       ,[0,0,25000]
       ,[0,0,25000]
       ,[5808,6407,12785]
       ,[2822,6398,15780]
       ,[0,0,25000]
       ,[3515,4279,17206]
       ,[1920,10510,12570]
       ,[4295,11248,9457]
       ,[5864,4709,14427]
       ,[4359,9260,11381]
       ,[0,11192,13808]
       ,[3096,12155,9749]
       ,[987,9390,14623]
       ,[0,13295,11705]
       ,[4350,10822,9828]
       ,[2339,10619,12042]
       ,[0,4248,20752]
       ,[3938,7974,13088]
       ,[3964,10574,10462]
       ,[735,12274,11991]
       ,[48,14572,10380]
       ,[0,7393,17607]
       ,[0,9654,15346]
       ,[1122,12715,11163]
       ,[1308,13966,9726]
       ,[379,9865,14756]
       ,[3839,10911,10250]
       ,[781,9324,14895]
       ,[273,7962,16765]
       ,[0,0,25000]
       ,[537,9279,15184]
       ,[0,0,25000]
       ,[364,8263,16373]
       ,[2634,11880,10486]
       ,[0,3083,21917]
       ,[4357,7378,13265]
       ,[0,8361,16639]
       ,[597,11167,13236]
       ,[0,9119,15881]
       ,[785,11622,12593]
       ,[0,4745,20255]
       ,[5227,12434,7339]
       ,[0,12043,12957]
       ,[0,10307,14693]
       ,[0,11997,13003]
       ,[0,0,25000]
       ,[0,0,25000]
       ,[0,7860,17140]
       ,[0,3557,21443]
       ,[2395,10908,11697]
       ,[0,14457,10543]
       ,[453,6819,17728]
       ,[670,12564,11766]
       ,[13,13217,11770]
       ,[938,11827,12235]]:
CoefficientHeight:=   59.3:
