##############################################################################
#
#  Data for the enumerative problem
#  Y21 Y We2 Xe3  = 5 on Praxis
#
##############################################################################
FlagVariety:=[1, 2, 3, 5]:
Label := "Y21 Y We2 Xe3 ":
EnumerativeProblem:=[ [1, 3, 5, 2, 4] ,[1, 2, 4, 3, 5]
                     ,[2, 1, 3, 4, 5] ,[2, 1, 3, 4, 5]
                     ,[1, 3, 2, 4, 5] ,[1, 3, 2, 4, 5]
                     ,[1, 3, 2, 4, 5]]:
NumberOfSolutions := 5:
Necklaces:=[ [1, 2, 3, 4, 5, 6] ,[1, 2, 4, 3, 5, 6]
            ,[1, 2, 5, 3, 4, 6] ,[1, 2, 6, 3, 4, 5]
            ,[1, 3, 4, 2, 5, 6] ,[1, 3, 5, 2, 4, 6]
            ,[1, 3, 6, 2, 4, 5] ,[1, 4, 5, 2, 3, 6]
            ,[1, 4, 6, 2, 3, 5] ,[1, 5, 6, 2, 3, 4]
            ,[2, 1, 3, 4, 5, 6] ,[2, 1, 4, 3, 5, 6]
            ,[2, 1, 5, 3, 4, 6] ,[2, 1, 6, 3, 4, 5]
            ,[3, 1, 2, 4, 5, 6] ,[4, 1, 2, 3, 5, 6]
            ,[5, 1, 2, 3, 4, 6] ,[3, 1, 4, 2, 5, 6]
            ,[3, 1, 5, 2, 4, 6] ,[3, 1, 6, 2, 4, 5]
            ,[4, 1, 3, 2, 5, 6] ,[5, 1, 3, 2, 4, 6]
            ,[4, 1, 5, 2, 3, 6] ,[5, 1, 4, 2, 3, 6]
            ,[2, 3, 4, 1, 5, 6] ,[2, 3, 5, 1, 4, 6]
            ,[2, 4, 5, 1, 3, 6] ,[3, 2, 4, 1, 5, 6]
            ,[3, 2, 5, 1, 4, 6] ,[4, 2, 3, 1, 5, 6]
           ]:
Points:=[[4, 31],[7, 30],[10, 29],[13, 28],[16, 27],[19, 25],[21, 23]
       ,[23, 21],[25, 18],[27, 16],[28, 13],[29, 10],[30, 7],[31, 4]
       ,[31, 1],[31, -3],[30, -6],[30, -9],[29, -12],[27, -15],[26, -17]
       ,[24, -20],[22, -22],[19, -24],[17, -26],[14, -28],[11, -29],[8, -30]
       ,[5, -31],[2, -31] ]:
PointSelection := "QuasiUniformPointsAss(30,31)":
Machine := "Praxis":
##############################################################################
Instance:=25000:
PreTime:=   4899.77:
GroebnerTime:=  18865.87:
RealTime:=  11731.76:
Table:=[[0,0,25000]
       ,[4608,6290,14102]
       ,[2364,11469,11167]
       ,[157,10197,14646]
       ,[0,0,25000]
       ,[5705,7133,12162]
       ,[1702,12452,10846]
       ,[0,0,25000]
       ,[4900,7524,12576]
       ,[0,0,25000]
       ,[2469,6376,16155]
       ,[2016,11935,11049]
       ,[754,9775,14471]
       ,[6510,8131,10359]
       ,[3655,10298,11047]
       ,[974,13826,10200]
       ,[5091,6841,13068]
       ,[2156,12647,10197]
       ,[7804,11299,5897]
       ,[4995,13841,6164]
       ,[4528,10968,9504]
       ,[7598,9938,7464]
       ,[5571,10163,9266]
       ,[5855,12984,6161]
       ,[5188,5774,14038]
       ,[4817,9631,10552]
       ,[3807,6758,14435]
       ,[1344,9352,14304]
       ,[2743,12082,10175]
       ,[1038,12602,11360]]:
CoefficientHeight:=   40.5:
