##############################################################################
#
#  Data for the enumerative problem
#  Y2 Y We2 Xe4  = 5 on Rcf1537-3.Math.Umass.Edu
#
##############################################################################
FlagVariety:=[1, 2, 3, 5]:
Label := "Y2 Y We2 Xe4 ":
EnumerativeProblem:=[ [1, 2, 5, 3, 4] ,[1, 2, 4, 3, 5]
                     ,[2, 1, 3, 4, 5] ,[2, 1, 3, 4, 5]
                     ,[1, 3, 2, 4, 5] ,[1, 3, 2, 4, 5]
                     ,[1, 3, 2, 4, 5] ,[1, 3, 2, 4, 5]
                    ]:
NumberOfSolutions := 5:
Necklaces:=[ [1, 2, 3, 4, 5, 6, 7] ,[7, 1, 4, 2, 3, 5, 6]
            ,[7, 2, 3, 1, 4, 5, 6] ,[7, 2, 4, 1, 3, 5, 6]
            ,[1, 2, 4, 3, 5, 6, 7] ,[1, 2, 5, 3, 4, 6, 7]
            ,[1, 2, 6, 3, 4, 5, 7] ,[1, 2, 7, 3, 4, 5, 6]
            ,[1, 3, 4, 2, 5, 6, 7] ,[1, 3, 5, 2, 4, 6, 7]
            ,[1, 3, 6, 2, 4, 5, 7] ,[1, 3, 7, 2, 4, 5, 6]
            ,[1, 4, 5, 2, 3, 6, 7] ,[1, 5, 7, 2, 3, 4, 6]
            ,[1, 6, 7, 2, 3, 4, 5] ,[2, 1, 3, 4, 5, 6, 7]
            ,[2, 1, 4, 3, 5, 6, 7] ,[2, 1, 5, 3, 4, 6, 7]
            ,[2, 1, 6, 3, 4, 5, 7] ,[2, 1, 7, 3, 4, 5, 6]
            ,[3, 1, 2, 4, 5, 6, 7] ,[4, 1, 2, 3, 5, 6, 7]
            ,[5, 1, 2, 3, 4, 6, 7] ,[6, 1, 2, 3, 4, 5, 7]
            ,[3, 1, 4, 2, 5, 6, 7] ,[3, 1, 5, 2, 4, 6, 7]
            ,[3, 1, 6, 2, 4, 5, 7] ,[3, 1, 7, 2, 4, 5, 6]
            ,[4, 1, 3, 2, 5, 6, 7] ,[5, 1, 3, 2, 4, 6, 7]
            ,[6, 1, 3, 2, 4, 5, 7] ,[4, 1, 5, 2, 3, 6, 7]
            ,[4, 1, 6, 2, 3, 5, 7] ,[4, 1, 7, 2, 3, 5, 6]
            ,[5, 1, 4, 2, 3, 6, 7] ,[6, 1, 4, 2, 3, 5, 7]
            ,[5, 1, 6, 2, 3, 4, 7] ,[6, 1, 5, 2, 3, 4, 7]
            ,[2, 3, 4, 1, 5, 6, 7] ,[2, 3, 5, 1, 4, 6, 7]
            ,[2, 3, 6, 1, 4, 5, 7] ,[2, 4, 5, 1, 3, 6, 7]
            ,[2, 4, 6, 1, 3, 5, 7] ,[2, 5, 6, 1, 3, 4, 7]
            ,[3, 2, 4, 1, 5, 6, 7] ,[3, 2, 5, 1, 4, 6, 7]
            ,[3, 2, 6, 1, 4, 5, 7] ,[4, 2, 3, 1, 5, 6, 7]
            ,[5, 2, 3, 1, 4, 6, 7] ,[4, 2, 5, 1, 3, 6, 7]
            ,[4, 2, 6, 1, 3, 5, 7] ,[5, 2, 4, 1, 3, 6, 7]
            ,[3, 4, 5, 1, 2, 6, 7] ,[4, 3, 5, 1, 2, 6, 7]
           ]:
Points:=[[4, 31],[7, 30],[10, 29],[13, 28],[16, 27],[19, 25],[21, 23]
       ,[23, 21],[25, 18],[27, 16],[28, 13],[29, 10],[30, 7],[31, 4]
       ,[31, 1],[31, -3],[30, -6],[30, -9],[29, -12],[27, -15],[26, -17]
       ,[24, -20],[22, -22],[19, -24],[17, -26],[14, -28],[11, -29],[8, -30]
       ,[5, -31],[2, -31] ]:
PointSelection := "QuasiUniformPointsAss(30,31)":
Machine := "Rcf1537-3.Math.Umass.Edu":
##############################################################################
Instance:=25000:
PreTime:=  10896.86:
GroebnerTime:= 126894.23:
RealTime:=  30312.93:
Table:=[[0,0,25000]
       ,[2221,12245,10534]
       ,[0,0,25000]
       ,[6053,7646,11301]
       ,[6325,6323,12352]
       ,[1645,12715,10640]
       ,[1636,14167,9197]
       ,[6081,9636,9283]
       ,[0,0,25000]
       ,[5155,8175,11670]
       ,[1221,13514,10265]
       ,[965,12880,11155]
       ,[0,0,25000]
       ,[5850,6114,13036]
       ,[0,0,25000]
       ,[3314,4063,17623]
       ,[3587,12283,9130]
       ,[375,11254,13371]
       ,[4593,9322,11085]
       ,[61,814,24125]
       ,[4282,6564,14154]
       ,[3266,13079,8655]
       ,[4599,10347,10054]
       ,[3884,3203,17913]
       ,[885,11518,12597]
       ,[6711,13211,5078]
       ,[3994,12933,8073]
       ,[4912,8932,11156]
       ,[2828,14981,7191]
       ,[7169,11959,5872]
       ,[6112,8379,10509]
       ,[7472,10374,7154]
       ,[7320,13997,3683]
       ,[1362,13905,9733]
       ,[11660,9207,4133]
       ,[5312,11316,8372]
       ,[3196,11521,10283]
       ,[1036,11303,12661]
       ,[3444,3011,18545]
       ,[4674,9235,11091]
       ,[3388,13566,8046]
       ,[3480,4154,17366]
       ,[6773,9555,8672]
       ,[3293,3417,18290]
       ,[4078,9335,11587]
       ,[2887,13711,8402]
       ,[1301,11493,12206]
       ,[3155,11958,9887]
       ,[3178,11601,10221]
       ,[4249,12228,8523]
       ,[8885,12171,3944]
       ,[6793,9677,8530]
       ,[5370,9772,9858]
       ,[567,11062,13371]]:
CoefficientHeight:=   80.8:
