##############################################################################
#
#  Data for the enumerative problem
#  Y11 X2 Ye2 We2 X  = 4 on Pieri
#
##############################################################################
FlagVariety:=[1, 2, 3, 5]:
Label := "Y11 X2 Ye2 We2 X ":
EnumerativeProblem:=[ [1, 3, 4, 2, 5] ,[1, 4, 2, 3, 5]
                     ,[1, 2, 4, 3, 5] ,[1, 2, 4, 3, 5]
                     ,[2, 1, 3, 4, 5] ,[2, 1, 3, 4, 5]
                     ,[1, 3, 2, 4, 5]]:
NumberOfSolutions := 4:
Necklaces:=[ [2, 3, 5, 1, 4, 6] ,[2, 3, 4, 1, 5, 6]
            ,[5, 1, 4, 2, 3, 6] ,[4, 1, 5, 2, 3, 6]
            ,[5, 1, 3, 2, 4, 6] ,[2, 4, 5, 1, 3, 6]
            ,[4, 2, 5, 1, 3, 6] ,[5, 2, 3, 1, 4, 6]
            ,[4, 2, 3, 1, 5, 6] ,[3, 2, 5, 1, 4, 6]
            ,[3, 2, 4, 1, 5, 6] ,[5, 1, 2, 4, 6, 3]
            ,[5, 2, 6, 1, 4, 3] ,[6, 2, 4, 1, 3, 5]
            ,[6, 2, 3, 1, 4, 5] ,[6, 1, 4, 2, 3, 5]
            ,[5, 2, 6, 3, 4, 1] ,[6, 1, 3, 2, 4, 5]
            ,[6, 1, 2, 3, 4, 5] ,[5, 3, 4, 1, 2, 6]
            ,[4, 3, 5, 1, 2, 6] ,[3, 4, 5, 1, 2, 6]
            ,[5, 2, 4, 1, 3, 6] ,[1, 2, 3, 4, 5, 6]
            ,[5, 1, 2, 3, 6, 4] ,[3, 1, 4, 5, 6, 2]
            ,[3, 4, 6, 1, 5, 2] ,[4, 2, 5, 1, 6, 3]
            ,[4, 1, 5, 2, 6, 3] ,[3, 4, 5, 1, 6, 2]
            ,[4, 5, 6, 1, 2, 3] ,[5, 3, 6, 1, 2, 4]
            ,[5, 2, 6, 1, 3, 4] ,[5, 1, 6, 2, 3, 4]
            ,[6, 3, 4, 1, 2, 5] ,[5, 4, 6, 2, 3, 1]
            ,[6, 1, 5, 3, 4, 2] ,[1, 2, 6, 4, 5, 3]
            ,[4, 5, 6, 2, 3, 1] ,[5, 1, 6, 3, 4, 2]
            ,[6, 1, 2, 4, 5, 3] ,[2, 1, 3, 5, 6, 4]
            ,[1, 2, 3, 5, 6, 4] ,[6, 3, 5, 2, 4, 1]
            ,[5, 3, 6, 2, 4, 1] ,[6, 1, 4, 3, 5, 2]
            ,[1, 2, 5, 4, 6, 3] ,[6, 3, 4, 2, 5, 1]
            ,[6, 4, 5, 1, 3, 2] ,[1, 5, 6, 2, 4, 3]
            ,[4, 3, 6, 2, 5, 1] ,[5, 1, 4, 3, 6, 2]
            ,[5, 4, 6, 1, 3, 2] ,[6, 2, 5, 1, 4, 3]
            ,[6, 1, 5, 2, 4, 3] ,[2, 3, 6, 1, 5, 4]
            ,[3, 1, 6, 2, 5, 4] ,[2, 1, 6, 3, 5, 4]
            ,[1, 3, 6, 2, 5, 4] ,[3, 5, 6, 2, 4, 1]
            ,[4, 1, 6, 3, 5, 2] ,[3, 4, 6, 2, 5, 1]
            ,[4, 1, 5, 3, 6, 2] ,[4, 5, 6, 1, 3, 2]
            ,[6, 2, 3, 1, 5, 4] ,[6, 1, 3, 2, 5, 4]
            ,[3, 2, 4, 1, 6, 5] ,[2, 3, 4, 1, 6, 5]
            ,[3, 1, 4, 2, 6, 5] ,[4, 1, 2, 3, 6, 5]
            ,[2, 1, 4, 3, 6, 5] ,[1, 3, 4, 2, 6, 5]
            ,[1, 2, 4, 3, 6, 5] ,[6, 2, 5, 3, 4, 1]
            ,[6, 1, 3, 4, 5, 2] ,[1, 2, 4, 5, 6, 3]
            ,[6, 2, 4, 3, 5, 1] ,[2, 4, 6, 1, 5, 3]
            ,[4, 2, 6, 3, 5, 1] ,[5, 1, 3, 4, 6, 2]
            ,[6, 2, 4, 1, 5, 3] ,[2, 3, 5, 1, 6, 4]
            ,[3, 1, 5, 2, 6, 4] ,[6, 2, 3, 4, 5, 1]
            ,[2, 4, 5, 1, 6, 3] ,[3, 5, 6, 1, 2, 4]
            ,[4, 1, 3, 5, 6, 2] ,[4, 2, 6, 1, 3, 5]
            ,[4, 1, 6, 2, 3, 5] ,[2, 5, 6, 3, 4, 1]
           ]:
Points:=[[6, 41],[10, 40],[14, 39],[17, 37],[21, 35],[25, 33],[28, 30]
       ,[31, 27],[33, 24],[36, 21],[37, 17],[39, 13],[40, 9],[41, 5]
       ,[41, 1],[41, -3],[40, -8],[39, -12],[38, -16],[36, -19],[34, -23]
       ,[32, -26],[29, -29],[26, -32],[22, -34],[19, -36],[15, -38],[11, -40]
       ,[7, -40],[3, -41] ]:
PointSelection := "QuasiUniformPointsAss(30,41)":
Machine := "Pieri":
##############################################################################
Instance:=25000:
PreTime:=   9898.17:
GroebnerTime:=  74890.99:
RealTime:=  19549.38:
Table:=[[0,12649,12351]
       ,[0,8445,16555]
       ,[561,14317,10122]
       ,[924,9137,14939]
       ,[0,4206,20794]
       ,[0,7054,17946]
       ,[293,6973,17734]
       ,[190,11306,13504]
       ,[2,6107,18891]
       ,[0,13010,11990]
       ,[25,10911,14064]
       ,[0,1997,23003]
       ,[166,9010,15824]
       ,[223,9396,15381]
       ,[3356,12526,9118]
       ,[1982,9775,13243]
       ,[0,13794,11206]
       ,[176,4919,19905]
       ,[0,0,25000]
       ,[0,4131,20869]
       ,[21,3769,21210]
       ,[0,6298,18702]
       ,[541,12612,11847]
       ,[0,757,24243]
       ,[0,8521,16479]
       ,[687,6703,17610]
       ,[0,10076,14924]
       ,[451,14672,9877]
       ,[0,13197,11803]
       ,[0,7907,17093]
       ,[0,0,25000]
       ,[0,16280,8720]
       ,[0,7844,17156]
       ,[0,0,25000]
       ,[0,4293,20707]
       ,[0,3819,21181]
       ,[0,4004,20996]
       ,[0,7372,17628]
       ,[0,0,25000]
       ,[0,0,25000]
       ,[0,0,25000]
       ,[0,6331,18669]
       ,[0,232,24768]
       ,[1553,6096,17351]
       ,[0,11748,13252]
       ,[446,8920,15634]
       ,[2783,8662,13555]
       ,[2433,10102,12465]
       ,[0,7944,17056]
       ,[0,9319,15681]
       ,[0,9782,15218]
       ,[47,11495,13458]
       ,[0,9317,15683]
       ,[943,10042,14015]
       ,[0,5252,19748]
       ,[72,12542,12386]
       ,[0,5168,19832]
       ,[0,8809,16191]
       ,[25,7314,17661]
       ,[0,697,24303]
       ,[0,499,24501]
       ,[0,5371,19629]
       ,[53,4038,20909]
       ,[0,8856,16144]
       ,[1397,6769,16834]
       ,[203,8377,16420]
       ,[100,12541,12359]
       ,[0,12467,12533]
       ,[0,13741,11259]
       ,[0,5763,19237]
       ,[3,10624,14373]
       ,[367,10140,14493]
       ,[510,11086,13404]
       ,[6027,9271,9702]
       ,[1905,7646,15449]
       ,[6504,7605,10891]
       ,[737,7301,16962]
       ,[0,7812,17188]
       ,[0,10817,14183]
       ,[0,11719,13281]
       ,[0,9866,15134]
       ,[740,16049,8211]
       ,[0,8922,16078]
       ,[0,6207,18793]
       ,[0,9273,15727]
       ,[0,0,25000]
       ,[0,12608,12392]
       ,[0,2095,22905]
       ,[0,0,25000]
       ,[0,0,25000]]:
CoefficientHeight:=   21.3:
