##############################################################################
#
#  Data for the enumerative problem
#  Y2 Ye3 We2 Xe2  = 4 on Schur
#
##############################################################################
FlagVariety:=[1, 2, 3, 5]:
Label := "Y2 Ye3 We2 Xe2 ":
EnumerativeProblem:=[ [1, 2, 5, 3, 4] ,[1, 2, 4, 3, 5]
                     ,[1, 2, 4, 3, 5] ,[1, 2, 4, 3, 5]
                     ,[2, 1, 3, 4, 5] ,[2, 1, 3, 4, 5]
                     ,[1, 3, 2, 4, 5] ,[1, 3, 2, 4, 5]
                    ]:
NumberOfSolutions := 4:
Necklaces:=[ [1, 2, 3, 4, 5, 6, 7] ,[2, 3, 6, 4, 7, 1, 5]
            ,[3, 5, 6, 1, 7, 2, 4] ,[1, 5, 7, 2, 4, 3, 6]
            ,[2, 5, 7, 3, 6, 1, 4] ,[1, 3, 4, 2, 7, 5, 6]
            ,[1, 4, 6, 5, 7, 2, 3] ,[2, 4, 5, 1, 3, 6, 7]
            ,[2, 3, 5, 4, 7, 1, 6] ,[1, 3, 5, 4, 7, 2, 6]
            ,[1, 2, 5, 4, 7, 3, 6] ,[2, 4, 7, 1, 6, 3, 5]
            ,[1, 3, 5, 2, 7, 4, 6] ,[2, 4, 6, 1, 7, 3, 5]
            ,[3, 5, 7, 1, 2, 4, 6] ,[2, 4, 6, 1, 3, 5, 7]
            ,[1, 4, 6, 2, 3, 5, 7] ,[2, 4, 7, 1, 5, 3, 6]
            ,[1, 3, 5, 2, 6, 4, 7] ,[2, 4, 6, 1, 5, 3, 7]
            ,[2, 4, 5, 1, 7, 3, 6] ,[3, 5, 6, 1, 2, 4, 7]
            ,[2, 4, 5, 1, 6, 3, 7] ,[3, 5, 6, 2, 7, 1, 4]
            ,[4, 6, 7, 2, 3, 1, 5] ,[4, 6, 7, 1, 3, 2, 5]
            ,[3, 5, 7, 2, 4, 1, 6] ,[2, 5, 7, 3, 4, 1, 6]
            ,[2, 5, 7, 1, 4, 3, 6] ,[1, 5, 7, 3, 4, 2, 6]
            ,[3, 4, 6, 2, 5, 1, 7] ,[2, 4, 6, 3, 5, 1, 7]
            ,[2, 3, 6, 4, 5, 1, 7] ,[3, 4, 6, 1, 5, 2, 7]
            ,[2, 3, 6, 1, 5, 4, 7] ,[1, 4, 6, 3, 5, 2, 7]
            ,[1, 4, 6, 2, 5, 3, 7] ,[1, 2, 6, 4, 5, 3, 7]
            ,[1, 2, 6, 3, 5, 4, 7] ,[2, 6, 7, 1, 3, 4, 5]
            ,[1, 3, 7, 2, 4, 5, 6] ,[1, 2, 4, 3, 5, 6, 7]
            ,[2, 5, 7, 1, 3, 4, 6] ,[1, 3, 6, 2, 4, 5, 7]
            ,[2, 5, 6, 1, 3, 4, 7] ,[3, 6, 7, 2, 4, 1, 5]
            ,[1, 4, 7, 3, 5, 2, 6] ,[2, 3, 5, 4, 6, 1, 7]
            ,[1, 3, 5, 2, 4, 6, 7] ,[2, 3, 7, 1, 6, 4, 5]
            ,[2, 3, 6, 1, 7, 4, 5] ,[3, 4, 7, 1, 2, 5, 6]
            ,[1, 4, 5, 2, 3, 6, 7] ,[2, 3, 7, 1, 5, 4, 6]
            ,[1, 3, 4, 2, 6, 5, 7] ,[3, 4, 7, 2, 6, 1, 5]
            ,[1, 4, 5, 3, 7, 2, 6] ,[3, 4, 6, 1, 2, 5, 7]
            ,[4, 5, 7, 2, 3, 1, 6] ,[4, 5, 7, 1, 3, 2, 6]
            ,[1, 5, 6, 3, 4, 2, 7] ,[1, 5, 6, 2, 4, 3, 7]
            ,[2, 3, 7, 1, 4, 5, 6] ,[1, 3, 4, 2, 5, 6, 7]
            ,[2, 3, 6, 1, 4, 5, 7] ,[3, 4, 7, 2, 5, 1, 6]
            ,[2, 3, 5, 1, 4, 6, 7] ,[2, 3, 4, 1, 7, 5, 6]
            ,[3, 4, 5, 1, 2, 6, 7] ,[2, 3, 4, 1, 6, 5, 7]
            ,[3, 4, 5, 2, 7, 1, 6] ,[4, 5, 6, 2, 3, 1, 7]
            ,[4, 5, 6, 1, 3, 2, 7] ,[2, 3, 4, 1, 5, 6, 7]
            ,[3, 4, 5, 2, 6, 1, 7] ,[5, 6, 7, 2, 4, 1, 3]
            ,[5, 6, 7, 1, 4, 2, 3] ,[3, 6, 7, 4, 5, 1, 2]
            ,[4, 6, 7, 2, 5, 1, 3] ,[3, 6, 7, 2, 5, 1, 4]
            ,[1, 2, 3, 5, 6, 4, 7] ,[1, 2, 3, 5, 7, 4, 6]
            ,[2, 6, 7, 4, 5, 1, 3] ,[1, 2, 3, 6, 7, 4, 5]
            ,[1, 2, 4, 3, 7, 5, 6] ,[3, 6, 7, 1, 5, 2, 4]
            ,[1, 2, 7, 3, 4, 5, 6] ,[2, 6, 7, 1, 5, 3, 4]
            ,[1, 2, 7, 3, 5, 4, 6] ,[1, 2, 7, 3, 6, 4, 5]
            ,[1, 2, 4, 6, 7, 3, 5] ,[1, 2, 7, 4, 5, 3, 6]
            ,[1, 2, 6, 4, 7, 3, 5] ,[1, 2, 7, 4, 6, 3, 5]
            ,[1, 2, 5, 6, 7, 3, 4] ,[1, 2, 7, 5, 6, 3, 4]
            ,[1, 3, 7, 2, 5, 4, 6] ,[2, 3, 7, 5, 6, 1, 4]
            ,[1, 3, 6, 2, 7, 4, 5] ,[1, 3, 7, 2, 6, 4, 5]
            ,[1, 4, 7, 2, 3, 5, 6] ,[1, 5, 7, 2, 3, 4, 6]
            ,[3, 4, 7, 1, 6, 2, 5] ,[1, 4, 7, 2, 5, 3, 6]
            ,[1, 4, 7, 2, 6, 3, 5] ,[1, 3, 4, 6, 7, 2, 5]
            ,[2, 3, 4, 6, 7, 1, 5] ,[3, 4, 5, 1, 7, 2, 6]
           ]:
Points:=[[6, 41],[10, 40],[14, 39],[17, 37],[21, 35],[25, 33],[28, 30]
       ,[31, 27],[33, 24],[36, 21],[37, 17],[39, 13],[40, 9],[41, 5]
       ,[41, 1],[41, -3],[40, -8],[39, -12],[38, -16],[36, -19],[34, -23]
       ,[32, -26],[29, -29],[26, -32],[22, -34],[19, -36],[15, -38],[11, -40]
       ,[7, -40],[3, -41] ]:
PointSelection := "QuasiUniformPointsAss(30,41)":
Machine := "Schur":
##############################################################################
Instance:=25000:
PreTime:=   4664.41:
GroebnerTime:=  91325.72:
RealTime:=  16798.56:
Table:=[[0,0,25000]
       ,[259,6394,18347]
       ,[62,8228,16710]
       ,[113,8674,16213]
       ,[65,9107,15828]
       ,[246,8470,16284]
       ,[0,16921,8079]
       ,[11,11726,13263]
       ,[17,2699,22284]
       ,[411,12035,12554]
       ,[339,7922,16739]
       ,[3381,16247,5372]
       ,[4869,13890,6241]
       ,[1,13111,11888]
       ,[30,17133,7837]
       ,[1612,11893,11495]
       ,[43,16727,8230]
       ,[377,18101,6522]
       ,[156,10341,14503]
       ,[55,8633,16312]
       ,[3,8822,16175]
       ,[437,9446,15117]
       ,[1,8082,16917]
       ,[21,4350,20629]
       ,[0,9036,15964]
       ,[122,7256,17622]
       ,[167,13133,11700]
       ,[330,14787,9883]
       ,[115,14373,10512]
       ,[0,12894,12106]
       ,[112,4952,19936]
       ,[575,12907,11518]
       ,[635,7333,17032]
       ,[28,5038,19934]
       ,[154,8711,16135]
       ,[498,12532,11970]
       ,[666,8397,15937]
       ,[0,4978,20022]
       ,[136,4959,19905]
       ,[0,4487,20513]
       ,[0,6072,18928]
       ,[0,1874,23126]
       ,[913,15717,8370]
       ,[359,10321,14320]
       ,[794,7825,16381]
       ,[0,7034,17966]
       ,[0,13282,11718]
       ,[34,3387,21579]
       ,[0,14816,10184]
       ,[1,10862,14137]
       ,[0,1398,23602]
       ,[0,9171,15829]
       ,[0,10308,14692]
       ,[54,13722,11224]
       ,[215,9475,15310]
       ,[1251,10288,13461]
       ,[3492,10721,10787]
       ,[565,8821,15614]
       ,[0,12108,12892]
       ,[0,11127,13873]
       ,[0,7948,17052]
       ,[0,6597,18403]
       ,[0,12540,12460]
       ,[0,10390,14610]
       ,[1241,7911,15848]
       ,[890,10726,13384]
       ,[13,12620,12367]
       ,[33,816,24151]
       ,[13,5813,19174]
       ,[1465,6117,17418]
       ,[753,4765,19482]
       ,[0,3792,21208]
       ,[87,2879,22034]
       ,[46,6414,18540]
       ,[335,3515,21150]
       ,[3379,1223,20398]
       ,[5011,10500,9489]
       ,[0,11001,13999]
       ,[1546,6261,17193]
       ,[110,5436,19454]
       ,[0,0,25000]
       ,[4387,6872,13741]
       ,[0,4436,20564]
       ,[0,0,25000]
       ,[1382,7188,16430]
       ,[4352,8180,12468]
       ,[0,0,25000]
       ,[14,7909,17077]
       ,[3951,6150,14899]
       ,[2931,12685,9384]
       ,[0,11767,13233]
       ,[0,0,25000]
       ,[874,9409,14717]
       ,[3629,7851,13520]
       ,[0,7720,17280]
       ,[0,0,25000]
       ,[1423,11420,12157]
       ,[0,7403,17597]
       ,[1,9144,15855]
       ,[106,8740,16154]
       ,[0,13962,11038]
       ,[0,12686,12314]
       ,[4456,12229,8315]
       ,[546,11041,13413]
       ,[6673,10010,8317]
       ,[0,13369,11631]
       ,[0,4179,20821]
       ,[72,6397,18531]]:
CoefficientHeight:=   68.6:
