##############################################################################
#
#  Data for the enumerative problem
#  Y11e2 Y We2 Xe2  = 4 on Pisces
#
##############################################################################
FlagVariety:=[1, 2, 3, 5]:
Label := "Y11e2 Y We2 Xe2 ":
EnumerativeProblem:=[ [1, 3, 4, 2, 5] ,[1, 3, 4, 2, 5]
                     ,[1, 2, 4, 3, 5] ,[2, 1, 3, 4, 5]
                     ,[2, 1, 3, 4, 5] ,[1, 3, 2, 4, 5]
                     ,[1, 3, 2, 4, 5]]:
NumberOfSolutions := 4:
Necklaces:=[ [1, 2, 3, 4, 5, 6] ,[1, 2, 3, 5, 4, 6]
            ,[1, 2, 3, 6, 4, 5] ,[1, 2, 4, 5, 3, 6]
            ,[1, 2, 4, 6, 3, 5] ,[1, 2, 5, 6, 3, 4]
            ,[1, 3, 2, 4, 5, 6] ,[1, 3, 2, 5, 4, 6]
            ,[1, 3, 2, 6, 4, 5] ,[1, 4, 2, 3, 5, 6]
            ,[1, 5, 2, 3, 4, 6] ,[1, 4, 2, 5, 3, 6]
            ,[1, 4, 2, 6, 3, 5] ,[1, 5, 2, 4, 3, 6]
            ,[1, 3, 4, 5, 2, 6] ,[1, 4, 3, 5, 2, 6]
            ,[2, 1, 3, 4, 5, 6] ,[2, 1, 3, 5, 4, 6]
            ,[2, 1, 3, 6, 4, 5] ,[2, 1, 4, 5, 3, 6]
            ,[3, 1, 2, 4, 5, 6] ,[3, 1, 2, 5, 4, 6]
            ,[3, 1, 2, 6, 4, 5] ,[4, 1, 2, 3, 5, 6]
            ,[5, 1, 2, 3, 4, 6] ,[4, 1, 2, 5, 3, 6]
            ,[4, 1, 2, 6, 3, 5] ,[5, 1, 2, 4, 3, 6]
            ,[5, 1, 2, 6, 3, 4] ,[3, 1, 4, 5, 2, 6]
            ,[3, 1, 4, 6, 2, 5] ,[3, 1, 5, 6, 2, 4]
            ,[4, 1, 3, 5, 2, 6] ,[4, 1, 3, 6, 2, 5]
            ,[5, 1, 3, 4, 2, 6] ,[5, 1, 3, 6, 2, 4]
            ,[4, 1, 5, 6, 2, 3] ,[5, 1, 4, 6, 2, 3]
            ,[2, 4, 1, 3, 5, 6] ,[2, 5, 1, 3, 4, 6]
            ,[2, 4, 1, 5, 3, 6] ,[4, 2, 1, 3, 5, 6]
            ,[5, 2, 1, 3, 4, 6] ,[4, 2, 1, 5, 3, 6]
            ,[4, 2, 1, 6, 3, 5] ,[5, 2, 1, 4, 3, 6]
            ,[3, 5, 1, 2, 4, 6] ,[5, 3, 1, 2, 4, 6]
           ]:
Points:=[[6, 41],[10, 40],[14, 39],[17, 37],[21, 35],[25, 33],[28, 30]
       ,[31, 27],[33, 24],[36, 21],[37, 17],[39, 13],[40, 9],[41, 5]
       ,[41, 1],[41, -3],[40, -8],[39, -12],[38, -16],[36, -19],[34, -23]
       ,[32, -26],[29, -29],[26, -32],[22, -34],[19, -36],[15, -38],[11, -40]
       ,[7, -40],[3, -41] ]:
PointSelection := "QuasiUniformPointsAss(30,41)":
Machine := "Pisces":
##############################################################################
Instance:=25000:
PreTime:=   4376.05:
GroebnerTime:=  20265.63:
RealTime:=   8241.15:
Table:=[[0,0,25000]
       ,[4149,5177,15674]
       ,[2905,11578,10517]
       ,[0,0,25000]
       ,[3862,7487,13651]
       ,[0,0,25000]
       ,[0,6815,18185]
       ,[1220,12023,11757]
       ,[82,8646,16272]
       ,[0,14544,10456]
       ,[0,11845,13155]
       ,[613,9900,14487]
       ,[5550,10316,9134]
       ,[121,7151,17728]
       ,[0,12267,12733]
       ,[7,14136,10857]
       ,[0,0,25000]
       ,[3302,7843,13855]
       ,[1798,10837,12365]
       ,[0,0,25000]
       ,[0,5027,19973]
       ,[106,11898,12996]
       ,[0,4262,20738]
       ,[0,3498,21502]
       ,[0,1464,23536]
       ,[12,14085,10903]
       ,[0,4365,20635]
       ,[991,5407,18602]
       ,[0,6259,18741]
       ,[0,4777,20223]
       ,[665,8509,15826]
       ,[0,4367,20633]
       ,[847,12392,11761]
       ,[79,13506,11415]
       ,[0,531,24469]
       ,[185,10251,14564]
       ,[0,745,24255]
       ,[0,7213,17787]
       ,[0,12764,12236]
       ,[988,17202,6810]
       ,[70,16799,8131]
       ,[4,10645,14351]
       ,[4,8282,16714]
       ,[61,14724,10215]
       ,[152,10488,14360]
       ,[469,11679,12852]
       ,[0,12178,12822]
       ,[0,11981,13019]]:
CoefficientHeight:=   24.2:
