##############################################################################
#
#  Data for the enumerative problem
#  Y11 Ye2 We3 Xe2  = 4 on Praxis
#
##############################################################################
FlagVariety:=[1, 2, 3, 5]:
Label := "Y11 Ye2 We3 Xe2 ":
EnumerativeProblem:=[ [1, 3, 4, 2, 5] ,[1, 2, 4, 3, 5]
                     ,[1, 2, 4, 3, 5] ,[2, 1, 3, 4, 5]
                     ,[2, 1, 3, 4, 5] ,[2, 1, 3, 4, 5]
                     ,[1, 3, 2, 4, 5] ,[1, 3, 2, 4, 5]
                    ]:
NumberOfSolutions := 4:
Necklaces:=[ [1, 2, 3, 4, 5, 6, 7] ,[1, 6, 2, 4, 7, 3, 5]
            ,[1, 5, 2, 4, 7, 3, 6] ,[1, 4, 2, 6, 7, 3, 5]
            ,[1, 4, 2, 5, 7, 3, 6] ,[1, 6, 2, 3, 7, 4, 5]
            ,[1, 5, 2, 3, 7, 4, 6] ,[1, 4, 2, 3, 7, 5, 6]
            ,[1, 3, 2, 6, 7, 4, 5] ,[1, 3, 2, 5, 7, 4, 6]
            ,[1, 3, 2, 4, 7, 5, 6] ,[1, 2, 5, 6, 7, 3, 4]
            ,[1, 2, 4, 6, 7, 3, 5] ,[1, 2, 4, 5, 7, 3, 6]
            ,[1, 2, 3, 6, 7, 4, 5] ,[1, 2, 3, 5, 7, 4, 6]
            ,[1, 2, 3, 4, 7, 5, 6] ,[2, 4, 1, 3, 7, 5, 6]
            ,[3, 5, 1, 2, 4, 6, 7] ,[2, 4, 1, 3, 6, 5, 7]
            ,[3, 5, 2, 4, 7, 1, 6] ,[4, 6, 2, 3, 5, 1, 7]
            ,[4, 6, 1, 3, 5, 2, 7] ,[2, 4, 1, 3, 5, 6, 7]
            ,[3, 5, 2, 4, 6, 1, 7] ,[5, 7, 3, 4, 6, 1, 2]
            ,[5, 7, 2, 4, 6, 1, 3] ,[3, 6, 4, 5, 7, 1, 2]
            ,[3, 6, 2, 5, 7, 1, 4] ,[2, 6, 4, 5, 7, 1, 3]
            ,[2, 6, 3, 5, 7, 1, 4] ,[3, 6, 1, 5, 7, 2, 4]
            ,[2, 6, 1, 5, 7, 3, 4] ,[1, 6, 4, 5, 7, 2, 3]
            ,[1, 6, 3, 5, 7, 2, 4] ,[1, 6, 2, 5, 7, 3, 4]
            ,[2, 3, 1, 6, 7, 4, 5] ,[3, 4, 1, 2, 7, 5, 6]
            ,[4, 5, 1, 2, 3, 6, 7] ,[2, 3, 1, 5, 7, 4, 6]
            ,[3, 4, 1, 2, 6, 5, 7] ,[2, 3, 1, 5, 6, 4, 7]
            ,[3, 4, 2, 6, 7, 1, 5] ,[4, 5, 2, 3, 7, 1, 6]
            ,[4, 5, 1, 3, 7, 2, 6] ,[5, 6, 2, 3, 4, 1, 7]
            ,[5, 6, 1, 3, 4, 2, 7] ,[5, 6, 1, 2, 4, 3, 7]
            ,[2, 3, 1, 4, 7, 5, 6] ,[3, 4, 1, 2, 5, 6, 7]
            ,[2, 3, 1, 4, 6, 5, 7] ,[3, 4, 2, 5, 7, 1, 6]
            ,[4, 5, 2, 3, 6, 1, 7] ,[2, 3, 1, 4, 5, 6, 7]
            ,[6, 7, 2, 4, 5, 1, 3] ,[6, 7, 2, 3, 5, 1, 4]
            ,[4, 7, 3, 5, 6, 1, 2] ,[3, 7, 4, 5, 6, 1, 2]
            ,[4, 7, 2, 5, 6, 1, 3] ,[5, 7, 2, 3, 6, 1, 4]
            ,[4, 7, 2, 3, 6, 1, 5] ,[3, 7, 2, 5, 6, 1, 4]
            ,[3, 7, 2, 4, 6, 1, 5] ,[2, 7, 4, 5, 6, 1, 3]
            ,[2, 7, 3, 5, 6, 1, 4] ,[2, 7, 3, 4, 6, 1, 5]
            ,[3, 7, 1, 2, 6, 4, 5] ,[1, 7, 4, 5, 6, 2, 3]
            ,[1, 7, 3, 5, 6, 2, 4] ,[1, 7, 3, 4, 6, 2, 5]
            ,[1, 7, 2, 5, 6, 3, 4] ,[1, 7, 2, 4, 6, 3, 5]
            ,[4, 6, 2, 3, 7, 1, 5] ,[3, 5, 2, 6, 7, 1, 4]
            ,[3, 6, 2, 4, 7, 1, 5] ,[2, 5, 4, 6, 7, 1, 3]
            ,[2, 4, 5, 6, 7, 1, 3] ,[2, 5, 3, 6, 7, 1, 4]
            ,[2, 6, 3, 4, 7, 1, 5] ,[2, 5, 3, 4, 7, 1, 6]
            ,[2, 4, 3, 6, 7, 1, 5] ,[2, 3, 5, 6, 7, 1, 4]
            ,[4, 6, 1, 3, 7, 2, 5] ,[3, 5, 1, 6, 7, 2, 4]
            ,[3, 6, 1, 4, 7, 2, 5] ,[3, 5, 1, 4, 7, 2, 6]
            ,[3, 4, 1, 6, 7, 2, 5] ,[4, 6, 1, 2, 7, 3, 5]
            ,[3, 6, 1, 2, 7, 4, 5] ,[2, 6, 1, 4, 7, 3, 5]
            ,[1, 5, 4, 6, 7, 2, 3] ,[1, 4, 5, 6, 7, 2, 3]
            ,[1, 5, 3, 6, 7, 2, 4] ,[1, 6, 3, 4, 7, 2, 5]
            ,[1, 5, 3, 4, 7, 2, 6] ,[1, 4, 3, 6, 7, 2, 5]
            ,[1, 4, 3, 5, 7, 2, 6] ,[1, 3, 5, 6, 7, 2, 4]
            ,[1, 3, 4, 6, 7, 2, 5] ,[1, 3, 4, 5, 7, 2, 6]
            ,[6, 7, 2, 3, 4, 1, 5] ,[3, 7, 2, 4, 5, 1, 6]
            ,[2, 7, 3, 4, 5, 1, 6] ,[1, 7, 3, 4, 5, 2, 6]
            ,[1, 4, 3, 5, 6, 2, 7] ,[1, 3, 4, 5, 6, 2, 7]
            ,[2, 6, 3, 4, 5, 1, 7] ,[3, 6, 2, 4, 5, 1, 7]
           ]:
Points:=[[6, 41],[10, 40],[14, 39],[17, 37],[21, 35],[25, 33],[28, 30]
       ,[31, 27],[33, 24],[36, 21],[37, 17],[39, 13],[40, 9],[41, 5]
       ,[41, 1],[41, -3],[40, -8],[39, -12],[38, -16],[36, -19],[34, -23]
       ,[32, -26],[29, -29],[26, -32],[22, -34],[19, -36],[15, -38],[11, -40]
       ,[7, -40],[3, -41] ]:
PointSelection := "QuasiUniformPointsAss(30,41)":
Machine := "Praxis":
##############################################################################
Instance:=25000:
PreTime:=   9713.05:
GroebnerTime:=  93402.01:
RealTime:=  25734.23:
Table:=[[0,0,25000]
       ,[432,15447,9121]
       ,[613,11528,12859]
       ,[523,11260,13217]
       ,[112,9944,14944]
       ,[157,13380,11463]
       ,[87,17636,7277]
       ,[608,16693,7699]
       ,[0,9682,15318]
       ,[72,17027,7901]
       ,[0,14849,10151]
       ,[0,0,25000]
       ,[0,4861,20139]
       ,[0,5492,19508]
       ,[0,12709,12291]
       ,[84,15735,9181]
       ,[0,14513,10487]
       ,[960,13964,10076]
       ,[0,6112,18888]
       ,[3706,14868,6426]
       ,[1747,16483,6770]
       ,[0,8061,16939]
       ,[813,8483,15704]
       ,[0,6790,18210]
       ,[0,9406,15594]
       ,[0,4932,20068]
       ,[0,8798,16202]
       ,[0,14514,10486]
       ,[485,14068,10447]
       ,[404,12463,12133]
       ,[240,10474,14286]
       ,[844,16588,7568]
       ,[91,14160,10749]
       ,[0,8310,16690]
       ,[83,11020,13897]
       ,[0,16765,8235]
       ,[0,4651,20349]
       ,[0,6427,18573]
       ,[0,148,24852]
       ,[38,14431,10531]
       ,[1325,13643,10032]
       ,[422,12087,12491]
       ,[0,12960,12040]
       ,[25,17034,7941]
       ,[1509,15966,7525]
       ,[0,5267,19733]
       ,[9,7046,17945]
       ,[64,7719,17217]
       ,[23,17898,7079]
       ,[0,11192,13808]
       ,[438,18101,6461]
       ,[1369,17286,6345]
       ,[0,16865,8135]
       ,[4,10754,14242]
       ,[0,3902,21098]
       ,[0,4631,20369]
       ,[0,3003,21997]
       ,[0,9051,15949]
       ,[1549,16857,6594]
       ,[0,9835,15165]
       ,[4,13615,11381]
       ,[414,10962,13624]
       ,[168,13456,11376]
       ,[0,12218,12782]
       ,[424,6107,18469]
       ,[802,8213,15985]
       ,[0,9820,15180]
       ,[0,0,25000]
       ,[0,4232,20768]
       ,[0,3310,21690]
       ,[0,12190,12810]
       ,[86,13520,11394]
       ,[43,18808,6149]
       ,[96,16298,8606]
       ,[403,18430,6167]
       ,[1902,10963,12135]
       ,[5890,9011,10099]
       ,[78,12833,12089]
       ,[1289,12988,10723]
       ,[4302,12958,7740]
       ,[244,9405,15351]
       ,[0,4580,20420]
       ,[322,10840,13838]
       ,[2566,12847,9587]
       ,[2527,13065,9408]
       ,[5408,13422,6170]
       ,[368,13422,11210]
       ,[1640,10837,12523]
       ,[0,14103,10897]
       ,[2064,17716,5220]
       ,[0,3359,21641]
       ,[0,8346,16654]
       ,[409,16294,8297]
       ,[24,8183,16793]
       ,[972,15455,8573]
       ,[1233,10856,12911]
       ,[479,13653,10868]
       ,[1184,6262,17554]
       ,[1627,5910,17463]
       ,[675,9227,15098]
       ,[0,0,25000]
       ,[267,3977,20756]
       ,[403,5280,19317]
       ,[0,0,25000]
       ,[235,13762,11003]
       ,[0,15655,9345]
       ,[71,5446,19483]
       ,[0,7382,17618]]:
CoefficientHeight:=   30.7:
