##############################################################################
#
#  Data for the enumerative problem
#  X2 Ye3 We3 X  = 4 on Noether
#
##############################################################################
FlagVariety:=[1, 2, 3, 5]:
Label := "X2 Ye3 We3 X ":
EnumerativeProblem:=[ [1, 4, 2, 3, 5] ,[1, 2, 4, 3, 5]
                     ,[1, 2, 4, 3, 5] ,[1, 2, 4, 3, 5]
                     ,[2, 1, 3, 4, 5] ,[2, 1, 3, 4, 5]
                     ,[2, 1, 3, 4, 5] ,[1, 3, 2, 4, 5]
                    ]:
NumberOfSolutions := 4:
Necklaces:=[ [1, 2, 3, 4, 5, 6, 7] ,[5, 6, 7, 1, 3, 4, 2]
            ,[1, 6, 7, 2, 4, 5, 3] ,[1, 2, 3, 4, 6, 7, 5]
            ,[1, 2, 3, 5, 6, 7, 4] ,[1, 2, 4, 3, 5, 6, 7]
            ,[1, 2, 4, 3, 5, 7, 6] ,[1, 2, 4, 3, 6, 7, 5]
            ,[1, 2, 5, 3, 4, 6, 7] ,[1, 2, 5, 3, 4, 7, 6]
            ,[1, 2, 6, 3, 4, 5, 7] ,[1, 2, 7, 3, 4, 5, 6]
            ,[1, 2, 6, 3, 4, 7, 5] ,[1, 2, 5, 3, 6, 7, 4]
            ,[1, 2, 6, 3, 5, 7, 4] ,[1, 2, 7, 3, 5, 6, 4]
            ,[1, 2, 4, 5, 6, 7, 3] ,[1, 2, 5, 4, 6, 7, 3]
            ,[1, 2, 6, 4, 5, 7, 3] ,[1, 2, 7, 4, 5, 6, 3]
            ,[1, 3, 4, 2, 5, 6, 7] ,[1, 3, 4, 2, 5, 7, 6]
            ,[1, 3, 4, 2, 6, 7, 5] ,[1, 3, 5, 2, 4, 6, 7]
            ,[1, 3, 5, 2, 4, 7, 6] ,[1, 3, 6, 2, 4, 5, 7]
            ,[1, 3, 7, 2, 4, 5, 6] ,[1, 3, 6, 2, 4, 7, 5]
            ,[1, 3, 7, 2, 4, 6, 5] ,[1, 3, 5, 2, 6, 7, 4]
            ,[1, 3, 6, 2, 5, 7, 4] ,[1, 3, 7, 2, 5, 6, 4]
            ,[1, 4, 5, 2, 3, 6, 7] ,[1, 4, 5, 2, 3, 7, 6]
            ,[1, 4, 6, 2, 3, 5, 7] ,[1, 4, 7, 2, 3, 5, 6]
            ,[1, 4, 6, 2, 3, 7, 5] ,[1, 4, 7, 2, 3, 6, 5]
            ,[1, 5, 6, 2, 3, 4, 7] ,[1, 5, 7, 2, 3, 4, 6]
            ,[1, 5, 6, 2, 3, 7, 4] ,[1, 4, 5, 2, 6, 7, 3]
            ,[1, 4, 6, 2, 5, 7, 3] ,[1, 5, 6, 2, 4, 7, 3]
            ,[1, 3, 4, 5, 6, 7, 2] ,[1, 3, 5, 4, 6, 7, 2]
            ,[1, 3, 6, 4, 5, 7, 2] ,[1, 4, 5, 3, 6, 7, 2]
            ,[1, 4, 6, 3, 5, 7, 2] ,[1, 5, 6, 3, 4, 7, 2]
            ,[2, 3, 4, 1, 5, 6, 7] ,[2, 3, 4, 1, 5, 7, 6]
            ,[2, 3, 4, 1, 6, 7, 5] ,[2, 3, 5, 1, 4, 6, 7]
            ,[2, 3, 5, 1, 4, 7, 6] ,[2, 3, 6, 1, 4, 5, 7]
            ,[2, 3, 6, 1, 4, 7, 5] ,[2, 3, 5, 1, 6, 7, 4]
            ,[2, 3, 6, 1, 5, 7, 4] ,[2, 4, 5, 1, 3, 6, 7]
            ,[2, 4, 5, 1, 3, 7, 6] ,[2, 4, 6, 1, 3, 5, 7]
            ,[2, 4, 6, 1, 3, 7, 5] ,[2, 5, 6, 1, 3, 4, 7]
            ,[2, 4, 5, 1, 6, 7, 3] ,[3, 4, 5, 1, 2, 6, 7]
            ,[3, 4, 5, 1, 2, 7, 6] ,[3, 4, 6, 1, 2, 5, 7]
            ,[3, 5, 6, 1, 2, 4, 7] ,[4, 5, 6, 1, 2, 3, 7]
           ]:
Points:=[[6, 41],[10, 40],[14, 39],[17, 37],[21, 35],[25, 33],[28, 30]
       ,[31, 27],[33, 24],[36, 21],[37, 17],[39, 13],[40, 9],[41, 5]
       ,[41, 1],[41, -3],[40, -8],[39, -12],[38, -16],[36, -19],[34, -23]
       ,[32, -26],[29, -29],[26, -32],[22, -34],[19, -36],[15, -38],[11, -40]
       ,[7, -40],[3, -41] ]:
PointSelection := "QuasiUniformPointsAss(30,41)":
Machine := "Noether":
##############################################################################
Instance:=25000:
PreTime:=   8294.72:
GroebnerTime:=  60457.63:
RealTime:=  20540.69:
Table:=[[0,0,25000]
       ,[543,467,23990]
       ,[11,2636,22353]
       ,[2434,3795,18771]
       ,[0,0,25000]
       ,[0,2320,22680]
       ,[95,4712,20193]
       ,[2136,9404,13460]
       ,[0,2856,22144]
       ,[616,16325,8059]
       ,[0,8782,16218]
       ,[0,6029,18971]
       ,[25,6483,18492]
       ,[1013,11229,12758]
       ,[1473,10608,12919]
       ,[52,6558,18390]
       ,[0,14607,10393]
       ,[0,16493,8507]
       ,[0,5242,19758]
       ,[0,544,24456]
       ,[0,9121,15879]
       ,[284,15470,9246]
       ,[1305,8751,14944]
       ,[27,9768,15205]
       ,[521,18781,5698]
       ,[559,13766,10675]
       ,[9,8426,16565]
       ,[153,12474,12373]
       ,[111,7957,16932]
       ,[2071,15740,7189]
       ,[3489,13239,8272]
       ,[1207,8696,15097]
       ,[743,12984,11273]
       ,[209,15089,9702]
       ,[392,7648,16960]
       ,[0,9851,15149]
       ,[529,17784,6687]
       ,[73,14605,10322]
       ,[0,985,24015]
       ,[0,14667,10333]
       ,[795,7382,16823]
       ,[1631,13524,9845]
       ,[225,16040,8735]
       ,[162,13266,11572]
       ,[0,11215,13785]
       ,[593,13606,10801]
       ,[40,15097,9863]
       ,[2569,17127,5304]
       ,[0,13345,11655]
       ,[101,13898,11001]
       ,[0,1264,23736]
       ,[7545,7293,10162]
       ,[1375,4275,19350]
       ,[6,2618,22376]
       ,[2936,15043,7021]
       ,[489,13202,11309]
       ,[1943,12904,10153]
       ,[1872,13111,10017]
       ,[1973,12315,10712]
       ,[0,7831,17169]
       ,[1150,13522,10328]
       ,[0,10168,14832]
       ,[813,12967,11220]
       ,[0,3778,21222]
       ,[377,10513,14110]
       ,[1475,9876,13649]
       ,[5780,5771,13449]
       ,[35,10884,14081]
       ,[0,3389,21611]
       ,[0,0,25000]]:
CoefficientHeight:=   45.1:
