##############################################################################
#
#  Data for the enumerative problem
#  W2 X2 Ye3 W X  = 4 on Schubert
#
##############################################################################
FlagVariety:=[1, 2, 3, 5]:
Label := "W2 X2 Ye3 W X ":
EnumerativeProblem:=[ [3, 1, 2, 4, 5] ,[1, 4, 2, 3, 5]
                     ,[1, 2, 4, 3, 5] ,[1, 2, 4, 3, 5]
                     ,[1, 2, 4, 3, 5] ,[2, 1, 3, 4, 5]
                     ,[1, 3, 2, 4, 5]]:
NumberOfSolutions := 4:
Necklaces:=[ [1, 2, 3, 4, 5, 6] ,[1, 2, 3, 4, 6, 5]
            ,[1, 2, 3, 5, 4, 6] ,[1, 2, 3, 6, 4, 5]
            ,[1, 2, 3, 5, 6, 4] ,[1, 2, 3, 6, 5, 4]
            ,[1, 2, 4, 5, 3, 6] ,[1, 2, 4, 6, 3, 5]
            ,[1, 2, 5, 6, 3, 4] ,[1, 2, 4, 5, 6, 3]
            ,[1, 2, 4, 6, 5, 3] ,[1, 2, 5, 6, 4, 3]
            ,[1, 3, 4, 5, 2, 6] ,[1, 3, 4, 6, 2, 5]
            ,[1, 3, 5, 6, 2, 4] ,[1, 4, 5, 6, 2, 3]
            ,[1, 3, 4, 5, 6, 2] ,[1, 3, 4, 6, 5, 2]
            ,[1, 3, 5, 6, 4, 2] ,[1, 4, 5, 6, 3, 2]
            ,[2, 1, 3, 4, 5, 6] ,[2, 1, 3, 4, 6, 5]
            ,[2, 1, 3, 5, 4, 6] ,[2, 1, 3, 6, 4, 5]
            ,[2, 1, 3, 5, 6, 4] ,[2, 1, 3, 6, 5, 4]
            ,[2, 1, 4, 5, 3, 6] ,[2, 1, 4, 6, 3, 5]
            ,[2, 1, 5, 6, 3, 4] ,[2, 1, 4, 5, 6, 3]
            ,[2, 1, 4, 6, 5, 3] ,[2, 1, 5, 6, 4, 3]
            ,[3, 1, 2, 4, 5, 6] ,[3, 1, 2, 4, 6, 5]
            ,[3, 1, 2, 5, 4, 6] ,[3, 1, 2, 6, 4, 5]
            ,[3, 1, 2, 5, 6, 4] ,[3, 1, 2, 6, 5, 4]
            ,[4, 1, 2, 3, 5, 6] ,[4, 1, 2, 3, 6, 5]
            ,[5, 1, 2, 3, 4, 6] ,[5, 1, 2, 3, 6, 4]
            ,[4, 1, 2, 5, 3, 6] ,[4, 1, 2, 6, 3, 5]
            ,[5, 1, 2, 4, 3, 6] ,[4, 1, 2, 5, 6, 3]
            ,[4, 1, 2, 6, 5, 3] ,[5, 1, 2, 4, 6, 3]
            ,[3, 1, 4, 5, 2, 6] ,[3, 1, 4, 6, 2, 5]
            ,[4, 1, 3, 5, 2, 6] ,[4, 1, 3, 6, 2, 5]
            ,[5, 1, 3, 4, 2, 6] ,[3, 1, 4, 5, 6, 2]
            ,[4, 1, 3, 5, 6, 2] ,[5, 1, 3, 4, 6, 2]
            ,[2, 3, 4, 5, 1, 6] ,[3, 2, 4, 5, 1, 6]
            ,[4, 2, 3, 5, 1, 6] ,[5, 2, 3, 4, 1, 6]
           ]:
Points:=[[6, 41],[10, 40],[14, 39],[17, 37],[21, 35],[25, 33],[28, 30]
       ,[31, 27],[33, 24],[36, 21],[37, 17],[39, 13],[40, 9],[41, 5]
       ,[41, 1],[41, -3],[40, -8],[39, -12],[38, -16],[36, -19],[34, -23]
       ,[32, -26],[29, -29],[26, -32],[22, -34],[19, -36],[15, -38],[11, -40]
       ,[7, -40],[3, -41] ]:
PointSelection := "QuasiUniformPointsAss(30,41)":
Machine := "Schubert":
##############################################################################
Instance:=25000:
PreTime:=  11278.64:
GroebnerTime:=  56170.55:
RealTime:=  20099.36:
Table:=[[3823,4659,16518]
       ,[0,0,25000]
       ,[2605,10917,11478]
       ,[1647,11117,12236]
       ,[0,12735,12265]
       ,[0,14391,10609]
       ,[1945,11083,11972]
       ,[2798,15686,6516]
       ,[993,12337,11670]
       ,[0,10533,14467]
       ,[648,13216,11136]
       ,[2970,14855,7175]
       ,[3140,4544,17316]
       ,[2055,12467,10478]
       ,[540,12255,12205]
       ,[3929,5109,15962]
       ,[0,0,25000]
       ,[0,3750,21250]
       ,[79,9899,15022]
       ,[2635,9431,12934]
       ,[16,6595,18389]
       ,[0,668,24332]
       ,[1639,10398,12963]
       ,[79,15058,9863]
       ,[0,13622,11378]
       ,[0,9997,15003]
       ,[1496,11624,11880]
       ,[384,17228,7388]
       ,[272,13427,11301]
       ,[0,682,24318]
       ,[514,8255,16231]
       ,[770,13095,11135]
       ,[8,2560,22432]
       ,[0,5997,19003]
       ,[10,8104,16886]
       ,[532,15316,9152]
       ,[0,8209,16791]
       ,[0,3755,21245]
       ,[465,598,23937]
       ,[0,0,25000]
       ,[3,1758,23239]
       ,[0,0,25000]
       ,[64,12466,12470]
       ,[416,12532,12052]
       ,[0,6869,18131]
       ,[0,1278,23722]
       ,[0,4237,20763]
       ,[0,12603,12397]
       ,[0,7457,17543]
       ,[32,15057,9911]
       ,[17,7381,17602]
       ,[475,10983,13542]
       ,[0,2132,22868]
       ,[0,5729,19271]
       ,[0,12487,12513]
       ,[0,14533,10467]
       ,[0,0,25000]
       ,[0,642,24358]
       ,[0,5528,19472]
       ,[0,0,25000]]:
CoefficientHeight:=   32.0:
