##############################################################################
#
#  Data for the enumerative problem
#  Y11 W2 Ye2 W Xe2  = 4 on Pisces
#
##############################################################################
FlagVariety:=[1, 2, 3, 5]:
Label := "Y11 W2 Ye2 W Xe2 ":
EnumerativeProblem:=[ [1, 3, 4, 2, 5] ,[3, 1, 2, 4, 5]
                     ,[1, 2, 4, 3, 5] ,[1, 2, 4, 3, 5]
                     ,[2, 1, 3, 4, 5] ,[1, 3, 2, 4, 5]
                     ,[1, 3, 2, 4, 5]]:
NumberOfSolutions := 4:
Necklaces:=[ [2, 3, 5, 1, 4, 6] ,[3, 1, 5, 2, 4, 6]
            ,[2, 1, 5, 3, 4, 6] ,[1, 3, 5, 2, 4, 6]
            ,[1, 2, 5, 3, 4, 6] ,[3, 2, 5, 1, 4, 6]
            ,[3, 1, 6, 2, 4, 5] ,[5, 1, 3, 6, 2, 4]
            ,[5, 3, 6, 1, 2, 4] ,[6, 2, 4, 1, 3, 5]
            ,[6, 1, 4, 2, 3, 5] ,[2, 1, 6, 5, 3, 4]
            ,[1, 2, 4, 6, 3, 5] ,[1, 4, 6, 2, 3, 5]
            ,[1, 2, 3, 4, 5, 6] ,[1, 2, 6, 5, 3, 4]
            ,[2, 1, 5, 6, 3, 4] ,[3, 5, 6, 2, 1, 4]
            ,[4, 1, 6, 3, 2, 5] ,[5, 1, 2, 4, 3, 6]
            ,[3, 4, 6, 2, 1, 5] ,[4, 1, 5, 3, 2, 6]
            ,[3, 4, 5, 2, 1, 6] ,[4, 5, 6, 3, 1, 2]
            ,[5, 1, 6, 4, 2, 3] ,[6, 2, 3, 5, 1, 4]
            ,[6, 1, 2, 5, 3, 4] ,[4, 2, 3, 6, 1, 5]
            ,[3, 2, 4, 6, 1, 5] ,[2, 3, 4, 6, 1, 5]
            ,[4, 1, 3, 6, 2, 5] ,[3, 1, 4, 6, 2, 5]
            ,[4, 1, 2, 6, 3, 5] ,[3, 1, 2, 6, 4, 5]
            ,[2, 1, 3, 6, 4, 5] ,[1, 3, 4, 6, 2, 5]
            ,[1, 2, 3, 6, 4, 5] ,[1, 5, 6, 4, 2, 3]
            ,[5, 4, 6, 3, 1, 2] ,[6, 1, 5, 4, 2, 3]
            ,[6, 3, 5, 4, 1, 2] ,[1, 4, 6, 5, 2, 3]
            ,[5, 3, 6, 4, 1, 2] ,[6, 1, 4, 5, 2, 3]
            ,[1, 2, 5, 6, 3, 4] ,[6, 3, 4, 5, 1, 2]
            ,[1, 4, 5, 6, 2, 3] ,[5, 3, 4, 6, 1, 2]
            ,[2, 5, 6, 1, 3, 4] ,[4, 3, 6, 5, 1, 2]
            ,[5, 1, 4, 6, 2, 3] ,[4, 3, 5, 6, 1, 2]
            ,[3, 2, 6, 1, 4, 5] ,[3, 5, 6, 4, 1, 2]
            ,[3, 4, 6, 5, 1, 2] ,[3, 4, 5, 6, 1, 2]
            ,[6, 4, 5, 2, 1, 3] ,[1, 5, 6, 3, 2, 4]
            ,[5, 4, 6, 2, 1, 3] ,[6, 1, 5, 3, 2, 4]
            ,[2, 1, 6, 4, 3, 5] ,[4, 5, 6, 2, 1, 3]
            ,[6, 3, 5, 2, 1, 4] ,[1, 4, 6, 3, 2, 5]
            ,[5, 3, 6, 2, 1, 4] ,[6, 1, 4, 3, 2, 5]
            ,[2, 1, 5, 4, 3, 6] ,[1, 2, 5, 4, 3, 6]
            ,[6, 3, 4, 2, 1, 5] ,[1, 4, 5, 3, 2, 6]
            ,[5, 3, 4, 2, 1, 6] ,[2, 5, 6, 4, 1, 3]
            ,[4, 3, 6, 2, 1, 5] ,[5, 1, 4, 3, 2, 6]
            ,[4, 3, 5, 2, 1, 6] ,[3, 2, 6, 5, 1, 4]
            ,[2, 3, 6, 5, 1, 4] ,[3, 1, 6, 5, 2, 4]
            ,[1, 3, 5, 4, 2, 6] ,[5, 1, 3, 2, 4, 6]
            ,[3, 1, 5, 4, 2, 6] ,[3, 1, 5, 6, 2, 4]
            ,[5, 1, 3, 4, 2, 6] ,[2, 4, 5, 1, 3, 6]
            ,[5, 2, 3, 1, 4, 6] ,[4, 2, 5, 1, 3, 6]
            ,[5, 2, 4, 1, 3, 6] ,[2, 3, 5, 4, 1, 6]
            ,[2, 4, 5, 3, 1, 6] ,[3, 2, 5, 4, 1, 6]
           ]:
Points:=[[6, 41],[10, 40],[14, 39],[17, 37],[21, 35],[25, 33],[28, 30]
       ,[31, 27],[33, 24],[36, 21],[37, 17],[39, 13],[40, 9],[41, 5]
       ,[41, 1],[41, -3],[40, -8],[39, -12],[38, -16],[36, -19],[34, -23]
       ,[32, -26],[29, -29],[26, -32],[22, -34],[19, -36],[15, -38],[11, -40]
       ,[7, -40],[3, -41] ]:
PointSelection := "QuasiUniformPointsAss(30,41)":
Machine := "Pisces":
##############################################################################
Instance:=25000:
PreTime:=   5661.64:
GroebnerTime:=  38409.38:
RealTime:=  12641.13:
Table:=[[6034,8679,10287]
       ,[0,12509,12491]
       ,[0,13305,11695]
       ,[6507,7400,11093]
       ,[2303,10739,11958]
       ,[583,11865,12552]
       ,[0,0,25000]
       ,[1286,6326,17388]
       ,[220,17603,7177]
       ,[1547,11432,12021]
       ,[703,11342,12955]
       ,[0,11713,13287]
       ,[1682,12804,10514]
       ,[1652,6653,16695]
       ,[0,13640,11360]
       ,[0,11020,13980]
       ,[231,12167,12602]
       ,[0,0,25000]
       ,[0,0,25000]
       ,[0,0,25000]
       ,[0,16016,8984]
       ,[422,6083,18495]
       ,[0,5845,19155]
       ,[0,0,25000]
       ,[0,0,25000]
       ,[0,5189,19811]
       ,[0,0,25000]
       ,[15,5754,19231]
       ,[3920,12267,8813]
       ,[45,16272,8683]
       ,[548,7994,16458]
       ,[850,15837,8313]
       ,[0,5837,19163]
       ,[0,13773,11227]
       ,[1186,14961,8853]
       ,[303,12927,11770]
       ,[0,7433,17567]
       ,[0,12998,12002]
       ,[0,4213,20787]
       ,[0,5102,19898]
       ,[0,8651,16349]
       ,[0,8873,16127]
       ,[0,8924,16076]
       ,[0,8429,16571]
       ,[0,13479,11521]
       ,[0,398,24602]
       ,[0,4837,20163]
       ,[0,608,24392]
       ,[0,0,25000]
       ,[0,6585,18415]
       ,[0,6168,18832]
       ,[0,11980,13020]
       ,[0,7547,17453]
       ,[0,0,25000]
       ,[0,4767,20233]
       ,[5,9950,15045]
       ,[1551,14177,9272]
       ,[0,5029,19971]
       ,[2218,15220,7562]
       ,[552,15010,9438]
       ,[0,4297,20703]
       ,[0,3738,21262]
       ,[126,15604,9270]
       ,[1631,5781,17588]
       ,[487,9092,15421]
       ,[1473,11200,12327]
       ,[309,5542,19149]
       ,[293,12617,12090]
       ,[0,13504,11496]
       ,[47,7793,17160]
       ,[0,14591,10409]
       ,[0,5199,19801]
       ,[368,5336,19296]
       ,[313,12534,12153]
       ,[1,7953,17046]
       ,[554,7115,17331]
       ,[3,14688,10309]
       ,[0,3674,21326]
       ,[355,10399,14246]
       ,[0,10783,14217]
       ,[479,7619,16902]
       ,[37,9033,15930]
       ,[0,14577,10423]
       ,[0,5948,19052]
       ,[303,12199,12498]
       ,[1165,14034,9801]
       ,[85,17820,7095]
       ,[1,7769,17230]
       ,[0,5662,19338]
       ,[56,5513,19431]]:
CoefficientHeight:=   24.2:
