##############################################################################
#
#  Data for the enumerative problem
#  Y11e2A214WXe2 = 4 on Rcf1422-1
#
##############################################################################
FlagVariety:=[1, 2, 3, 5]:
Label := "Y11e2A214WXe2":
EnumerativeProblem:=[ [1, 3, 4, 2, 5] ,[1, 3, 4, 2, 5]
                     ,[2, 1, 4, 3, 5] ,[2, 1, 3, 4, 5]
                     ,[1, 3, 2, 4, 5] ,[1, 3, 2, 4, 5]
                    ]:
NumberOfSolutions := 4:
Necklaces:=[ [1, 2, 3, 4, 5] ,[1, 2, 4, 3, 5]
            ,[1, 2, 5, 3, 4] ,[1, 3, 2, 4, 5]
            ,[1, 4, 2, 3, 5] ,[1, 3, 4, 2, 5]
            ,[2, 1, 3, 4, 5] ,[2, 1, 4, 3, 5]
            ,[3, 1, 2, 4, 5] ,[4, 1, 2, 3, 5]
            ,[3, 1, 4, 2, 5] ,[3, 1, 5, 2, 4]
            ,[4, 1, 3, 2, 5] ,[4, 1, 5, 2, 3]
            ,[2, 4, 1, 3, 5] ,[4, 2, 1, 3, 5]
           ]:
Points:=[[6, 61],[11, 60],[15, 59],[20, 58],[24, 56],[28, 54],[33, 52]
       ,[36, 49],[40, 46],[43, 43],[47, 39],[49, 36],[52, 32],[54, 28]
       ,[56, 24],[58, 19],[59, 15],[60, 10],[61, 5],[61, 1],[61, -4]
       ,[60, -9],[60, -13],[58, -18],[57, -22],[55, -26],[53, -31],[50, -34]
       ,[48, -38],[44, -42],[41, -45],[38, -48],[34, -51],[30, -53],[26, -55]
       ,[21, -57],[17, -59],[12, -60],[8, -61],[3, -61] ]:
PointSelection := "QuasiUniformPointsAss(40,61)":
Machine := "Rcf1422-1":
##############################################################################
Instance:=25000:
PreTime:=   9453.31:
GroebnerTime:=  20804.65:
RealTime:=   8315.92:
Table:=[[0,0,25000]
       ,[2907,6812,15281]
       ,[573,9561,14866]
       ,[0,10517,14483]
       ,[29,5780,19191]
       ,[0,12147,12853]
       ,[0,4855,20145]
       ,[0,13125,11875]
       ,[0,7273,17727]
       ,[0,1156,23844]
       ,[0,13029,11971]
       ,[0,6609,18391]
       ,[1165,6406,17429]
       ,[0,8027,16973]
       ,[0,14081,10919]
       ,[0,10841,14159]]:
CoefficientHeight:=   25.0:
