##############################################################################
#
#  Data for the enumerative problem
#  A214X2e2Ye2W = 4 on Praxis
#
##############################################################################
FlagVariety:=[1, 2, 3, 5]:
Label := "A214X2e2Ye2W":
EnumerativeProblem:=[ [2, 1, 4, 3, 5] ,[1, 4, 2, 3, 5]
                     ,[1, 4, 2, 3, 5] ,[1, 2, 4, 3, 5]
                     ,[1, 2, 4, 3, 5] ,[2, 1, 3, 4, 5]
                    ]:
NumberOfSolutions := 4:
Necklaces:=[ [1, 2, 3, 4, 5] ,[1, 2, 3, 5, 4]
            ,[1, 2, 4, 5, 3] ,[1, 3, 2, 4, 5]
            ,[1, 3, 2, 5, 4] ,[1, 4, 2, 3, 5]
            ,[1, 5, 2, 3, 4] ,[1, 4, 2, 5, 3]
            ,[1, 5, 2, 4, 3] ,[1, 3, 4, 5, 2]
            ,[1, 4, 3, 5, 2] ,[2, 3, 1, 4, 5]
            ,[2, 3, 1, 5, 4] ,[2, 4, 1, 3, 5]
            ,[2, 4, 1, 5, 3] ,[3, 4, 1, 2, 5]
           ]:
Points:=[[6, 71],[10, 70],[14, 70],[19, 68],[23, 67],[27, 66],[31, 64]
       ,[35, 62],[39, 60],[42, 57],[46, 54],[49, 51],[52, 48],[55, 45]
       ,[58, 42],[60, 38],[62, 34],[64, 30],[66, 26],[67, 22],[69, 18]
       ,[70, 14],[70, 9],[71, 5],[71, 1],[71, -4],[71, -8],[70, -12]
       ,[69, -17],[68, -21],[66, -25],[65, -29],[63, -33],[61, -37],[58, -40]
       ,[56, -44],[53, -47],[50, -50],[47, -53],[43, -56],[40, -59],[36, -61]
       ,[32, -63],[28, -65],[24, -67],[20, -68],[16, -69],[12, -70],[7, -71]
       ,[3, -71] ]:
PointSelection := "QuasiUniformPointsAss(50,71)":
Machine := "Praxis":
##############################################################################
Instance:=25000:
PreTime:=   5945.11:
GroebnerTime:=   9681.91:
RealTime:=   5647.93:
Table:=[[0,9777,15223]
       ,[34,13477,11489]
       ,[573,8991,15436]
       ,[0,7962,17038]
       ,[0,5605,19395]
       ,[0,6149,18851]
       ,[0,0,25000]
       ,[0,0,25000]
       ,[0,0,24998]
       ,[0,0,24988]
       ,[0,0,24996]
       ,[0,12691,12309]
       ,[0,5975,19025]
       ,[0,1116,23884]
       ,[0,0,25000]
       ,[0,0,25000]]:
CoefficientHeight:=   41.1:
