##############################################################################
#
#  Data for the enumerative problem
#  X2e3Xe3 = 6 on Pieri
#
##############################################################################
FlagVariety:=[3, 6]:
Label := "X2e3Xe3":
EnumerativeProblem:=[ [1, 2, 5, 3, 4, 6] ,[1, 2, 5, 3, 4, 6]
                     ,[1, 2, 5, 3, 4, 6] ,[1, 2, 4, 3, 5, 6]
                     ,[1, 2, 4, 3, 5, 6] ,[1, 2, 4, 3, 5, 6]
                    ]:
NumberOfSolutions := 6:
Necklaces:=[ [1, 2, 3, 4, 5] ,[1, 3, 2, 4, 5]
            ,[2, 4, 1, 3, 5]]:
Points:=[[1, -95],[1, -94],[1, -93],[1, -91],[1, -89],[1, -85],[1, -83]
       ,[1, -79],[1, -77],[1, -73],[1, -67],[1, -65],[1, -59],[1, -55]
       ,[1, -53],[1, -49],[1, -43],[1, -37],[1, -35],[1, -29],[1, -25]
       ,[1, -23],[1, -17],[1, -13],[1, -7],[1, 1],[1, 5],[1, 7]
       ,[1, 11],[1, 13],[1, 17],[1, 31],[1, 35],[1, 41],[1, 43]
       ,[1, 53],[1, 55],[1, 61],[1, 67],[1, 71],[1, 77],[1, 83]
       ,[1, 85],[1, 95] ]:
PointSelection := "Primes(44)":
Machine := "Pieri":
##############################################################################
Instance:=500000:
PreTime:=  86724.92:
GroebnerTime:=  27578.38:
RealTime:=  58970.68:
Table:=[ [0, 0, 0, 500000]
        ,[0, 0, 0, 500000]
        ,[0, 0, 0, 500000]]:
CoefficientHeight:=   13.5:
