##############################################################################
#
#  Data for the enumerative problem
#  X21e2Xe3 = 6 on Noether
#
##############################################################################
FlagVariety:=[3, 6]:
Label := "X21e2Xe3":
EnumerativeProblem:=[ [1, 3, 5, 2, 4, 6] ,[1, 3, 5, 2, 4, 6]
                     ,[1, 2, 4, 3, 5, 6] ,[1, 2, 4, 3, 5, 6]
                     ,[1, 2, 4, 3, 5, 6]]:
NumberOfSolutions := 6:
Necklaces:=[ [1, 2, 3, 4] ,[2, 1, 3, 4]
           ]:
Points:=[[1, -95],[1, -94],[1, -93],[1, -91],[1, -89],[1, -85],[1, -83]
       ,[1, -79],[1, -77],[1, -73],[1, -67],[1, -65],[1, -59],[1, -55]
       ,[1, -53],[1, -49],[1, -43],[1, -37],[1, -35],[1, -29],[1, -25]
       ,[1, -23],[1, -17],[1, -13],[1, -7],[1, 1],[1, 5],[1, 7]
       ,[1, 11],[1, 13],[1, 17],[1, 31],[1, 35],[1, 41],[1, 43]
       ,[1, 53],[1, 55],[1, 61],[1, 67],[1, 71],[1, 77],[1, 83]
       ,[1, 85],[1, 95] ]:
PointSelection := "Primes(44)":
Machine := "Noether":
##############################################################################
Instance:=100000:
PreTime:=  15784.67:
GroebnerTime:=   1070.42:
RealTime:=   9060.95:
Table:=[[0,0,0,100000]
       ,[0,0,0,100000]]:
CoefficientHeight:=    9.9:
