##############################################################################
#
#  Data for the enumerative problem
#  X2X11Xe5 = 10 on Serpens
#
##############################################################################
FlagVariety:=[3, 6]:
Label := "X2X11Xe5":
EnumerativeProblem:=[ [1, 2, 5, 3, 4, 6] ,[1, 3, 4, 2, 5, 6]
                     ,[1, 2, 4, 3, 5, 6] ,[1, 2, 4, 3, 5, 6]
                     ,[1, 2, 4, 3, 5, 6] ,[1, 2, 4, 3, 5, 6]
                     ,[1, 2, 4, 3, 5, 6]]:
NumberOfSolutions := 10:
Necklaces:=[ [1, 2, 3, 4, 5, 6] ,[2, 1, 3, 4, 5, 6]
            ,[3, 1, 2, 4, 5, 6]]:
Points:=[[1, -95],[1, -94],[1, -93],[1, -91],[1, -89],[1, -85],[1, -83]
       ,[1, -79],[1, -77],[1, -73],[1, -67],[1, -65],[1, -59],[1, -55]
       ,[1, -53],[1, -49],[1, -43],[1, -37],[1, -35],[1, -29],[1, -25]
       ,[1, -23],[1, -17],[1, -13],[1, -7],[1, 1],[1, 5],[1, 7]
       ,[1, 11],[1, 13],[1, 17],[1, 31],[1, 35],[1, 41],[1, 43]
       ,[1, 53],[1, 55],[1, 61],[1, 67],[1, 71],[1, 77],[1, 83]
       ,[1, 85],[1, 95] ]:
PointSelection := "Primes(44)":
Machine := "Serpens":
##############################################################################
Instance:=25000:
PreTime:=   4546.02:
GroebnerTime:=   2873.25:
RealTime:=   2124.04:
Table:=[[0,0,0,0,0,25000]
       ,[0,0,0,0,0,25000]
       ,[0,0,0,0,0,25000]]:
CoefficientHeight:=   27.6:
