##############################################################################
#
#  Data for the enumerative problem
#  X11e2Xe5 = 11 on Pisces
#
##############################################################################
FlagVariety:=[3, 6]:
Label := "X11e2Xe5":
EnumerativeProblem:=[ [1, 3, 4, 2, 5, 6] ,[1, 3, 4, 2, 5, 6]
                     ,[1, 2, 4, 3, 5, 6] ,[1, 2, 4, 3, 5, 6]
                     ,[1, 2, 4, 3, 5, 6] ,[1, 2, 4, 3, 5, 6]
                     ,[1, 2, 4, 3, 5, 6]]:
NumberOfSolutions := 11:
Necklaces:=[ [1, 2, 3, 4, 5, 6] ,[2, 1, 3, 4, 5, 6]
            ,[4, 1, 2, 3, 5, 6]]:
Points:=[[1, -95],[1, -94],[1, -93],[1, -91],[1, -89],[1, -85],[1, -83]
       ,[1, -79],[1, -77],[1, -73],[1, -67],[1, -65],[1, -59],[1, -55]
       ,[1, -53],[1, -49],[1, -43],[1, -37],[1, -35],[1, -29],[1, -25]
       ,[1, -23],[1, -17],[1, -13],[1, -7],[1, 1],[1, 5],[1, 7]
       ,[1, 11],[1, 13],[1, 17],[1, 31],[1, 35],[1, 41],[1, 43]
       ,[1, 53],[1, 55],[1, 61],[1, 67],[1, 71],[1, 77],[1, 83]
       ,[1, 85],[1, 95] ]:
PointSelection := "Primes(44)":
Machine := "Pisces":
##############################################################################
Instance:=500000:
PreTime:=  54326.60:
GroebnerTime:=  47562.02:
RealTime:=  71507.44:
Table:=[[0,0,0,0,0,500000]
       ,[0,0,0,0,0,500000]
       ,[0,0,0,0,0,500000]]:
CoefficientHeight:=   18.5:
