##############################################################################
#
#  Data for the enumerative problem
#  X2Xe7 = 21 on Schur
#
##############################################################################
FlagVariety:=[3, 6]:
Label := "X2Xe7":
EnumerativeProblem:=[ [1, 2, 5, 3, 4, 6] ,[1, 2, 4, 3, 5, 6]
                     ,[1, 2, 4, 3, 5, 6] ,[1, 2, 4, 3, 5, 6]
                     ,[1, 2, 4, 3, 5, 6] ,[1, 2, 4, 3, 5, 6]
                     ,[1, 2, 4, 3, 5, 6] ,[1, 2, 4, 3, 5, 6]
                    ]:
NumberOfSolutions := 21:
Necklaces:=[ [1, 2, 3, 4, 5, 6, 7]]:
Points:=[[1, -51],[1, -50],[1, -49],[1, -47],[1, -45],[1, -41],[1, -39]
       ,[1, -35],[1, -33],[1, -29],[1, -23],[1, -21],[1, -15],[1, -11]
       ,[1, -9],[1, -5],[1, 1],[1, 7],[1, 9],[1, 15],[1, 19]
       ,[1, 21],[1, 27],[1, 31],[1, 37],[1, 45],[1, 49],[1, 51]
       ,[1, 55],[1, 57] ]:
PointSelection := "Primes(30)":
Machine := "Schur":
##############################################################################
Instance:=250000:
PreTime:=  29178.94:
GroebnerTime:= 258243.06:
RealTime:=  58553.81:
Table:=[[0,0,0,0,0,0,0,0,0,0,250000]]:
CoefficientHeight:=   71.9:
