##############################################################################
#
#  Data for the enumerative problem
#  Xe9 = 42 on Pieri
#
##############################################################################
FlagVariety:=[3, 6]:
Label := "Xe9":
EnumerativeProblem:=[ [1, 2, 4, 3, 5, 6] ,[1, 2, 4, 3, 5, 6]
                     ,[1, 2, 4, 3, 5, 6] ,[1, 2, 4, 3, 5, 6]
                     ,[1, 2, 4, 3, 5, 6] ,[1, 2, 4, 3, 5, 6]
                     ,[1, 2, 4, 3, 5, 6] ,[1, 2, 4, 3, 5, 6]
                     ,[1, 2, 4, 3, 5, 6]]:
NumberOfSolutions := 42:
Necklaces:=[ [1, 2, 3, 4, 5, 6, 7, 8]]:
Points:=[[1, -51],[1, -50],[1, -49],[1, -47],[1, -45],[1, -41],[1, -39]
       ,[1, -35],[1, -33],[1, -29],[1, -23],[1, -21],[1, -15],[1, -11]
       ,[1, -9],[1, -5],[1, 1],[1, 7],[1, 9],[1, 15],[1, 19]
       ,[1, 21],[1, 27],[1, 31],[1, 37],[1, 45],[1, 49],[1, 51]
        ]:
PointSelection := "Primes(28)":
Machine := "Pieri":
##############################################################################
Instance:=5000:
PreTime:=   1254.39:
GroebnerTime:=2818604.50:
RealTime:=  60880.45:
Table:=[[0,0,0,0,0,0,0,0,0,0,0,0,0,0,0,0,0,0,0,0,0,5000]]:
CoefficientHeight:=  158.2:
