##############################################################################
#
#  Data for the enumerative problem
#  A1364e2 W2 W X11  = 7 on Schubert
#  1000 iterations planned  
#
##############################################################################
FlagVariety:=[3, 4, 7]:
Label := "A1364e2 W2 W X11 ":
EnumerativeProblem:=[ [1, 3, 6, 4, 2, 5, 7] ,[1, 3, 6, 4, 2, 5, 7]
                     ,[1, 2, 5, 3, 4, 6, 7] ,[1, 2, 4, 3, 5, 6, 7]
                     ,[1, 2, 4, 5, 3, 6, 7]]:
NumberOfSolutions := 7:
Necklaces:=[ [1, 2, 3, 4] ,[1, 2, 4, 3]
            ,[1, 3, 2, 4] ,[2, 1, 3, 4]
            ,[3, 1, 2, 4] ,[3, 1, 4, 2]
           ]:
Points:=[[8, 60],[14, 59],[20, 58],[26, 55],[31, 52],[37, 49],[41, 45]
       ,[46, 41],[49, 36],[53, 31],[56, 25],[58, 19],[60, 13],[61, 7]
       ,[61, 1],[61, -5],[60, -11],[59, -17],[56, -23],[54, -29],[51, -34]
       ,[47, -39],[43, -43],[38, -48],[33, -51],[28, -54],[22, -57],[16, -59]
       ,[10, -60],[4, -61] ]:
PointSelection := "QuasiUniformPointsAss(30,61)":
Machine := "Schubert":
NumberOfIterations := 1000:
##############################################################################
Instance:=1000:
PreTime:=   2301.72:
GroebnerTime:=   3640.35:
RealTime:=    240.49:
Table:=[[0,0,0,1000]
       ,[0,0,0,1000]
       ,[0,0,0,1000]
       ,[0,0,0,1000]
       ,[0,0,0,1000]
       ,[0,0,0,1000]]:
CoefficientHeight:=   21.5:
