##############################################################################
#
#  Data for the enumerative problem
#  A2564 We3 Xe3  = 9 on Schubert
#  1000 iterations planned  
#
##############################################################################
FlagVariety:=[3, 4, 7]:
Label := "A2564 We3 Xe3 ":
EnumerativeProblem:=[ [2, 5, 6, 4, 1, 3, 7] ,[1, 2, 4, 3, 5, 6, 7]
                     ,[1, 2, 4, 3, 5, 6, 7] ,[1, 2, 4, 3, 5, 6, 7]
                     ,[1, 2, 3, 5, 4, 6, 7] ,[1, 2, 3, 5, 4, 6, 7]
                     ,[1, 2, 3, 5, 4, 6, 7]]:
NumberOfSolutions := 9:
Necklaces:=[ [1, 2, 3, 4, 5, 6] ,[1, 2, 4, 3, 5, 6]
            ,[1, 2, 5, 3, 4, 6] ,[1, 2, 6, 3, 4, 5]
            ,[1, 3, 4, 2, 5, 6] ,[1, 3, 5, 2, 4, 6]
            ,[1, 3, 6, 2, 4, 5] ,[1, 4, 5, 2, 3, 6]
            ,[2, 3, 4, 1, 5, 6] ,[2, 3, 5, 1, 4, 6]
           ]:
Points:=[[9, 66],[16, 65],[22, 63],[28, 61],[34, 57],[40, 54],[45, 49]
       ,[50, 44],[54, 39],[58, 34],[61, 27],[64, 21],[65, 15],[67, 8]
       ,[67, 1],[67, -6],[66, -12],[64, -19],[62, -25],[59, -32],[56, -37]
       ,[52, -43],[47, -48],[42, -52],[36, -56],[31, -60],[24, -62],[18, -65]
       ,[11, -66],[5, -67] ]:
PointSelection := "QuasiUniformPointsAss(30,67)":
Machine := "Schubert":
NumberOfIterations := 1000:
##############################################################################
Instance:=25000:
PreTime:=   9008.46:
GroebnerTime:= 102606.59:
RealTime:=  14909.78:
Table:=[[0,0,0,0,25000]
       ,[0,5232,5787,6963,7018]
       ,[0,0,3264,11094,10642]
       ,[0,0,405,6893,17702]
       ,[0,95,9054,6867,8984]
       ,[0,6807,7959,6613,3621]
       ,[0,2670,5559,9820,6951]
       ,[0,780,6074,7469,10677]
       ,[0,10,725,5199,19066]
       ,[69,3986,8361,4778,7806]]:
CoefficientHeight:=   65.7:
