##############################################################################
#
#  Data for the enumerative problem
#  W22e2 X22 Xe3  = 6 on Pieri
#  1000 iterations planned  
#
##############################################################################
FlagVariety:=[3, 4, 7]:
Label := "W22e2 X22 Xe3 ":
EnumerativeProblem:=[ [1, 4, 5, 2, 3, 6, 7] ,[1, 4, 5, 2, 3, 6, 7]
                     ,[1, 2, 5, 6, 3, 4, 7] ,[1, 2, 3, 5, 4, 6, 7]
                     ,[1, 2, 3, 5, 4, 6, 7] ,[1, 2, 3, 5, 4, 6, 7]
                    ]:
NumberOfSolutions := 6:
Necklaces:=[ [1, 2, 3, 4, 5] ,[1, 3, 2, 4, 5]
            ,[2, 1, 3, 4, 5] ,[3, 1, 2, 4, 5]
            ,[4, 1, 2, 3, 5] ,[2, 4, 1, 3, 5]
           ]:
Points:=[[11, 82],[19, 81],[28, 78],[35, 75],[43, 71],[50, 66],[56, 61]
       ,[62, 55],[67, 49],[72, 42],[76, 34],[79, 26],[81, 18],[82, 10]
       ,[83, 1],[83, -7],[82, -15],[80, -24],[77, -31],[73, -39],[69, -46]
       ,[64, -53],[58, -59],[52, -65],[45, -70],[38, -74],[30, -77],[22, -80]
       ,[14, -82],[6, -83] ]:
PointSelection := "QuasiUniformPointsAss(30,83)":
Machine := "Pieri":
NumberOfIterations := 1000:
##############################################################################
Instance:=1000:
PreTime:=   2628.83:
GroebnerTime:=   2661.03:
RealTime:=    177.47:
Table:=[[0,0,0,1000]
       ,[0,0,0,1000]
       ,[0,0,0,1000]
       ,[0,0,0,1000]
       ,[0,0,0,1000]
       ,[0,0,0,1000]]:
CoefficientHeight:=   81.5:
