##############################################################################
#
#  Data for the enumerative problem
#  W42 X221 W2 X11 X  = 7 on rcf1422-2
#  1000 iterations planned  
#
##############################################################################
FlagVariety:=[3, 4, 7]:
Label := "W42 X221 W2 X11 X ":
EnumerativeProblem:=[ [1, 4, 6, 2, 3, 5, 7] ,[1, 3, 5, 6, 2, 4, 7]
                     ,[1, 2, 5, 3, 4, 6, 7] ,[1, 2, 4, 5, 3, 6, 7]
                     ,[1, 2, 3, 5, 4, 6, 7]]:
NumberOfSolutions := 7:
Necklaces:=[ [1, 2, 3, 4] ,[1, 2, 4, 3]
            ,[1, 3, 2, 4] ,[1, 4, 2, 3]
            ,[1, 3, 4, 2] ,[1, 4, 3, 2]
            ,[2, 1, 3, 4] ,[2, 1, 4, 3]
            ,[3, 1, 2, 4] ,[3, 1, 4, 2]
            ,[2, 3, 1, 4] ,[3, 2, 1, 4]
           ]:
Points:=[[7, 71],[13, 70],[18, 69],[23, 67],[28, 65],[33, 63],[38, 60]
       ,[42, 57],[47, 54],[51, 50],[54, 46],[58, 42],[61, 37],[63, 32]
       ,[66, 27],[67, 22],[69, 17],[70, 12],[71, 6],[71, 1],[71, -5]
       ,[70, -10],[69, -15],[68, -21],[66, -26],[64, -31],[61, -36],[59, -40]
       ,[55, -44],[52, -49],[48, -52],[44, -56],[39, -59],[35, -62],[30, -64]
       ,[25, -67],[20, -68],[14, -70],[9, -70],[4, -71] ]:
PointSelection := "QuasiUniformPointsAss(40,71)":
Machine := "rcf1422-2":
NumberOfIterations := 1000:
##############################################################################
Instance:=100:
PreTime:=    613.80:
GroebnerTime:=   1408.58:
RealTime:=     64.16:
Table:=[[0,0,0,100]
       ,[0,0,0,100]
       ,[0,0,0,100]
       ,[0,0,0,100]
       ,[0,0,0,100]
       ,[0,0,0,100]
       ,[0,0,0,100]
       ,[0,0,0,100]
       ,[0,0,0,100]
       ,[0,0,0,100]
       ,[0,0,0,100]
       ,[0,0,0,100]]:
CoefficientHeight:=   40.1:
