##############################################################################
#
#  Data for the enumerative problem
#  W31e2 X211 Xe3  = 13 on Schur
#  1000 iterations planned  
#
##############################################################################
FlagVariety:=[3, 4, 7]:
Label := "W31e2 X211 Xe3 ":
EnumerativeProblem:=[ [1, 3, 6, 2, 4, 5, 7] ,[1, 3, 6, 2, 4, 5, 7]
                     ,[1, 3, 4, 6, 2, 5, 7] ,[1, 2, 3, 5, 4, 6, 7]
                     ,[1, 2, 3, 5, 4, 6, 7] ,[1, 2, 3, 5, 4, 6, 7]
                    ]:
NumberOfSolutions := 13:
Necklaces:=[ [1, 2, 3, 4, 5] ,[1, 3, 2, 4, 5]
            ,[2, 1, 3, 4, 5] ,[3, 1, 2, 4, 5]
            ,[4, 1, 2, 3, 5] ,[2, 4, 1, 3, 5]
           ]:
Points:=[[11, 82],[19, 81],[28, 78],[35, 75],[43, 71],[50, 66],[56, 61]
       ,[62, 55],[67, 49],[72, 42],[76, 34],[79, 26],[81, 18],[82, 10]
       ,[83, 1],[83, -7],[82, -15],[80, -24],[77, -31],[73, -39],[69, -46]
       ,[64, -53],[58, -59],[52, -65],[45, -70],[38, -74],[30, -77],[22, -80]
       ,[14, -82],[6, -83] ]:
PointSelection := "QuasiUniformPointsAss(30,83)":
Machine := "Schur":
NumberOfIterations := 1000:
##############################################################################
Instance:=25027:
PreTime:=  23970.21:
GroebnerTime:= 728979.02:
RealTime:=  13791.00:
Table:=[[0,0,0,0,0,0,25000]
       ,[0,0,0,0,0,0,25000]
       ,[0,512,4791,4287,3133,4236,8041]
       ,[0,108,806,3192,8392,6691,5811]
       ,[0,309,2176,2627,9241,4777,5870]
       ,[0,0,2195,2028,10971,3085,6721]]:
CoefficientHeight:=   66.5:
