##############################################################################
#
#  Data for the enumerative problem
#  W31e2 X211 X11 X  = 7 on Phoebe
#  1000 iterations planned  
#
##############################################################################
FlagVariety:=[3, 4, 7]:
Label := "W31e2 X211 X11 X ":
EnumerativeProblem:=[ [1, 3, 6, 2, 4, 5, 7] ,[1, 3, 6, 2, 4, 5, 7]
                     ,[1, 3, 4, 6, 2, 5, 7] ,[1, 2, 4, 5, 3, 6, 7]
                     ,[1, 2, 3, 5, 4, 6, 7]]:
NumberOfSolutions := 7:
Necklaces:=[ [1, 2, 3, 4] ,[1, 2, 4, 3]
            ,[1, 3, 2, 4] ,[2, 1, 3, 4]
            ,[3, 1, 2, 4] ,[3, 1, 4, 2]
           ]:
Points:=[[10, 100],[18, 99],[26, 98],[33, 95],[40, 93],[47, 89],[54, 85]
       ,[60, 81],[66, 76],[72, 71],[77, 65],[82, 59],[86, 53],[90, 46]
       ,[93, 39],[96, 32],[98, 24],[100, 17],[101, 9],[101, 1],[101, -6]
       ,[100, -14],[99, -22],[97, -29],[94, -37],[91, -44],[87, -51],[83, -57]
       ,[79, -63],[74, -69],[68, -75],[62, -80],[56, -84],[49, -88],[42, -92]
       ,[35, -95],[28, -97],[20, -99],[13, -100],[5, -101] ]:
PointSelection := "QuasiUniformPointsAss(40,101)":
Machine := "Phoebe":
NumberOfIterations := 1000:
##############################################################################
Instance:=25000:
PreTime:=  22915.69:
GroebnerTime:=  96359.77:
RealTime:=   2340.84:
Table:=[[0,0,0,25000]
       ,[0,0,0,25000]
       ,[0,0,0,25000]
       ,[2370,4204,6009,12417]
       ,[1269,2017,12472,9242]
       ,[0,1707,8007,15286]]:
CoefficientHeight:=   33.2:
