##############################################################################
#
#  Data for the enumerative problem
#  W321 We2 X321 X  = 6 on Schubert
#  1000 iterations planned  
#
##############################################################################
FlagVariety:=[3, 4, 7]:
Label := "W321 We2 X321 X ":
EnumerativeProblem:=[ [2, 4, 6, 1, 3, 5, 7] ,[1, 2, 4, 3, 5, 6, 7]
                     ,[1, 2, 4, 3, 5, 6, 7] ,[1, 3, 5, 7, 2, 4, 6]
                     ,[1, 2, 3, 5, 4, 6, 7]]:
NumberOfSolutions := 6:
Necklaces:=[ [1, 2, 3, 4] ,[1, 2, 4, 3]
            ,[1, 3, 2, 4] ,[1, 4, 2, 3]
            ,[1, 3, 4, 2] ,[2, 3, 1, 4]
           ]:
Points:=[[11, 82],[19, 81],[28, 78],[35, 75],[43, 71],[50, 66],[56, 61]
       ,[62, 55],[67, 49],[72, 42],[76, 34],[79, 26],[81, 18],[82, 10]
       ,[83, 1],[83, -7],[82, -15],[80, -24],[77, -31],[73, -39],[69, -46]
       ,[64, -53],[58, -59],[52, -65],[45, -70],[38, -74],[30, -77],[22, -80]
       ,[14, -82],[6, -83] ]:
PointSelection := "QuasiUniformPointsAss(30,83)":
Machine := "Schubert":
NumberOfIterations := 1000:
##############################################################################
Instance:=25000:
PreTime:=  71891.68:
GroebnerTime:=  27875.34:
RealTime:=   5162.06:
Table:=[[0,0,0,25000]
       ,[0,0,0,25000]
       ,[0,6704,187,18109]
       ,[0,0,0,25000]
       ,[0,7682,4676,12642]
       ,[0,4260,8977,11763]]:
CoefficientHeight:=   34.7:
