##############################################################################
#
#  Data for the enumerative problem
#  W32 X221 W Xe4  = 12 on Phoebe
#  1000 iterations planned  
#
##############################################################################
FlagVariety:=[3, 4, 7]:
Label := "W32 X221 W Xe4 ":
EnumerativeProblem:=[ [1, 4, 6, 2, 3, 5, 7] ,[1, 3, 5, 6, 2, 4, 7]
                     ,[1, 2, 4, 3, 5, 6, 7] ,[1, 2, 3, 5, 4, 6, 7]
                     ,[1, 2, 3, 5, 4, 6, 7] ,[1, 2, 3, 5, 4, 6, 7]
                     ,[1, 2, 3, 5, 4, 6, 7]]:
NumberOfSolutions := 12:
Necklaces:=[ [1, 2, 3, 4, 5, 6] ,[1, 3, 2, 4, 5, 6]
            ,[1, 4, 2, 3, 5, 6] ,[1, 5, 2, 3, 4, 6]
            ,[1, 6, 2, 3, 4, 5] ,[2, 1, 3, 4, 5, 6]
            ,[3, 1, 2, 4, 5, 6] ,[4, 1, 2, 3, 5, 6]
            ,[5, 1, 2, 3, 4, 6] ,[2, 3, 1, 4, 5, 6]
            ,[2, 4, 1, 3, 5, 6] ,[2, 5, 1, 3, 4, 6]
            ,[3, 2, 1, 4, 5, 6] ,[4, 2, 1, 3, 5, 6]
            ,[3, 4, 1, 2, 5, 6]]:
Points:=[[6, 41],[10, 40],[14, 39],[17, 37],[21, 35],[25, 33],[28, 30]
       ,[31, 27],[33, 24],[36, 21],[37, 17],[39, 13],[40, 9],[41, 5]
       ,[41, 1],[41, -3],[40, -8],[39, -12],[38, -16],[36, -19],[34, -23]
       ,[32, -26],[29, -29],[26, -32],[22, -34],[19, -36],[15, -38],[11, -40]
       ,[7, -40],[3, -41] ]:
PointSelection := "QuasiUniformPointsAss(30,41)":
Machine := "Phoebe":
NumberOfIterations := 1000:
##############################################################################
Instance:=100:
PreTime:=    124.52:
GroebnerTime:= 133583.27:
RealTime:=    114.66:
Table:=[ [0, 0, 0, 0, 0, 0, 100]
        ,[0, 0, 0, 0, 0, 0, 100]
        ,[0, 0, 0, 0, 0, 0, 100]
        ,[0, 0, 0, 0, 0, 0, 100]
        ,[0, 0, 0, 0, 0, 0, 100]
        ,[0, 0, 0, 0, 0, 0, 100]
        ,[0, 0, 0, 0, 0, 0, 100]
        ,[0, 0, 0, 0, 0, 0, 100]
        ,[0, 0, 0, 0, 0, 0, 100]
        ,[0, 0, 0, 0, 0, 0, 100]
        ,[0, 0, 0, 0, 0, 0, 100]
        ,[0, 0, 0, 0, 0, 0, 100]
        ,[0, 0, 0, 0, 0, 0, 100]
        ,[0, 0, 0, 0, 0, 0, 100]
        ,[0, 0, 0, 0, 0, 0, 100]]:
CoefficientHeight:=  135.2:
