##############################################################################
#
#  Data for the enumerative problem
#  A32Y11Ye2WX = 3 on Pieri
#
##############################################################################
FlagVariety:=[1, 2, 3, 5]:
Label := "A32Y11Ye2WX":
EnumerativeProblem:=[ [3, 2, 1, 4, 5] ,[1, 3, 4, 2, 5]
                     ,[1, 2, 4, 3, 5] ,[1, 2, 4, 3, 5]
                     ,[2, 1, 3, 4, 5] ,[1, 3, 2, 4, 5]
                    ]:
NumberOfSolutions := 3:
Necklaces:=[ [1, 2, 3, 4, 5] ,[1, 2, 3, 5, 4]
            ,[1, 2, 4, 3, 5] ,[1, 2, 5, 3, 4]
            ,[1, 2, 4, 5, 3] ,[1, 2, 5, 4, 3]
            ,[1, 3, 4, 2, 5] ,[1, 3, 5, 2, 4]
            ,[1, 4, 5, 2, 3] ,[1, 3, 4, 5, 2]
            ,[1, 3, 5, 4, 2] ,[1, 4, 5, 3, 2]
            ,[2, 1, 3, 4, 5] ,[2, 1, 3, 5, 4]
            ,[2, 1, 4, 3, 5] ,[2, 1, 5, 3, 4]
            ,[2, 1, 4, 5, 3] ,[2, 1, 5, 4, 3]
            ,[3, 1, 2, 4, 5] ,[3, 1, 2, 5, 4]
            ,[4, 1, 2, 3, 5] ,[4, 1, 2, 5, 3]
            ,[3, 1, 4, 2, 5] ,[3, 1, 5, 2, 4]
            ,[4, 1, 3, 2, 5] ,[3, 1, 4, 5, 2]
            ,[4, 1, 3, 5, 2] ,[2, 3, 4, 1, 5]
            ,[3, 2, 4, 1, 5] ,[4, 2, 3, 1, 5]
           ]:
Points:=[[8, 81],[14, 80],[20, 78],[26, 77],[32, 74],[38, 72],[43, 69]
       ,[48, 65],[53, 61],[58, 57],[62, 52],[66, 47],[69, 42],[72, 37]
       ,[75, 31],[77, 25],[79, 19],[80, 13],[81, 7],[81, 1],[81, -5]
       ,[80, -11],[79, -17],[78, -23],[76, -29],[73, -35],[70, -41],[67, -46]
       ,[63, -51],[59, -55],[55, -60],[50, -64],[45, -67],[40, -71],[34, -73]
       ,[28, -76],[22, -78],[16, -79],[10, -80],[4, -81] ]:
PointSelection := "QuasiUniformPointsAss(40,81)":
Machine := "Pieri":
##############################################################################
Instance:=25000:
PreTime:=   6214.13:
GroebnerTime:=  10140.85:
RealTime:=   6715.66:
Table:=[[7029,17971]
       ,[0,25000]
       ,[10708,14292]
       ,[9798,15202]
       ,[9949,15051]
       ,[12461,12539]
       ,[6138,18862]
       ,[11563,13437]
       ,[10501,14499]
       ,[4411,20589]
       ,[5919,19081]
       ,[10932,14068]
       ,[5509,19491]
       ,[0,25000]
       ,[8788,16212]
       ,[11593,13407]
       ,[7646,17353]
       ,[4108,20892]
       ,[7985,17015]
       ,[0,25000]
       ,[8836,16164]
       ,[4617,20383]
       ,[6604,18396]
       ,[5314,19686]
       ,[4399,20601]
       ,[6245,18755]
       ,[5070,19930]
       ,[0,25000]
       ,[0,25000]
       ,[0,25000]]:
CoefficientHeight:=   29.1:
