##############################################################################
#
#  Data for the enumerative problem
#  A1325 A2135e2 Xe3  = 5 on Schubert
#
##############################################################################
FlagVariety:=[1, 2, 4, 5]:
Label := "A1325 A2135e2 Xe3 ":
EnumerativeProblem:=[ [1, 3, 2, 5, 4] ,[2, 1, 3, 5, 4]
                     ,[2, 1, 3, 5, 4] ,[1, 3, 2, 4, 5]
                     ,[1, 3, 2, 4, 5] ,[1, 3, 2, 4, 5]
                    ]:
NumberOfSolutions := 5:
Necklaces:=[ [1, 2, 3, 4, 5] ,[1, 3, 2, 4, 5]
            ,[1, 4, 2, 3, 5] ,[1, 5, 2, 3, 4]
            ,[2, 3, 1, 4, 5] ,[2, 4, 1, 3, 5]
           ]:
Points:=[[9, 66],[16, 65],[22, 63],[28, 61],[34, 57],[40, 54],[45, 49]
       ,[50, 44],[54, 39],[58, 34],[61, 27],[64, 21],[65, 15],[67, 8]
       ,[67, 1],[67, -6],[66, -12],[64, -19],[62, -25],[59, -32],[56, -37]
       ,[52, -43],[47, -48],[42, -52],[36, -56],[31, -60],[24, -62],[18, -65]
       ,[11, -66],[5, -67] ]:
PointSelection := "QuasiUniformPointsAss(30,67)":
Machine := "Schubert":
##############################################################################
Instance:=25000:
PreTime:=   5215.47:
GroebnerTime:=   5654.58:
RealTime:=   3549.49:
Table:=[[803,6411,17786]
       ,[4134,16429,4437]
       ,[8317,11766,4917]
       ,[0,170,24830]
       ,[773,10425,13802]
       ,[7201,13595,4204]]:
CoefficientHeight:=   53.9:
