##############################################################################
#
#  Data for the enumerative problem
#  A1325 Z11 We2 Xe3  = 5 on Schur
#
##############################################################################
FlagVariety:=[1, 2, 4, 5]:
Label := "A1325 Z11 We2 Xe3 ":
EnumerativeProblem:=[ [1, 3, 2, 5, 4] ,[1, 2, 4, 5, 3]
                     ,[2, 1, 3, 4, 5] ,[2, 1, 3, 4, 5]
                     ,[1, 3, 2, 4, 5] ,[1, 3, 2, 4, 5]
                     ,[1, 3, 2, 4, 5]]:
NumberOfSolutions := 5:
Necklaces:=[ [1, 2, 3, 4, 5, 6] ,[1, 2, 4, 3, 5, 6]
            ,[1, 2, 5, 3, 4, 6] ,[1, 2, 6, 3, 4, 5]
            ,[1, 3, 4, 2, 5, 6] ,[1, 3, 5, 2, 4, 6]
            ,[1, 3, 6, 2, 4, 5] ,[1, 4, 5, 2, 3, 6]
            ,[1, 4, 6, 2, 3, 5] ,[1, 5, 6, 2, 3, 4]
            ,[2, 1, 3, 4, 5, 6] ,[2, 1, 4, 3, 5, 6]
            ,[2, 1, 5, 3, 4, 6] ,[2, 1, 6, 3, 4, 5]
            ,[3, 1, 2, 4, 5, 6] ,[4, 1, 2, 3, 5, 6]
            ,[5, 1, 2, 3, 4, 6] ,[3, 1, 4, 2, 5, 6]
            ,[3, 1, 5, 2, 4, 6] ,[3, 1, 6, 2, 4, 5]
            ,[4, 1, 3, 2, 5, 6] ,[5, 1, 3, 2, 4, 6]
            ,[4, 1, 5, 2, 3, 6] ,[5, 1, 4, 2, 3, 6]
            ,[2, 3, 4, 1, 5, 6] ,[2, 3, 5, 1, 4, 6]
            ,[2, 4, 5, 1, 3, 6] ,[3, 2, 4, 1, 5, 6]
            ,[3, 2, 5, 1, 4, 6] ,[4, 2, 3, 1, 5, 6]
           ]:
Points:=[[9, 52],[15, 51],[21, 49],[27, 46],[32, 42],[37, 38],[41, 34]
       ,[45, 28],[48, 23],[50, 17],[52, 11],[53, 4],[53, -2],[52, -9]
       ,[51, -15],[49, -21],[46, -27],[42, -32],[38, -37],[34, -41],[28, -45]
       ,[23, -48],[17, -50],[11, -52],[4, -53] ]:
PointSelection := "QuasiUniformPointsAss(25,53)":
Machine := "Schur":
##############################################################################
Instance:=25000:
PreTime:=   2888.07:
GroebnerTime:=  14594.37:
RealTime:=   5952.99:
Table:=[[0,0,25000]
       ,[5063,6700,13237]
       ,[2286,12160,10554]
       ,[132,10193,14675]
       ,[0,0,25000]
       ,[6329,7317,11354]
       ,[1914,12562,10524]
       ,[0,0,25000]
       ,[5406,7713,11881]
       ,[0,0,25000]
       ,[2816,6691,15493]
       ,[2228,12184,10588]
       ,[835,10137,14028]
       ,[7114,7974,9912]
       ,[4043,10493,10464]
       ,[1063,14714,9223]
       ,[5933,7216,11851]
       ,[2228,13059,9713]
       ,[8622,11405,4973]
       ,[5358,13865,5777]
       ,[4784,11447,8769]
       ,[8108,10225,6667]
       ,[6255,10208,8537]
       ,[6481,13232,5287]
       ,[5709,5441,13850]
       ,[5004,10132,9864]
       ,[4206,6634,14160]
       ,[1383,9561,14056]
       ,[2998,12785,9217]
       ,[1008,13275,10717]]:
CoefficientHeight:=   50.9:
