##############################################################################
#
#  Data for the enumerative problem
#  A1325 We2 Ze2 Xe3  = 5 on Serpens
#
##############################################################################
FlagVariety:=[1, 2, 4, 5]:
Label := "A1325 We2 Ze2 Xe3 ":
EnumerativeProblem:=[ [1, 3, 2, 5, 4] ,[2, 1, 3, 4, 5]
                     ,[2, 1, 3, 4, 5] ,[1, 2, 3, 5, 4]
                     ,[1, 2, 3, 5, 4] ,[1, 3, 2, 4, 5]
                     ,[1, 3, 2, 4, 5] ,[1, 3, 2, 4, 5]
                    ]:
NumberOfSolutions := 5:
Necklaces:=[ [2, 5, 1, 3, 4, 6, 7] ,[1, 5, 2, 3, 4, 6, 7]
            ,[3, 7, 1, 5, 2, 4, 6] ,[1, 4, 2, 6, 3, 5, 7]
            ,[3, 6, 1, 5, 2, 4, 7] ,[4, 7, 1, 2, 3, 5, 6]
            ,[1, 3, 5, 7, 2, 4, 6] ,[1, 2, 5, 7, 3, 4, 6]
            ,[3, 7, 1, 6, 2, 4, 5] ,[1, 4, 2, 7, 3, 5, 6]
            ,[3, 6, 1, 7, 2, 4, 5] ,[5, 6, 2, 4, 1, 3, 7]
            ,[6, 7, 3, 5, 1, 2, 4] ,[3, 7, 4, 6, 1, 2, 5]
            ,[2, 7, 4, 6, 1, 3, 5] ,[1, 7, 4, 6, 2, 3, 5]
            ,[3, 4, 5, 7, 1, 2, 6] ,[2, 4, 5, 7, 1, 3, 6]
            ,[2, 3, 5, 7, 1, 4, 6] ,[1, 4, 5, 7, 2, 3, 6]
            ,[1, 2, 3, 4, 5, 6, 7] ,[3, 4, 1, 5, 2, 6, 7]
            ,[2, 4, 1, 5, 3, 6, 7] ,[2, 3, 1, 5, 4, 6, 7]
            ,[1, 4, 3, 5, 2, 6, 7] ,[1, 3, 4, 5, 2, 6, 7]
            ,[1, 4, 2, 5, 3, 6, 7] ,[1, 3, 2, 5, 4, 6, 7]
            ,[1, 2, 4, 5, 3, 6, 7] ,[6, 7, 2, 4, 1, 3, 5]
            ,[2, 7, 3, 5, 1, 4, 6] ,[1, 7, 3, 5, 2, 4, 6]
            ,[1, 3, 4, 6, 2, 5, 7] ,[2, 6, 3, 5, 1, 4, 7]
            ,[6, 7, 1, 5, 2, 3, 4] ,[1, 7, 2, 6, 3, 4, 5]
            ,[5, 7, 1, 6, 2, 3, 4] ,[1, 6, 2, 7, 3, 4, 5]
            ,[5, 6, 1, 7, 2, 3, 4] ,[6, 7, 1, 2, 3, 4, 5]
            ,[2, 7, 1, 3, 4, 5, 6] ,[1, 7, 2, 3, 4, 5, 6]
            ,[2, 3, 1, 4, 5, 6, 7] ,[1, 3, 2, 4, 5, 6, 7]
            ,[6, 7, 1, 4, 2, 3, 5] ,[1, 7, 2, 5, 3, 4, 6]
            ,[1, 2, 3, 6, 4, 5, 7] ,[5, 7, 1, 4, 2, 3, 6]
            ,[1, 6, 2, 5, 3, 4, 7] ,[5, 6, 1, 4, 2, 3, 7]
            ,[4, 6, 1, 7, 2, 3, 5] ,[5, 7, 1, 2, 3, 4, 6]
            ,[2, 6, 1, 3, 4, 5, 7] ,[1, 6, 2, 3, 4, 5, 7]
            ,[4, 7, 1, 5, 2, 3, 6] ,[1, 5, 2, 6, 3, 4, 7]
            ,[4, 6, 1, 5, 2, 3, 7] ,[5, 7, 2, 6, 1, 3, 4]
            ,[2, 6, 3, 7, 1, 4, 5] ,[1, 6, 3, 7, 2, 4, 5]
            ,[4, 5, 1, 7, 2, 3, 6] ,[5, 6, 1, 2, 3, 4, 7]
            ,[4, 5, 1, 6, 2, 3, 7] ,[5, 6, 2, 7, 1, 3, 4]
            ,[6, 7, 2, 3, 1, 4, 5] ,[3, 7, 2, 4, 1, 5, 6]
            ,[2, 7, 3, 4, 1, 5, 6] ,[3, 7, 1, 4, 2, 5, 6]
            ,[2, 7, 1, 4, 3, 5, 6] ,[1, 7, 3, 4, 2, 5, 6]
            ,[3, 4, 2, 5, 1, 6, 7] ,[2, 4, 3, 5, 1, 6, 7]
            ,[2, 3, 4, 5, 1, 6, 7] ,[1, 4, 2, 3, 5, 6, 7]
            ,[1, 3, 5, 6, 2, 4, 7] ,[1, 4, 3, 6, 2, 5, 7]
            ,[1, 5, 3, 4, 2, 6, 7] ,[1, 6, 3, 4, 2, 5, 7]
            ,[1, 5, 3, 6, 2, 4, 7] ,[1, 4, 5, 6, 2, 3, 7]
            ,[1, 5, 6, 7, 2, 3, 4] ,[2, 4, 1, 3, 5, 6, 7]
            ,[2, 4, 1, 6, 3, 5, 7] ,[2, 5, 1, 4, 3, 6, 7]
            ,[2, 6, 1, 4, 3, 5, 7] ,[2, 5, 1, 6, 3, 4, 7]
            ,[2, 6, 1, 7, 3, 4, 5] ,[3, 4, 1, 2, 5, 6, 7]
            ,[3, 5, 1, 2, 4, 6, 7] ,[3, 6, 1, 2, 4, 5, 7]
            ,[4, 5, 1, 2, 3, 6, 7] ,[4, 6, 1, 2, 3, 5, 7]
            ,[3, 4, 1, 6, 2, 5, 7] ,[3, 5, 1, 4, 2, 6, 7]
            ,[3, 6, 1, 4, 2, 5, 7] ,[3, 5, 1, 6, 2, 4, 7]
            ,[3, 5, 1, 7, 2, 4, 6] ,[2, 3, 5, 6, 1, 4, 7]
            ,[2, 4, 3, 6, 1, 5, 7] ,[2, 5, 3, 4, 1, 6, 7]
            ,[2, 6, 3, 4, 1, 5, 7] ,[2, 5, 3, 6, 1, 4, 7]
            ,[2, 4, 5, 6, 1, 3, 7] ,[2, 5, 4, 6, 1, 3, 7]
            ,[3, 4, 2, 6, 1, 5, 7] ,[3, 5, 2, 4, 1, 6, 7]
            ,[3, 5, 2, 6, 1, 4, 7] ,[4, 5, 2, 3, 1, 6, 7]
           ]:
Points:=[[10, 100],[18, 99],[26, 98],[33, 95],[40, 93],[47, 89],[54, 85]
       ,[60, 81],[66, 76],[72, 71],[77, 65],[82, 59],[86, 53],[90, 46]
       ,[93, 39],[96, 32],[98, 24],[100, 17],[101, 9],[101, 1],[101, -6]
       ,[100, -14],[99, -22],[97, -29],[94, -37],[91, -44],[87, -51],[83, -57]
       ,[79, -63],[74, -69],[68, -75],[62, -80],[56, -84],[49, -88],[42, -92]
       ,[35, -95],[28, -97],[20, -99],[13, -100],[5, -101] ]:
PointSelection := "QuasiUniformPointsAss(40,101)":
Machine := "Serpens":
##############################################################################
Instance:=25000:
PreTime:=   5090.27:
GroebnerTime:=  54683.62:
RealTime:=  25191.50:
Table:=[[4573,7658,12769]
       ,[1588,13553,9859]
       ,[6700,12501,5799]
       ,[4215,15690,5095]
       ,[5301,14567,5132]
       ,[1075,12644,11281]
       ,[4639,9590,10771]
       ,[1481,5339,18180]
       ,[5349,10393,9258]
       ,[3545,14288,7167]
       ,[4774,12054,8172]
       ,[710,11743,12547]
       ,[598,14536,9866]
       ,[1484,12737,10779]
       ,[2205,9996,12799]
       ,[2198,11573,11229]
       ,[1337,2624,21039]
       ,[4322,7614,13064]
       ,[1430,3444,20126]
       ,[3228,12477,9295]
       ,[4040,9860,11100]
       ,[317,12888,11795]
       ,[2977,14035,7988]
       ,[68,12091,12841]
       ,[2521,11993,10486]
       ,[4379,10500,10121]
       ,[1015,13493,10492]
       ,[21,15202,9777]
       ,[777,11660,12563]
       ,[1699,10765,12536]
       ,[7154,9569,8277]
       ,[2070,14278,8652]
       ,[6620,11288,7092]
       ,[3761,12220,9019]
       ,[4184,11027,9789]
       ,[263,4174,20563]
       ,[6110,6997,11893]
       ,[1726,7834,15440]
       ,[4601,2921,17478]
       ,[0,0,25000]
       ,[1096,11397,12507]
       ,[6594,6594,11812]
       ,[964,5255,18781]
       ,[4824,11691,8485]
       ,[103,11894,13003]
       ,[2055,6835,16110]
       ,[623,13488,10889]
       ,[4700,12995,7305]
       ,[8336,9571,7093]
       ,[61,11515,13424]
       ,[4936,9128,10936]
       ,[3872,7845,13283]
       ,[623,9157,15220]
       ,[600,9920,14480]
       ,[5786,13095,6119]
       ,[9786,9459,5755]
       ,[1142,11505,12353]
       ,[859,14659,9482]
       ,[6980,9539,8481]
       ,[6009,11189,7802]
       ,[5653,3638,15709]
       ,[0,0,25000]
       ,[6077,10678,8245]
       ,[5333,10230,9437]
       ,[4311,5885,14804]
       ,[7370,10736,6894]
       ,[5973,9076,9951]
       ,[5737,13566,5697]
       ,[775,13672,10553]
       ,[5495,14378,5127]
       ,[1153,12830,11017]
       ,[936,9516,14548]
       ,[977,11573,12450]
       ,[1844,9005,14151]
       ,[7815,9697,7488]
       ,[3733,16013,5254]
       ,[2445,13838,8717]
       ,[8623,12688,3689]
       ,[5991,13156,5853]
       ,[6330,11410,7260]
       ,[59,11144,13797]
       ,[7,544,24449]
       ,[8160,10358,6482]
       ,[1115,10207,13678]
       ,[1197,10525,13278]
       ,[11656,7939,5405]
       ,[663,8029,16308]
       ,[0,0,25000]
       ,[4231,5381,15388]
       ,[2612,11062,11326]
       ,[0,0,25000]
       ,[5753,7253,11994]
       ,[5475,10603,8922]
       ,[671,9862,14467]
       ,[1973,12202,10825]
       ,[10105,9611,5284]
       ,[8618,8765,7617]
       ,[3748,8387,12865]
       ,[452,11469,13079]
       ,[1152,9491,14357]
       ,[2440,13232,9328]
       ,[2749,10216,12035]
       ,[4187,10152,10661]
       ,[4308,9980,10712]
       ,[86,15389,9525]
       ,[2181,9248,13571]
       ,[4327,14280,6393]
       ,[5741,6260,12999]]:
CoefficientHeight:=   58.1:
