##############################################################################
#
#  Data for the enumerative problem
#  A1325 A2135 W Z Xe3  = 5 on Schur
#
##############################################################################
FlagVariety:=[1, 2, 4, 5]:
Label := "A1325 A2135 W Z Xe3 ":
EnumerativeProblem:=[ [1, 3, 2, 5, 4] ,[2, 1, 3, 5, 4]
                     ,[2, 1, 3, 4, 5] ,[1, 2, 3, 5, 4]
                     ,[1, 3, 2, 4, 5] ,[1, 3, 2, 4, 5]
                     ,[1, 3, 2, 4, 5]]:
NumberOfSolutions := 5:
Necklaces:=[ [1, 2, 3, 4, 5, 6] ,[1, 2, 4, 3, 5, 6]
            ,[1, 2, 5, 3, 4, 6] ,[1, 2, 6, 3, 4, 5]
            ,[1, 3, 2, 4, 5, 6] ,[1, 4, 2, 3, 5, 6]
            ,[1, 5, 2, 3, 4, 6] ,[1, 6, 2, 3, 4, 5]
            ,[1, 3, 4, 2, 5, 6] ,[1, 3, 5, 2, 4, 6]
            ,[1, 3, 6, 2, 4, 5] ,[1, 4, 3, 2, 5, 6]
            ,[1, 5, 3, 2, 4, 6] ,[1, 6, 3, 2, 4, 5]
            ,[1, 4, 5, 2, 3, 6] ,[1, 4, 6, 2, 3, 5]
            ,[1, 5, 4, 2, 3, 6] ,[1, 6, 4, 2, 3, 5]
            ,[1, 5, 6, 2, 3, 4] ,[1, 6, 5, 2, 3, 4]
            ,[2, 1, 3, 4, 5, 6] ,[2, 1, 4, 3, 5, 6]
            ,[2, 1, 5, 3, 4, 6] ,[2, 1, 6, 3, 4, 5]
            ,[3, 1, 2, 4, 5, 6] ,[4, 1, 2, 3, 5, 6]
            ,[5, 1, 2, 3, 4, 6] ,[3, 1, 4, 2, 5, 6]
            ,[3, 1, 5, 2, 4, 6] ,[3, 1, 6, 2, 4, 5]
            ,[4, 1, 3, 2, 5, 6] ,[5, 1, 3, 2, 4, 6]
            ,[4, 1, 5, 2, 3, 6] ,[4, 1, 6, 2, 3, 5]
            ,[5, 1, 4, 2, 3, 6] ,[5, 1, 6, 2, 3, 4]
            ,[2, 3, 1, 4, 5, 6] ,[2, 4, 1, 3, 5, 6]
            ,[2, 5, 1, 3, 4, 6] ,[3, 2, 1, 4, 5, 6]
            ,[4, 2, 1, 3, 5, 6] ,[5, 2, 1, 3, 4, 6]
            ,[3, 4, 1, 2, 5, 6] ,[3, 5, 1, 2, 4, 6]
            ,[4, 3, 1, 2, 5, 6] ,[5, 3, 1, 2, 4, 6]
            ,[4, 5, 1, 2, 3, 6] ,[5, 4, 1, 2, 3, 6]
            ,[2, 3, 4, 1, 5, 6] ,[2, 3, 5, 1, 4, 6]
            ,[2, 4, 3, 1, 5, 6] ,[2, 5, 3, 1, 4, 6]
            ,[2, 4, 5, 1, 3, 6] ,[2, 5, 4, 1, 3, 6]
            ,[3, 2, 4, 1, 5, 6] ,[3, 2, 5, 1, 4, 6]
            ,[4, 2, 3, 1, 5, 6] ,[4, 2, 5, 1, 3, 6]
            ,[3, 4, 2, 1, 5, 6] ,[4, 3, 2, 1, 5, 6]
           ]:
Points:=[[10, 100],[18, 99],[26, 98],[33, 95],[40, 93],[47, 89],[54, 85]
       ,[60, 81],[66, 76],[72, 71],[77, 65],[82, 59],[86, 53],[90, 46]
       ,[93, 39],[96, 32],[98, 24],[100, 17],[101, 9],[101, 1],[101, -6]
       ,[100, -14],[99, -22],[97, -29],[94, -37],[91, -44],[87, -51],[83, -57]
       ,[79, -63],[74, -69],[68, -75],[62, -80],[56, -84],[49, -88],[42, -92]
       ,[35, -95],[28, -97],[20, -99],[13, -100],[5, -101] ]:
PointSelection := "QuasiUniformPointsAss(40,101)":
Machine := "Schur":
##############################################################################
Instance:=25000:
PreTime:=   3162.25:
GroebnerTime:=  34284.70:
RealTime:=  11310.79:
Table:=[[4121,10397,10482]
       ,[83,15949,8968]
       ,[3143,12952,8905]
       ,[6721,3842,14437]
       ,[270,3737,20993]
       ,[2937,9915,12148]
       ,[95,8268,16637]
       ,[4953,10623,9424]
       ,[2662,15603,6735]
       ,[4546,13010,7444]
       ,[3317,10884,10799]
       ,[2156,11677,11167]
       ,[1832,8635,14533]
       ,[1369,12154,11477]
       ,[10165,10095,4740]
       ,[4415,11474,9111]
       ,[6477,10161,8362]
       ,[4307,7728,12965]
       ,[842,5697,18461]
       ,[208,3106,21686]
       ,[7180,11371,6449]
       ,[200,16297,8503]
       ,[425,15112,9463]
       ,[5602,9041,10357]
       ,[3047,9659,12294]
       ,[2822,15610,6568]
       ,[9011,11053,4936]
       ,[2490,9649,12861]
       ,[5184,12471,7345]
       ,[5647,13647,5706]
       ,[1742,13188,10070]
       ,[6937,12300,5763]
       ,[5928,11900,7172]
       ,[3581,14763,6656]
       ,[7006,10258,7736]
       ,[328,12665,12007]
       ,[0,0,25000]
       ,[4357,6151,14492]
       ,[1516,11639,11845]
       ,[42,1444,23514]
       ,[3106,12794,9100]
       ,[8922,10304,5774]
       ,[1252,5263,18485]
       ,[2284,10684,12032]
       ,[174,12511,12315]
       ,[7299,12071,5630]
       ,[259,11141,13600]
       ,[2965,12380,9655]
       ,[1124,12280,11596]
       ,[124,15359,9517]
       ,[1675,9849,13476]
       ,[3807,11328,9865]
       ,[5323,12969,6708]
       ,[4963,11996,8041]
       ,[1056,10276,13668]
       ,[661,11787,12552]
       ,[915,9431,14654]
       ,[3603,8853,12544]
       ,[3775,7721,13504]
       ,[585,10166,14249]]:
CoefficientHeight:=   58.4:
