##############################################################################
#
#  Data for the enumerative problem
#  A1325e2 We2 Z Xe2  = 5 on Schubert
#
##############################################################################
FlagVariety:=[1, 2, 4, 5]:
Label := "A1325e2 We2 Z Xe2 ":
EnumerativeProblem:=[ [1, 3, 2, 5, 4] ,[1, 3, 2, 5, 4]
                     ,[2, 1, 3, 4, 5] ,[2, 1, 3, 4, 5]
                     ,[1, 2, 3, 5, 4] ,[1, 3, 2, 4, 5]
                     ,[1, 3, 2, 4, 5]]:
NumberOfSolutions := 5:
Necklaces:=[ [1, 2, 3, 4, 5, 6] ,[1, 2, 3, 5, 4, 6]
            ,[1, 2, 3, 6, 4, 5] ,[1, 2, 4, 3, 5, 6]
            ,[1, 2, 5, 3, 4, 6] ,[1, 2, 6, 3, 4, 5]
            ,[1, 2, 4, 5, 3, 6] ,[1, 2, 4, 6, 3, 5]
            ,[1, 2, 5, 4, 3, 6] ,[1, 2, 6, 4, 3, 5]
            ,[1, 2, 5, 6, 3, 4] ,[1, 3, 4, 2, 5, 6]
            ,[1, 3, 5, 2, 4, 6] ,[1, 4, 5, 2, 3, 6]
            ,[1, 3, 4, 5, 2, 6] ,[1, 3, 5, 4, 2, 6]
            ,[2, 1, 3, 4, 5, 6] ,[2, 1, 3, 5, 4, 6]
            ,[2, 1, 3, 6, 4, 5] ,[2, 1, 4, 3, 5, 6]
            ,[2, 1, 5, 3, 4, 6] ,[2, 1, 4, 5, 3, 6]
            ,[3, 1, 2, 4, 5, 6] ,[3, 1, 2, 5, 4, 6]
            ,[4, 1, 2, 3, 5, 6] ,[5, 1, 2, 3, 4, 6]
            ,[4, 1, 2, 5, 3, 6] ,[4, 1, 2, 6, 3, 5]
            ,[5, 1, 2, 4, 3, 6] ,[5, 1, 2, 6, 3, 4]
            ,[3, 1, 4, 2, 5, 6] ,[3, 1, 5, 2, 4, 6]
            ,[3, 1, 6, 2, 4, 5] ,[4, 1, 3, 2, 5, 6]
            ,[5, 1, 3, 2, 4, 6] ,[4, 1, 5, 2, 3, 6]
            ,[4, 1, 6, 2, 3, 5] ,[5, 1, 4, 2, 3, 6]
            ,[3, 1, 4, 6, 2, 5] ,[3, 1, 5, 4, 2, 6]
            ,[3, 1, 6, 4, 2, 5] ,[3, 1, 5, 6, 2, 4]
            ,[4, 1, 3, 5, 2, 6] ,[5, 1, 3, 4, 2, 6]
            ,[5, 1, 3, 6, 2, 4] ,[5, 1, 4, 6, 2, 3]
            ,[2, 4, 5, 1, 3, 6] ,[5, 2, 3, 1, 4, 6]
           ]:
Points:=[[9, 52],[15, 51],[21, 49],[27, 46],[32, 42],[37, 38],[41, 34]
       ,[45, 28],[48, 23],[50, 17],[52, 11],[53, 4],[53, -2],[52, -9]
       ,[51, -15],[49, -21],[46, -27],[42, -32],[38, -37],[34, -41],[28, -45]
       ,[23, -48],[17, -50],[11, -52],[4, -53] ]:
PointSelection := "QuasiUniformPointsAss(25,53)":
Machine := "Schubert":
##############################################################################
Instance:=25000:
PreTime:=   7323.91:
GroebnerTime:=  41939.99:
RealTime:=  18829.23:
Table:=[[0,11881,13118]
       ,[0,18487,6512]
       ,[15897,3949,5153]
       ,[4145,13170,7684]
       ,[4544,16877,3578]
       ,[18840,5264,895]
       ,[7402,15293,2304]
       ,[14350,8190,2459]
       ,[6606,16386,2007]
       ,[15575,9358,66]
       ,[14085,8653,2261]
       ,[12979,2541,9479]
       ,[10613,8558,5828]
       ,[13442,2915,8642]
       ,[0,20537,4462]
       ,[0,9857,15142]
       ,[141,5502,19356]
       ,[2642,13331,9026]
       ,[3083,15334,6582]
       ,[3747,11488,9764]
       ,[6278,11546,7175]
       ,[11042,8663,5294]
       ,[583,12827,11589]
       ,[2267,10970,11762]
       ,[98,8211,16690]
       ,[515,10049,14435]
       ,[547,8303,16149]
       ,[140,8393,16466]
       ,[2390,12339,10270]
       ,[0,0,24999]
       ,[5,13593,11401]
       ,[1166,9175,14658]
       ,[3543,7242,14214]
       ,[16,16701,8282]
       ,[250,9593,15156]
       ,[4995,11692,8312]
       ,[1817,8488,14694]
       ,[2389,17199,5411]
       ,[7364,13092,4543]
       ,[6431,8733,9835]
       ,[1926,14745,8328]
       ,[2557,12442,10000]
       ,[6011,10637,8351]
       ,[6624,11810,6565]
       ,[4871,7768,12360]
       ,[1296,13721,9982]
       ,[0,0,24999]
       ,[1346,12921,10732]]:
CoefficientHeight:=   48.5:
