##############################################################################
#
#  Data for the enumerative problem
#  A1325 X2 A2135e2 X  = 3 on Schur
#
##############################################################################
FlagVariety:=[1, 2, 4, 5]:
Label := "A1325 X2 A2135e2 X ":
EnumerativeProblem:=[ [1, 3, 2, 5, 4] ,[1, 4, 2, 3, 5]
                     ,[2, 1, 3, 5, 4] ,[2, 1, 3, 5, 4]
                     ,[1, 3, 2, 4, 5]]:
NumberOfSolutions := 3:
Necklaces:=[ [1, 2, 3, 4] ,[1, 2, 4, 3]
            ,[1, 3, 4, 2] ,[2, 1, 3, 4]
            ,[2, 1, 4, 3] ,[3, 1, 2, 4]
           ]:
Points:=[[10, 100],[18, 99],[26, 98],[33, 95],[40, 93],[47, 89],[54, 85]
       ,[60, 81],[66, 76],[72, 71],[77, 65],[82, 59],[86, 53],[90, 46]
       ,[93, 39],[96, 32],[98, 24],[100, 17],[101, 9],[101, 1],[101, -6]
       ,[100, -14],[99, -22],[97, -29],[94, -37],[91, -44],[87, -51],[83, -57]
       ,[79, -63],[74, -69],[68, -75],[62, -80],[56, -84],[49, -88],[42, -92]
       ,[35, -95],[28, -97],[20, -99],[13, -100],[5, -101] ]:
PointSelection := "QuasiUniformPointsAss(40,101)":
Machine := "Schur":
##############################################################################
Instance:=25000:
PreTime:=   2002.08:
GroebnerTime:=   1495.78:
RealTime:=   1056.68:
Table:=[[7308,17692]
       ,[18302,6698]
       ,[3959,21041]
       ,[10715,14285]
       ,[0,25000]
       ,[2724,22276]]:
CoefficientHeight:=   28.7:
