##############################################################################
#
#  Data for the enumerative problem
#  A1325e3 We2 X  = 5 on Praxis
#
##############################################################################
FlagVariety:=[1, 2, 4, 5]:
Label := "A1325e3 We2 X ":
EnumerativeProblem:=[ [1, 3, 2, 5, 4] ,[1, 3, 2, 5, 4]
                     ,[1, 3, 2, 5, 4] ,[2, 1, 3, 4, 5]
                     ,[2, 1, 3, 4, 5] ,[1, 3, 2, 4, 5]
                    ]:
NumberOfSolutions := 5:
Necklaces:=[ [1, 2, 3, 4, 5] ,[1, 2, 3, 5, 4]
            ,[1, 3, 2, 4, 5] ,[1, 3, 2, 5, 4]
            ,[1, 4, 2, 3, 5] ,[2, 4, 1, 3, 5]
           ]:
Points:=[[9, 66],[16, 65],[22, 63],[28, 61],[34, 57],[40, 54],[45, 49]
       ,[50, 44],[54, 39],[58, 34],[61, 27],[64, 21],[65, 15],[67, 8]
       ,[67, 1],[67, -6],[66, -12],[64, -19],[62, -25],[59, -32],[56, -37]
       ,[52, -43],[47, -48],[42, -52],[36, -56],[31, -60],[24, -62],[18, -65]
       ,[11, -66],[5, -67] ]:
PointSelection := "QuasiUniformPointsAss(30,67)":
Machine := "Praxis":
##############################################################################
Instance:=25000:
PreTime:=   4525.64:
GroebnerTime:=   4673.11:
RealTime:=   3069.66:
Table:=[[0,0,25000]
       ,[0,12360,12640]
       ,[0,12088,12912]
       ,[18798,4771,1431]
       ,[0,0,25000]
       ,[0,8164,16836]]:
CoefficientHeight:=   39.5:
