##############################################################################
#
#  Data for the enumerative problem
#  A2145 A1325 W Xe3  = 5 on Noether
#
##############################################################################
FlagVariety:=[1, 2, 4, 5]:
Label := "A2145 A1325 W Xe3 ":
EnumerativeProblem:=[ [2, 1, 4, 5, 3] ,[1, 3, 2, 5, 4]
                     ,[2, 1, 3, 4, 5] ,[1, 3, 2, 4, 5]
                     ,[1, 3, 2, 4, 5] ,[1, 3, 2, 4, 5]
                    ]:
NumberOfSolutions := 5:
Necklaces:=[ [1, 2, 3, 4, 5] ,[1, 3, 2, 4, 5]
            ,[1, 4, 2, 3, 5] ,[1, 5, 2, 3, 4]
            ,[2, 1, 3, 4, 5] ,[3, 1, 2, 4, 5]
            ,[4, 1, 2, 3, 5] ,[2, 3, 1, 4, 5]
            ,[2, 4, 1, 3, 5] ,[3, 2, 1, 4, 5]
           ]:
Points:=[[9, 66],[16, 65],[22, 63],[28, 61],[34, 57],[40, 54],[45, 49]
       ,[50, 44],[54, 39],[58, 34],[61, 27],[64, 21],[65, 15],[67, 8]
       ,[67, 1],[67, -6],[66, -12],[64, -19],[62, -25],[59, -32],[56, -37]
       ,[52, -43],[47, -48],[42, -52],[36, -56],[31, -60],[24, -62],[18, -65]
       ,[11, -66],[5, -67] ]:
PointSelection := "QuasiUniformPointsAss(30,67)":
Machine := "Noether":
##############################################################################
Instance:=25000:
PreTime:=   4464.50:
GroebnerTime:=   8887.22:
RealTime:=   4740.91:
Table:=[[1670,12066,11264]
       ,[368,10706,13926]
       ,[3758,7818,13424]
       ,[0,0,25000]
       ,[4736,8070,12194]
       ,[1037,10179,13784]
       ,[2585,8583,13832]
       ,[5188,12944,6868]
       ,[4058,9122,11820]
       ,[1745,9330,13925]]:
CoefficientHeight:=   45.0:
