##############################################################################
#
#  Data for the enumerative problem
#  A1325e2 A2135 W Xe2  = 5 on Schur
#
##############################################################################
FlagVariety:=[1, 2, 4, 5]:
Label := "A1325e2 A2135 W Xe2 ":
EnumerativeProblem:=[ [1, 3, 2, 5, 4] ,[1, 3, 2, 5, 4]
                     ,[2, 1, 3, 5, 4] ,[2, 1, 3, 4, 5]
                     ,[1, 3, 2, 4, 5] ,[1, 3, 2, 4, 5]
                    ]:
NumberOfSolutions := 5:
Necklaces:=[ [1, 2, 3, 4, 5] ,[1, 2, 4, 3, 5]
            ,[1, 2, 5, 3, 4] ,[1, 3, 2, 4, 5]
            ,[1, 4, 2, 3, 5] ,[1, 3, 4, 2, 5]
            ,[2, 1, 3, 4, 5] ,[2, 1, 4, 3, 5]
            ,[3, 1, 2, 4, 5] ,[4, 1, 2, 3, 5]
            ,[3, 1, 4, 2, 5] ,[3, 1, 5, 2, 4]
            ,[4, 1, 3, 2, 5] ,[4, 1, 5, 2, 3]
            ,[2, 4, 1, 3, 5] ,[4, 2, 1, 3, 5]
           ]:
Points:=[[9, 66],[16, 65],[22, 63],[28, 61],[34, 57],[40, 54],[45, 49]
       ,[50, 44],[54, 39],[58, 34],[61, 27],[64, 21],[65, 15],[67, 8]
       ,[67, 1],[67, -6],[66, -12],[64, -19],[62, -25],[59, -32],[56, -37]
       ,[52, -43],[47, -48],[42, -52],[36, -56],[31, -60],[24, -62],[18, -65]
       ,[11, -66],[5, -67] ]:
PointSelection := "QuasiUniformPointsAss(30,67)":
Machine := "Schur":
##############################################################################
Instance:=25000:
PreTime:=   2229.33:
GroebnerTime:=   8042.09:
RealTime:=   3102.00:
Table:=[[11422,5881,7697]
       ,[6495,12177,6328]
       ,[13592,8227,3181]
       ,[0,9300,15700]
       ,[7818,12888,4294]
       ,[0,14496,10504]
       ,[1097,10909,12994]
       ,[136,4979,19885]
       ,[489,18054,6457]
       ,[679,12103,12218]
       ,[4715,9565,10720]
       ,[1475,10391,13134]
       ,[3479,12909,8612]
       ,[279,5637,19084]
       ,[10205,9625,5170]
       ,[167,9605,15228]]:
CoefficientHeight:=   49.8:
