##############################################################################
#
#  Data for the enumerative problem
#  A2135e2 Z Xe4  = 5 on Schur
#
##############################################################################
FlagVariety:=[1, 2, 4, 5]:
Label := "A2135e2 Z Xe4 ":
EnumerativeProblem:=[ [2, 1, 3, 5, 4] ,[2, 1, 3, 5, 4]
                     ,[1, 2, 3, 5, 4] ,[1, 3, 2, 4, 5]
                     ,[1, 3, 2, 4, 5] ,[1, 3, 2, 4, 5]
                     ,[1, 3, 2, 4, 5]]:
NumberOfSolutions := 5:
Necklaces:=[ [1, 2, 3, 4, 5, 6] ,[1, 3, 2, 4, 5, 6]
            ,[1, 4, 2, 3, 5, 6] ,[2, 1, 3, 4, 5, 6]
            ,[3, 1, 2, 4, 5, 6] ,[4, 1, 2, 3, 5, 6]
            ,[5, 1, 2, 3, 4, 6] ,[2, 4, 1, 3, 5, 6]
            ,[4, 2, 1, 3, 5, 6]]:
Points:=[[9, 52],[15, 51],[21, 49],[27, 46],[32, 42],[37, 38],[41, 34]
       ,[45, 28],[48, 23],[50, 17],[52, 11],[53, 4],[53, -2],[52, -9]
       ,[51, -15],[49, -21],[46, -27],[42, -32],[38, -37],[34, -41],[28, -45]
       ,[23, -48],[17, -50],[11, -52],[4, -53] ]:
PointSelection := "QuasiUniformPointsAss(25,53)":
Machine := "Schur":
##############################################################################
Instance:=25000:
PreTime:=   2218.09:
GroebnerTime:=  10282.91:
RealTime:=   2166.07:
Table:=[[1061,4007,19932]
       ,[3505,9107,12388]
       ,[407,12606,11987]
       ,[9283,10968,4749]
       ,[1879,14542,8579]
       ,[11099,11355,2546]
       ,[3168,17215,4617]
       ,[5834,16349,2817]
       ,[5171,16963,2866]]:
CoefficientHeight:=   81.1:
