##############################################################################
#
#  Data for the enumerative problem
#  Z11 A2135 W Xe4  = 5 on rcf1537-9
#
##############################################################################
FlagVariety:=[1, 2, 4, 5]:
Label := "Z11 A2135 W Xe4 ":
EnumerativeProblem:=[ [1, 2, 4, 5, 3] ,[2, 1, 3, 5, 4]
                     ,[2, 1, 3, 4, 5] ,[1, 3, 2, 4, 5]
                     ,[1, 3, 2, 4, 5] ,[1, 3, 2, 4, 5]
                     ,[1, 3, 2, 4, 5]]:
NumberOfSolutions := 5:
Necklaces:=[ [1, 2, 3, 4, 5, 6] ,[1, 3, 2, 4, 5, 6]
            ,[1, 4, 2, 3, 5, 6] ,[1, 5, 2, 3, 4, 6]
            ,[1, 6, 2, 3, 4, 5] ,[2, 1, 3, 4, 5, 6]
            ,[3, 1, 2, 4, 5, 6] ,[4, 1, 2, 3, 5, 6]
            ,[5, 1, 2, 3, 4, 6] ,[2, 3, 1, 4, 5, 6]
            ,[2, 4, 1, 3, 5, 6] ,[2, 5, 1, 3, 4, 6]
            ,[3, 2, 1, 4, 5, 6] ,[4, 2, 1, 3, 5, 6]
            ,[3, 4, 1, 2, 5, 6]]:
Points:=[[9, 52],[15, 51],[21, 49],[27, 46],[32, 42],[37, 38],[41, 34]
       ,[45, 28],[48, 23],[50, 17],[52, 11],[53, 4],[53, -2],[52, -9]
       ,[51, -15],[49, -21],[46, -27],[42, -32],[38, -37],[34, -41],[28, -45]
       ,[23, -48],[17, -50],[11, -52],[4, -53] ]:
PointSelection := "QuasiUniformPointsAss(25,53)":
Machine := "rcf1537-9":
##############################################################################
Instance:=25000:
PreTime:=   3845.86:
GroebnerTime:=  24212.15:
RealTime:=   5077.72:
Table:=[[0,0,25000]
       ,[5546,7941,11513]
       ,[1002,13411,10587]
       ,[2208,13271,9521]
       ,[4762,6649,13589]
       ,[675,3390,20935]
       ,[3759,15931,5310]
       ,[9329,11709,3962]
       ,[1408,13599,9993]
       ,[4010,4463,16527]
       ,[4733,10678,9589]
       ,[4550,14298,6152]
       ,[4158,11118,9724]
       ,[6328,14385,4287]
       ,[2488,11945,10567]]:
CoefficientHeight:=   90.7:
