##############################################################################
#
#  Data for the enumerative problem
#  A3125 A2135 Z Xe3  = 3 on Rcf1537-3.Math.Umass.Edu
#
##############################################################################
FlagVariety:=[1, 2, 4, 5]:
Label := "A3125 A2135 Z Xe3 ":
EnumerativeProblem:=[ [3, 1, 2, 5, 4] ,[2, 1, 3, 5, 4]
                     ,[1, 2, 3, 5, 4] ,[1, 3, 2, 4, 5]
                     ,[1, 3, 2, 4, 5] ,[1, 3, 2, 4, 5]
                    ]:
NumberOfSolutions := 3:
Necklaces:=[ [1, 2, 3, 4, 5] ,[1, 3, 2, 4, 5]
            ,[1, 4, 2, 3, 5] ,[1, 5, 2, 3, 4]
            ,[2, 1, 3, 4, 5] ,[3, 1, 2, 4, 5]
            ,[4, 1, 2, 3, 5] ,[2, 3, 1, 4, 5]
            ,[2, 4, 1, 3, 5] ,[3, 2, 1, 4, 5]
           ]:
Points:=[[11, 82],[19, 81],[28, 78],[35, 75],[43, 71],[50, 66],[56, 61]
       ,[62, 55],[67, 49],[72, 42],[76, 34],[79, 26],[81, 18],[82, 10]
       ,[83, 1],[83, -7],[82, -15],[80, -24],[77, -31],[73, -39],[69, -46]
       ,[64, -53],[58, -59],[52, -65],[45, -70],[38, -74],[30, -77],[22, -80]
       ,[14, -82],[6, -83] ]:
PointSelection := "QuasiUniformPointsAss(30,83)":
Machine := "Rcf1537-3.Math.Umass.Edu":
##############################################################################
Instance:=25000:
PreTime:=   5754.95:
GroebnerTime:=   3092.37:
RealTime:=   3564.01:
Table:=[[11457,13543]
       ,[12994,12006]
       ,[9929,15071]
       ,[0,25000]
       ,[3234,21766]
       ,[15552,9448]
       ,[13719,11281]
       ,[8549,16451]
       ,[12937,12063]
       ,[7443,17557]]:
CoefficientHeight:=   25.4:
