##############################################################################
#
#  Data for the enumerative problem
#  A2135 W Ze2 Xe4  = 5 on Schur
#
##############################################################################
FlagVariety:=[1, 2, 4, 5]:
Label := "A2135 W Ze2 Xe4 ":
EnumerativeProblem:=[ [2, 1, 3, 5, 4] ,[2, 1, 3, 4, 5]
                     ,[1, 2, 3, 5, 4] ,[1, 2, 3, 5, 4]
                     ,[1, 3, 2, 4, 5] ,[1, 3, 2, 4, 5]
                     ,[1, 3, 2, 4, 5] ,[1, 3, 2, 4, 5]
                    ]:
NumberOfSolutions := 5:
Necklaces:=[ [1, 2, 3, 4, 5, 6, 7] ,[1, 2, 4, 3, 5, 6, 7]
            ,[2, 1, 4, 3, 5, 6, 7] ,[7, 2, 5, 1, 3, 4, 6]
            ,[1, 2, 5, 3, 4, 6, 7] ,[1, 2, 6, 3, 4, 5, 7]
            ,[1, 2, 7, 3, 4, 5, 6] ,[1, 3, 4, 2, 5, 6, 7]
            ,[1, 3, 5, 2, 4, 6, 7] ,[1, 3, 7, 2, 4, 5, 6]
            ,[1, 4, 5, 2, 3, 6, 7] ,[1, 4, 6, 2, 3, 5, 7]
            ,[1, 4, 7, 2, 3, 5, 6] ,[1, 5, 6, 2, 3, 4, 7]
            ,[1, 5, 7, 2, 3, 4, 6] ,[1, 6, 7, 2, 3, 4, 5]
            ,[2, 1, 3, 4, 5, 6, 7] ,[2, 1, 5, 3, 4, 6, 7]
            ,[2, 1, 6, 3, 4, 5, 7] ,[2, 1, 7, 3, 4, 5, 6]
            ,[3, 1, 2, 4, 5, 6, 7] ,[4, 1, 2, 3, 5, 6, 7]
            ,[5, 1, 2, 3, 4, 6, 7] ,[6, 1, 2, 3, 4, 5, 7]
            ,[3, 1, 4, 2, 5, 6, 7] ,[3, 1, 5, 2, 4, 6, 7]
            ,[3, 1, 6, 2, 4, 5, 7] ,[3, 1, 7, 2, 4, 5, 6]
            ,[4, 1, 3, 2, 5, 6, 7] ,[5, 1, 3, 2, 4, 6, 7]
            ,[6, 1, 3, 2, 4, 5, 7] ,[4, 1, 5, 2, 3, 6, 7]
            ,[4, 1, 6, 2, 3, 5, 7] ,[4, 1, 7, 2, 3, 5, 6]
            ,[5, 1, 4, 2, 3, 6, 7] ,[6, 1, 4, 2, 3, 5, 7]
            ,[5, 1, 6, 2, 3, 4, 7] ,[6, 1, 5, 2, 3, 4, 7]
            ,[2, 3, 4, 1, 5, 6, 7] ,[2, 3, 5, 1, 4, 6, 7]
            ,[2, 3, 6, 1, 4, 5, 7] ,[2, 4, 5, 1, 3, 6, 7]
            ,[2, 4, 6, 1, 3, 5, 7] ,[2, 5, 6, 1, 3, 4, 7]
            ,[3, 2, 4, 1, 5, 6, 7] ,[3, 2, 5, 1, 4, 6, 7]
            ,[3, 2, 6, 1, 4, 5, 7] ,[4, 2, 3, 1, 5, 6, 7]
            ,[5, 2, 3, 1, 4, 6, 7] ,[4, 2, 5, 1, 3, 6, 7]
            ,[4, 2, 6, 1, 3, 5, 7] ,[5, 2, 4, 1, 3, 6, 7]
            ,[3, 4, 5, 1, 2, 6, 7] ,[4, 3, 5, 1, 2, 6, 7]
           ]:
Points:=[[9, 66],[16, 65],[22, 63],[28, 61],[34, 57],[40, 54],[45, 49]
       ,[50, 44],[54, 39],[58, 34],[61, 27],[64, 21],[65, 15],[67, 8]
       ,[67, 1],[67, -6],[66, -12],[64, -19],[62, -25],[59, -32],[56, -37]
       ,[52, -43],[47, -48],[42, -52],[36, -56],[31, -60],[24, -62],[18, -65]
       ,[11, -66],[5, -67] ]:
PointSelection := "QuasiUniformPointsAss(30,67)":
Machine := "Schur":
##############################################################################
Instance:=25000:
PreTime:=   3323.53:
GroebnerTime:=  63599.29:
RealTime:=  11749.81:
Table:=[[79,1418,23503]
       ,[2872,6225,15903]
       ,[3975,12323,8702]
       ,[89,15566,9345]
       ,[263,14798,9939]
       ,[5158,13356,6486]
       ,[8800,7007,9193]
       ,[4745,11489,8766]
       ,[356,17015,7629]
       ,[4955,12177,7868]
       ,[1924,10718,12358]
       ,[2962,11243,10795]
       ,[1284,12561,11155]
       ,[4209,5361,15430]
       ,[3759,3938,17303]
       ,[0,0,25000]
       ,[6886,8911,9203]
       ,[608,12156,12236]
       ,[4211,7806,12983]
       ,[170,1360,23470]
       ,[5823,9452,9725]
       ,[2195,14431,8374]
       ,[1104,12688,11208]
       ,[6579,7273,11148]
       ,[632,11994,12374]
       ,[4549,12056,8395]
       ,[4485,13117,7398]
       ,[4548,10981,9471]
       ,[1358,12183,11459]
       ,[3718,13321,7961]
       ,[5631,9550,9819]
       ,[9691,10101,5208]
       ,[2483,10693,11824]
       ,[52,11331,13617]
       ,[12481,8877,3642]
       ,[5161,8844,10995]
       ,[2364,12612,10024]
       ,[1555,13665,9780]
       ,[4042,14793,6165]
       ,[4727,15120,5153]
       ,[5012,15002,4986]
       ,[7240,13014,4746]
       ,[4653,12662,7685]
       ,[4079,10610,10311]
       ,[2209,14032,8759]
       ,[3503,15882,5615]
       ,[5435,12712,6853]
       ,[812,11594,12594]
       ,[3429,15956,5615]
       ,[5662,15495,3843]
       ,[4423,12508,8069]
       ,[6512,13310,5178]
       ,[10272,10108,4620]
       ,[12432,9654,2914]]:
CoefficientHeight:=   86.5:
