##############################################################################
#
#  Data for the enumerative problem
#  W2 Z11 A2135 Xe3  = 3 on Schur
#
##############################################################################
FlagVariety:=[1, 2, 4, 5]:
Label := "W2 Z11 A2135 Xe3 ":
EnumerativeProblem:=[ [3, 1, 2, 4, 5] ,[1, 2, 4, 5, 3]
                     ,[2, 1, 3, 5, 4] ,[1, 3, 2, 4, 5]
                     ,[1, 3, 2, 4, 5] ,[1, 3, 2, 4, 5]
                    ]:
NumberOfSolutions := 3:
Necklaces:=[ [1, 2, 3, 4, 5] ,[1, 3, 2, 4, 5]
            ,[1, 4, 2, 3, 5] ,[1, 5, 2, 3, 4]
            ,[2, 1, 3, 4, 5] ,[3, 1, 2, 4, 5]
            ,[4, 1, 2, 3, 5] ,[2, 3, 1, 4, 5]
            ,[2, 4, 1, 3, 5] ,[3, 2, 1, 4, 5]
           ]:
Points:=[[11, 82],[19, 81],[28, 78],[35, 75],[43, 71],[50, 66],[56, 61]
       ,[62, 55],[67, 49],[72, 42],[76, 34],[79, 26],[81, 18],[82, 10]
       ,[83, 1],[83, -7],[82, -15],[80, -24],[77, -31],[73, -39],[69, -46]
       ,[64, -53],[58, -59],[52, -65],[45, -70],[38, -74],[30, -77],[22, -80]
       ,[14, -82],[6, -83] ]:
PointSelection := "QuasiUniformPointsAss(30,83)":
Machine := "Schur":
##############################################################################
Instance:=25000:
PreTime:=   2222.49:
GroebnerTime:=   2653.87:
RealTime:=   1317.29:
Table:=[[5654,19346]
       ,[14357,10643]
       ,[13031,11969]
       ,[5751,19249]
       ,[0,25000]
       ,[7840,17160]
       ,[8365,16635]
       ,[12064,12936]
       ,[8859,16141]
       ,[5220,19780]]:
CoefficientHeight:=   28.9:
