##############################################################################
#
#  Data for the enumerative problem
#  A2145 A2135 W Xe3  = 3 on Noether
#
##############################################################################
FlagVariety:=[1, 2, 4, 5]:
Label := "A2145 A2135 W Xe3 ":
EnumerativeProblem:=[ [2, 1, 4, 5, 3] ,[2, 1, 3, 5, 4]
                     ,[2, 1, 3, 4, 5] ,[1, 3, 2, 4, 5]
                     ,[1, 3, 2, 4, 5] ,[1, 3, 2, 4, 5]
                    ]:
NumberOfSolutions := 3:
Necklaces:=[ [1, 2, 3, 4, 5] ,[1, 3, 2, 4, 5]
            ,[1, 4, 2, 3, 5] ,[1, 5, 2, 3, 4]
            ,[2, 1, 3, 4, 5] ,[3, 1, 2, 4, 5]
            ,[4, 1, 2, 3, 5] ,[2, 3, 1, 4, 5]
            ,[2, 4, 1, 3, 5] ,[3, 2, 1, 4, 5]
           ]:
Points:=[[11, 82],[19, 81],[28, 78],[35, 75],[43, 71],[50, 66],[56, 61]
       ,[62, 55],[67, 49],[72, 42],[76, 34],[79, 26],[81, 18],[82, 10]
       ,[83, 1],[83, -7],[82, -15],[80, -24],[77, -31],[73, -39],[69, -46]
       ,[64, -53],[58, -59],[52, -65],[45, -70],[38, -74],[30, -77],[22, -80]
       ,[14, -82],[6, -83] ]:
PointSelection := "QuasiUniformPointsAss(30,83)":
Machine := "Noether":
##############################################################################
Instance:=25000:
PreTime:=   4394.99:
GroebnerTime:=   3259.09:
RealTime:=   2783.00:
Table:=[[15042,9958]
       ,[15933,9067]
       ,[15555,9445]
       ,[0,25000]
       ,[5766,19234]
       ,[13978,11022]
       ,[16219,8781]
       ,[6005,18995]
       ,[9986,15014]
       ,[6936,18064]]:
CoefficientHeight:=   30.5:
