##############################################################################
#
#  Data for the enumerative problem
#  A2145 W Z Xe4  = 5 on Schubert
#
##############################################################################
FlagVariety:=[1, 2, 4, 5]:
Label := "A2145 W Z Xe4 ":
EnumerativeProblem:=[ [2, 1, 4, 5, 3] ,[2, 1, 3, 4, 5]
                     ,[1, 2, 3, 5, 4] ,[1, 3, 2, 4, 5]
                     ,[1, 3, 2, 4, 5] ,[1, 3, 2, 4, 5]
                     ,[1, 3, 2, 4, 5]]:
NumberOfSolutions := 5:
Necklaces:=[ [1, 2, 3, 4, 5, 6] ,[1, 3, 2, 4, 5, 6]
            ,[1, 4, 2, 3, 5, 6] ,[1, 5, 2, 3, 4, 6]
            ,[1, 6, 2, 3, 4, 5] ,[2, 1, 3, 4, 5, 6]
            ,[3, 1, 2, 4, 5, 6] ,[4, 1, 2, 3, 5, 6]
            ,[5, 1, 2, 3, 4, 6] ,[2, 3, 1, 4, 5, 6]
            ,[2, 4, 1, 3, 5, 6] ,[2, 5, 1, 3, 4, 6]
            ,[3, 2, 1, 4, 5, 6] ,[4, 2, 1, 3, 5, 6]
            ,[3, 4, 1, 2, 5, 6]]:
Points:=[[9, 52],[15, 51],[21, 49],[27, 46],[32, 42],[37, 38],[41, 34]
       ,[45, 28],[48, 23],[50, 17],[52, 11],[53, 4],[53, -2],[52, -9]
       ,[51, -15],[49, -21],[46, -27],[42, -32],[38, -37],[34, -41],[28, -45]
       ,[23, -48],[17, -50],[11, -52],[4, -53] ]:
PointSelection := "QuasiUniformPointsAss(25,53)":
Machine := "Schubert":
##############################################################################
Instance:=25000:
PreTime:=   5632.47:
GroebnerTime:=  13424.02:
RealTime:=   7227.48:
Table:=[[8199,6524,10277]
       ,[4485,8957,11558]
       ,[1236,11408,12356]
       ,[3701,5087,16212]
       ,[0,0,25000]
       ,[2045,4921,18034]
       ,[2654,12883,9463]
       ,[166,12402,12432]
       ,[4669,9510,10821]
       ,[1039,11786,12175]
       ,[3868,8427,12705]
       ,[4320,9821,10859]
       ,[1155,9923,13922]
       ,[2497,12373,10130]
       ,[9198,10793,5009]]:
CoefficientHeight:=   47.8:
