##############################################################################
#
#  Data for the enumerative problem
#  A3125 Z11 W Xe3  = 3 on Rcf1537-3.Math.Umass.Edu
#
##############################################################################
FlagVariety:=[1, 2, 4, 5]:
Label := "A3125 Z11 W Xe3 ":
EnumerativeProblem:=[ [3, 1, 2, 5, 4] ,[1, 2, 4, 5, 3]
                     ,[2, 1, 3, 4, 5] ,[1, 3, 2, 4, 5]
                     ,[1, 3, 2, 4, 5] ,[1, 3, 2, 4, 5]
                    ]:
NumberOfSolutions := 3:
Necklaces:=[ [1, 2, 3, 4, 5] ,[1, 3, 2, 4, 5]
            ,[1, 4, 2, 3, 5] ,[1, 5, 2, 3, 4]
            ,[2, 1, 3, 4, 5] ,[3, 1, 2, 4, 5]
            ,[4, 1, 2, 3, 5] ,[2, 3, 1, 4, 5]
            ,[2, 4, 1, 3, 5] ,[3, 2, 1, 4, 5]
           ]:
Points:=[[11, 82],[19, 81],[28, 78],[35, 75],[43, 71],[50, 66],[56, 61]
       ,[62, 55],[67, 49],[72, 42],[76, 34],[79, 26],[81, 18],[82, 10]
       ,[83, 1],[83, -7],[82, -15],[80, -24],[77, -31],[73, -39],[69, -46]
       ,[64, -53],[58, -59],[52, -65],[45, -70],[38, -74],[30, -77],[22, -80]
       ,[14, -82],[6, -83] ]:
PointSelection := "QuasiUniformPointsAss(30,83)":
Machine := "Rcf1537-3.Math.Umass.Edu":
##############################################################################
Instance:=25000:
PreTime:=   6115.15:
GroebnerTime:=   3286.33:
RealTime:=   3412.09:
Table:=[[1605,23395]
       ,[12046,12954]
       ,[5454,19546]
       ,[0,25000]
       ,[5478,19522]
       ,[7123,17877]
       ,[8032,16968]
       ,[8016,16984]
       ,[11439,13561]
       ,[6107,18893]]:
CoefficientHeight:=   23.6:
