##############################################################################
#
#  Data for the enumerative problem
#  We2 Ze3 Xe4  = 5 on Serpens
#
##############################################################################
FlagVariety:=[1, 2, 4, 5]:
Label := "We2 Ze3 Xe4 ":
EnumerativeProblem:=[ [2, 1, 3, 4, 5] ,[2, 1, 3, 4, 5]
                     ,[1, 2, 3, 5, 4] ,[1, 2, 3, 5, 4]
                     ,[1, 2, 3, 5, 4] ,[1, 3, 2, 4, 5]
                     ,[1, 3, 2, 4, 5] ,[1, 3, 2, 4, 5]
                     ,[1, 3, 2, 4, 5]]:
NumberOfSolutions := 5:
Necklaces:=[ [1, 2, 3, 7, 4, 5, 6, 8] ,[1, 2, 3, 6, 4, 5, 7, 8]
            ,[1, 2, 3, 5, 4, 6, 7, 8] ,[1, 2, 3, 4, 5, 6, 7, 8]
            ,[1, 2, 4, 5, 3, 6, 7, 8] ,[5, 1, 3, 8, 2, 4, 6, 7]
            ,[5, 1, 2, 8, 3, 4, 6, 7] ,[1, 2, 6, 7, 3, 4, 5, 8]
            ,[1, 2, 5, 7, 3, 4, 6, 8] ,[1, 2, 5, 6, 3, 4, 7, 8]
            ,[1, 2, 4, 7, 3, 5, 6, 8] ,[1, 2, 4, 6, 3, 5, 7, 8]
            ,[6, 3, 5, 8, 1, 2, 4, 7] ,[6, 3, 4, 8, 1, 2, 5, 7]
            ,[1, 4, 6, 7, 2, 3, 5, 8] ,[1, 4, 5, 7, 2, 3, 6, 8]
            ,[1, 4, 5, 6, 2, 3, 7, 8] ,[4, 3, 7, 8, 1, 2, 5, 6]
            ,[1, 3, 6, 7, 2, 4, 5, 8] ,[1, 3, 5, 7, 2, 4, 6, 8]
            ,[1, 3, 4, 5, 2, 6, 7, 8] ,[3, 1, 4, 7, 2, 5, 6, 8]
            ,[3, 1, 4, 5, 2, 6, 7, 8] ,[7, 1, 2, 6, 3, 4, 5, 8]
            ,[7, 1, 2, 5, 3, 4, 6, 8] ,[6, 1, 2, 5, 3, 4, 7, 8]
            ,[5, 1, 2, 7, 3, 4, 6, 8] ,[7, 1, 2, 4, 3, 5, 6, 8]
            ,[6, 1, 2, 4, 3, 5, 7, 8] ,[5, 1, 2, 4, 3, 6, 7, 8]
            ,[4, 1, 2, 7, 3, 5, 6, 8] ,[4, 1, 2, 6, 3, 5, 7, 8]
            ,[4, 1, 2, 5, 3, 6, 7, 8] ,[7, 1, 2, 3, 4, 5, 6, 8]
            ,[6, 1, 2, 3, 4, 5, 7, 8] ,[5, 1, 2, 3, 4, 6, 7, 8]
            ,[4, 1, 2, 3, 5, 6, 7, 8] ,[3, 1, 2, 7, 4, 5, 6, 8]
            ,[3, 1, 2, 6, 4, 5, 7, 8] ,[3, 1, 2, 4, 5, 6, 7, 8]
            ,[3, 4, 6, 7, 1, 2, 5, 8] ,[2, 1, 6, 7, 3, 4, 5, 8]
            ,[2, 1, 5, 7, 3, 4, 6, 8] ,[2, 1, 5, 6, 3, 4, 7, 8]
            ,[2, 1, 4, 7, 3, 5, 6, 8] ,[2, 1, 3, 7, 4, 5, 6, 8]
            ,[2, 1, 3, 6, 4, 5, 7, 8] ,[2, 1, 3, 5, 4, 6, 7, 8]
            ,[2, 1, 3, 4, 5, 6, 7, 8] ,[5, 1, 7, 8, 2, 3, 4, 6]
            ,[3, 1, 7, 8, 2, 4, 5, 6] ,[1, 2, 7, 8, 3, 4, 5, 6]
            ,[5, 4, 6, 8, 1, 2, 3, 7] ,[4, 1, 3, 7, 2, 5, 6, 8]
            ,[4, 3, 6, 8, 1, 2, 5, 7] ,[4, 3, 5, 8, 1, 2, 6, 7]
            ,[3, 4, 6, 8, 1, 2, 5, 7] ,[6, 2, 4, 8, 1, 3, 5, 7]
            ,[4, 2, 6, 8, 1, 3, 5, 7] ,[4, 2, 5, 8, 1, 3, 6, 7]
            ,[6, 2, 3, 8, 1, 4, 5, 7] ,[5, 2, 3, 8, 1, 4, 6, 7]
            ,[3, 2, 4, 8, 1, 5, 6, 7] ,[2, 5, 6, 8, 1, 3, 4, 7]
            ,[2, 4, 6, 8, 1, 3, 5, 7] ,[2, 4, 5, 8, 1, 3, 6, 7]
            ,[2, 3, 6, 8, 1, 4, 5, 7] ,[6, 1, 4, 8, 2, 3, 5, 7]
            ,[6, 1, 3, 8, 2, 4, 5, 7] ,[2, 1, 3, 8, 4, 5, 6, 7]
            ,[1, 2, 6, 8, 3, 4, 5, 7] ,[1, 2, 5, 8, 3, 4, 6, 7]
            ,[7, 3, 4, 5, 1, 2, 6, 8] ,[3, 5, 6, 7, 1, 2, 4, 8]
            ,[7, 2, 4, 5, 1, 3, 6, 8] ,[4, 2, 6, 7, 1, 3, 5, 8]
           ]:
Points:=[[10, 100],[18, 99],[26, 98],[33, 95],[40, 93],[47, 89],[54, 85]
       ,[60, 81],[66, 76],[72, 71],[77, 65],[82, 59],[86, 53],[90, 46]
       ,[93, 39],[96, 32],[98, 24],[100, 17],[101, 9],[101, 1],[101, -6]
       ,[100, -14],[99, -22],[97, -29],[94, -37],[91, -44],[87, -51],[83, -57]
       ,[79, -63],[74, -69],[68, -75],[62, -80],[56, -84],[49, -88],[42, -92]
       ,[35, -95],[28, -97],[20, -99],[13, -100],[5, -101] ]:
PointSelection := "QuasiUniformPointsAss(40,101)":
Machine := "Serpens":
##############################################################################
Instance:=25000:
PreTime:=   5372.98:
GroebnerTime:= 122251.85:
RealTime:=  19795.85:
Table:=[[3035,11994,9970]
       ,[4405,10652,9942]
       ,[4107,3485,17407]
       ,[0,0,24999]
       ,[2496,2547,19956]
       ,[3120,10432,11447]
       ,[310,10522,14167]
       ,[3172,12031,9796]
       ,[279,17158,7562]
       ,[3852,10366,10781]
       ,[150,16968,7881]
       ,[4041,8590,12368]
       ,[3431,11481,10087]
       ,[8767,13335,2897]
       ,[3599,4564,16836]
       ,[3096,3321,18582]
       ,[0,0,24999]
       ,[7077,9974,7948]
       ,[2808,11097,11094]
       ,[4333,8176,12490]
       ,[0,0,24999]
       ,[2527,14002,8470]
       ,[3556,10282,11161]
       ,[2842,14600,7557]
       ,[6941,9379,8679]
       ,[13185,7529,4285]
       ,[1631,11402,11966]
       ,[5163,9007,10829]
       ,[4217,12555,8227]
       ,[954,11241,12804]
       ,[2278,15318,7403]
       ,[4962,12690,7347]
       ,[802,10350,13847]
       ,[5886,5730,13383]
       ,[1962,12439,10598]
       ,[1008,14116,9875]
       ,[5610,10025,9364]
       ,[3699,11675,9625]
       ,[390,10286,14323]
       ,[3776,5901,15322]
       ,[3623,12486,8890]
       ,[5168,9322,10509]
       ,[1585,14241,9173]
       ,[1118,10711,13170]
       ,[79,15488,9432]
       ,[3597,14122,7280]
       ,[547,12930,11522]
       ,[3902,5257,15840]
       ,[31,427,24541]
       ,[3492,13210,8297]
       ,[6086,8103,10810]
       ,[3428,5747,15824]
       ,[1572,12131,11296]
       ,[4149,13650,7200]
       ,[7698,12010,5291]
       ,[11122,8088,5789]
       ,[8603,9473,6923]
       ,[3311,15341,6347]
       ,[3549,12885,8565]
       ,[6236,13363,5400]
       ,[2423,13451,9125]
       ,[5717,14379,4903]
       ,[713,10204,14082]
       ,[4593,7946,12460]
       ,[7475,9186,8338]
       ,[8132,10538,6329]
       ,[3928,16021,5050]
       ,[4838,11258,8903]
       ,[5786,10844,8369]
       ,[10187,8615,6197]
       ,[4515,10218,10266]
       ,[350,17041,7608]
       ,[5139,8298,11562]
       ,[1036,13836,10127]
       ,[6678,9350,8971]
       ,[10116,12848,2035]]:
CoefficientHeight:=  105.2:
