##############################################################################
#
#  Data for the enumerative problem
#  Z11 We2 Z Xe4  = 5 on Noether
#
##############################################################################
FlagVariety:=[1, 2, 4, 5]:
Label := "Z11 We2 Z Xe4 ":
EnumerativeProblem:=[ [1, 2, 4, 5, 3] ,[2, 1, 3, 4, 5]
                     ,[2, 1, 3, 4, 5] ,[1, 2, 3, 5, 4]
                     ,[1, 3, 2, 4, 5] ,[1, 3, 2, 4, 5]
                     ,[1, 3, 2, 4, 5] ,[1, 3, 2, 4, 5]
                    ]:
NumberOfSolutions := 5:
Necklaces:=[ [1, 2, 3, 4, 5, 6, 7] ,[1, 2, 4, 3, 5, 6, 7]
            ,[1, 2, 5, 3, 4, 6, 7] ,[1, 2, 6, 3, 4, 5, 7]
            ,[1, 2, 7, 3, 4, 5, 6] ,[1, 3, 2, 4, 5, 6, 7]
            ,[1, 4, 2, 3, 5, 6, 7] ,[1, 5, 2, 3, 4, 6, 7]
            ,[1, 6, 2, 3, 4, 5, 7] ,[1, 7, 2, 3, 4, 5, 6]
            ,[1, 3, 4, 2, 5, 6, 7] ,[1, 3, 5, 2, 4, 6, 7]
            ,[1, 3, 6, 2, 4, 5, 7] ,[1, 3, 7, 2, 4, 5, 6]
            ,[1, 4, 3, 2, 5, 6, 7] ,[1, 5, 3, 2, 4, 6, 7]
            ,[1, 6, 3, 2, 4, 5, 7] ,[1, 7, 3, 2, 4, 5, 6]
            ,[1, 4, 5, 2, 3, 6, 7] ,[1, 4, 6, 2, 3, 5, 7]
            ,[1, 4, 7, 2, 3, 5, 6] ,[1, 5, 4, 2, 3, 6, 7]
            ,[1, 6, 4, 2, 3, 5, 7] ,[1, 7, 4, 2, 3, 5, 6]
            ,[1, 5, 6, 2, 3, 4, 7] ,[1, 5, 7, 2, 3, 4, 6]
            ,[1, 6, 5, 2, 3, 4, 7] ,[1, 6, 7, 2, 3, 4, 5]
            ,[2, 3, 1, 4, 5, 6, 7] ,[2, 4, 1, 3, 5, 6, 7]
            ,[2, 5, 1, 3, 4, 6, 7] ,[2, 6, 1, 3, 4, 5, 7]
            ,[3, 4, 1, 2, 5, 6, 7] ,[3, 5, 1, 2, 4, 6, 7]
            ,[3, 6, 1, 2, 4, 5, 7] ,[4, 5, 1, 2, 3, 6, 7]
            ,[4, 6, 1, 2, 3, 5, 7] ,[5, 6, 1, 2, 3, 4, 7]
            ,[2, 3, 4, 1, 5, 6, 7] ,[2, 3, 5, 1, 4, 6, 7]
            ,[2, 3, 6, 1, 4, 5, 7] ,[2, 4, 3, 1, 5, 6, 7]
            ,[2, 5, 3, 1, 4, 6, 7] ,[2, 6, 3, 1, 4, 5, 7]
            ,[2, 4, 5, 1, 3, 6, 7] ,[2, 4, 6, 1, 3, 5, 7]
            ,[2, 5, 4, 1, 3, 6, 7] ,[2, 6, 4, 1, 3, 5, 7]
            ,[2, 5, 6, 1, 3, 4, 7] ,[3, 4, 2, 1, 5, 6, 7]
            ,[3, 5, 2, 1, 4, 6, 7] ,[4, 5, 2, 1, 3, 6, 7]
            ,[3, 4, 5, 1, 2, 6, 7] ,[3, 5, 4, 1, 2, 6, 7]
           ]:
Points:=[[4, 25],[7, 24],[10, 23],[13, 22],[15, 20],[17, 18],[19, 16]
       ,[21, 13],[23, 11],[24, 8],[24, 5],[25, 2],[25, -1],[25, -4]
       ,[24, -7],[23, -10],[22, -13],[20, -15],[18, -17],[16, -19],[13, -21]
       ,[11, -23],[8, -24],[5, -24],[2, -25] ]:
PointSelection := "QuasiUniformPointsAss(25,25)":
Machine := "Noether":
##############################################################################
Instance:=25000:
PreTime:=   7787.80:
GroebnerTime:= 101106.19:
RealTime:=  20808.55:
Table:=[[5970,7312,11718]
       ,[3567,12268,9165]
       ,[4985,10711,9304]
       ,[4390,3944,16666]
       ,[0,0,25000]
       ,[109,1139,23752]
       ,[4874,10004,10122]
       ,[267,11150,13583]
       ,[4300,12367,8333]
       ,[2561,3027,19412]
       ,[2707,15154,7139]
       ,[6681,9870,8449]
       ,[5187,9863,9950]
       ,[6894,6542,11564]
       ,[3378,11385,10237]
       ,[1739,11713,11548]
       ,[3524,14285,7191]
       ,[4438,9466,11096]
       ,[12953,8700,3347]
       ,[3969,13736,7295]
       ,[1641,12882,10477]
       ,[8510,10122,6368]
       ,[5012,12529,7459]
       ,[462,11523,13015]
       ,[1091,11697,12212]
       ,[1806,14537,8657]
       ,[930,12396,11674]
       ,[6328,9862,8810]
       ,[0,0,25000]
       ,[6598,6211,12191]
       ,[2247,12754,9999]
       ,[1108,13465,10427]
       ,[0,0,25000]
       ,[6169,8520,10311]
       ,[1275,13358,10367]
       ,[0,0,25000]
       ,[5976,8368,10656]
       ,[0,0,25000]
       ,[3319,13460,8221]
       ,[3057,11795,10148]
       ,[3607,5345,16048]
       ,[5096,8928,10976]
       ,[4191,13328,7481]
       ,[6103,13134,5763]
       ,[7069,12418,5513]
       ,[6727,10178,8095]
       ,[7367,13928,3705]
       ,[8805,12361,3834]
       ,[4889,11300,8811]
       ,[2882,2818,19300]
       ,[5869,8577,10554]
       ,[3487,3756,17757]
       ,[4263,10845,9892]
       ,[1268,14781,8951]]:
CoefficientHeight:=   72.7:
