##############################################################################
#
#  Data for the enumerative problem
#  A21564 W2 A1325e2 A13246  = 6 on Pieri
#
##############################################################################
FlagVariety:=[1, 2, 4, 5, 6]:
Label := "A21564 W2 A1325e2 A13246 ":
EnumerativeProblem:=[ [2, 1, 5, 6, 4, 3] ,[1, 4, 2, 3, 5, 6]
                     ,[1, 3, 2, 5, 4, 6] ,[1, 3, 2, 5, 4, 6]
                     ,[1, 3, 2, 4, 6, 5]]:
NumberOfSolutions := 6:
Necklaces:=[ [1, 2, 3, 4] ,[1, 2, 4, 3]
            ,[1, 3, 4, 2] ,[2, 1, 3, 4]
            ,[2, 1, 4, 3] ,[3, 1, 2, 4]
           ]:
Points:=[[3, 23],[5, 22],[8, 22],[10, 21],[12, 20],[14, 18],[16, 17]
       ,[17, 15],[19, 13],[20, 12],[21, 9],[22, 7],[22, 5],[23, 3]
       ,[23, 0],[23, -2],[23, -4],[22, -7],[21, -9],[20, -11],[19, -13]
       ,[18, -15],[16, -16],[14, -18],[12, -19],[10, -20],[8, -21],[6, -22]
       ,[4, -23],[2, -23] ]:
PointSelection := "QuasiUniformPointsAss(30,23)":
Machine := "Pieri":
##############################################################################
Instance:=15000:
PreTime:=   4679.99:
GroebnerTime:=   8126.44:
RealTime:=   2259.27:
Table:=[[0,1381,10019,3600]
       ,[352,3548,4696,6404]
       ,[516,3029,7284,4171]
       ,[0,0,6809,8191]
       ,[955,2399,4043,7603]
       ,[0,0,10033,4967]]:
CoefficientHeight:=   34.9:
