##############################################################################
#
#  Data for the enumerative problem
#  A23164 A13254e3 V2 Z11  = 3 on Cataldi.Math.Umass.Edu
#  1000 iterations planned  
#
##############################################################################
FlagVariety:=[1, 2, 4, 5, 6]:
Label := "A23164 A13254e3 V2 Z11 ":
EnumerativeProblem:=[ [3, 1, 2, 5, 6, 4] ,[1, 3, 2, 5, 4, 6]
                     ,[1, 3, 2, 5, 4, 6] ,[1, 3, 2, 5, 4, 6]
                     ,[3, 1, 2, 4, 5, 6] ,[1, 2, 3, 5, 6, 4]
                    ]:
NumberOfSolutions := 3:
Necklaces:=[ [1, 2, 3, 4, 5] ,[1, 2, 3, 5, 4]
            ,[1, 2, 4, 3, 5] ,[1, 2, 5, 3, 4]
            ,[1, 2, 4, 5, 3] ,[1, 2, 5, 4, 3]
            ,[1, 3, 4, 2, 5] ,[1, 3, 5, 2, 4]
            ,[1, 3, 4, 5, 2] ,[2, 3, 4, 1, 5]
           ]:
Points:=[[8, 60],[14, 59],[20, 58],[26, 55],[31, 52],[37, 49],[41, 45]
       ,[46, 41],[49, 36],[53, 31],[56, 25],[58, 19],[60, 13],[61, 7]
       ,[61, 1],[61, -5],[60, -11],[59, -17],[56, -23],[54, -29],[51, -34]
       ,[47, -39],[43, -43],[38, -48],[33, -51],[28, -54],[22, -57],[16, -59]
       ,[10, -60],[4, -61] ]:
PointSelection := "QuasiUniformPointsAss(30,61)":
Machine := "Cataldi.Math.Umass.Edu":
NumberOfIterations := 1000:
##############################################################################
Instance:=10000:
PreTime:=   4617.02:
GroebnerTime:=  11161.42:
RealTime:=    794.48:
Table:=[[1273,8727]
       ,[1273,8727]
       ,[1112,8888]
       ,[2599,7401]
       ,[1112,8888]
       ,[2599,7401]
       ,[1921,8079]
       ,[2972,7028]
       ,[1921,8079]
       ,[2781,7219]]:
CoefficientHeight:=   31.0:
