##############################################################################
#
#  Data for the enumerative problem
#  A3215 W2 A1325e3 A21346  = 6 on Pieri
#
##############################################################################
FlagVariety:=[1, 2, 4, 5, 6]:
Label := "A3215 W2 A1325e3 A21346 ":
EnumerativeProblem:=[ [3, 2, 1, 5, 4, 6] ,[1, 4, 2, 3, 5, 6]
                     ,[1, 3, 2, 5, 4, 6] ,[1, 3, 2, 5, 4, 6]
                     ,[1, 3, 2, 5, 4, 6] ,[2, 1, 3, 4, 6, 5]
                    ]:
NumberOfSolutions := 6:
Necklaces:=[ [1, 2, 3, 4, 5] ,[1, 2, 3, 5, 4]
            ,[1, 2, 4, 5, 3] ,[1, 3, 4, 5, 2]
            ,[2, 1, 3, 4, 5] ,[2, 1, 3, 5, 4]
            ,[2, 1, 4, 5, 3] ,[3, 1, 2, 4, 5]
            ,[3, 1, 2, 5, 4] ,[4, 1, 2, 3, 5]
           ]:
Points:=[[4, 41],[7, 40],[10, 40],[13, 39],[16, 38],[19, 36],[22, 35]
       ,[24, 33],[27, 31],[29, 29],[31, 26],[33, 24],[35, 21],[37, 19]
       ,[38, 16],[39, 13],[40, 10],[40, 7],[41, 4],[41, 1],[41, -3]
       ,[41, -6],[40, -9],[39, -12],[38, -15],[37, -18],[36, -21],[34, -23]
       ,[32, -26],[30, -28],[28, -30],[25, -32],[23, -34],[20, -36],[17, -37]
       ,[14, -38],[11, -39],[8, -40],[5, -41],[2, -41] ]:
PointSelection := "QuasiUniformPointsAss(40,41)":
Machine := "Pieri":
##############################################################################
Instance:=10000:
PreTime:=   4059.42:
GroebnerTime:= 720166.15:
RealTime:=   5009.74:
Table:=[[0,0,128,9872]
       ,[14,3149,245,6592]
       ,[629,1970,458,6943]
       ,[49,541,1073,8337]
       ,[0,0,56,9944]
       ,[16,3630,736,5618]
       ,[66,2472,1112,6350]
       ,[0,0,132,9868]
       ,[1,3227,1686,5086]
       ,[0,0,3485,6515]]:
CoefficientHeight:=  277.6:
