##############################################################################
#
#  Data for the enumerative problem
#  A31256 A13254e3 W11 Y2  = 12 on rcf1537-10
#  1000 iterations planned  
#
##############################################################################
FlagVariety:=[1, 2, 4, 5, 6]:
Label := "A31256 A13254e3 W11 Y2 ":
EnumerativeProblem:=[ [3, 1, 2, 5, 6, 4] ,[1, 3, 2, 5, 4, 6]
                     ,[1, 3, 2, 5, 4, 6] ,[1, 3, 2, 5, 4, 6]
                     ,[2, 3, 1, 4, 5, 6] ,[1, 2, 3, 6, 4, 5]
                    ]:
NumberOfSolutions := 12:
Necklaces:=[ [1, 2, 3, 4, 5] ,[1, 2, 3, 5, 4]
            ,[1, 2, 4, 3, 5] ,[1, 2, 5, 3, 4]
            ,[1, 2, 4, 5, 3] ,[1, 2, 5, 4, 3]
            ,[1, 3, 4, 2, 5] ,[1, 3, 5, 2, 4]
            ,[1, 3, 4, 5, 2] ,[2, 3, 4, 1, 5]
           ]:
Points:=[[8, 60],[14, 59],[20, 58],[26, 55],[31, 52],[37, 49],[41, 45]
       ,[46, 41],[49, 36],[53, 31],[56, 25],[58, 19],[60, 13],[61, 7]
       ,[61, 1],[61, -5],[60, -11],[59, -17],[56, -23],[54, -29],[51, -34]
       ,[47, -39],[43, -43],[38, -48],[33, -51],[28, -54],[22, -57],[16, -59]
       ,[10, -60],[4, -61] ]:
PointSelection := "QuasiUniformPointsAss(30,61)":
Machine := "rcf1537-10":
NumberOfIterations := 1000:
##############################################################################
Instance:=2000:
PreTime:=    897.72:
GroebnerTime:= 997470.54:
RealTime:=   1258.30:
Table:=[[0,31,1072,578,294,25,0]
       ,[0,31,1072,578,294,25,0]
       ,[0,10,348,1084,505,53,0]
       ,[0,43,1055,542,326,34,0]
       ,[0,10,348,1084,505,53,0]
       ,[0,43,1055,542,326,34,0]
       ,[0,0,550,611,549,186,104]
       ,[0,3,314,1090,530,62,1]
       ,[0,0,550,611,549,186,104]
       ,[0,5,285,1092,542,73,3]]:
CoefficientHeight:=  149.0:
