##############################################################################
#
#  Data for the enumerative problem
#  A5214 W2 Y11e2 A13246  = 3 on Pieri
#
##############################################################################
FlagVariety:=[1, 2, 4, 5, 6]:
Label := "A5214 W2 Y11e2 A13246 ":
EnumerativeProblem:=[ [5, 2, 1, 4, 3, 6] ,[1, 4, 2, 3, 5, 6]
                     ,[1, 2, 4, 5, 3, 6] ,[1, 2, 4, 5, 3, 6]
                     ,[1, 3, 2, 4, 6, 5]]:
NumberOfSolutions := 3:
Necklaces:=[ [1, 2, 3, 4] ,[1, 2, 4, 3]
            ,[1, 3, 4, 2] ,[2, 1, 3, 4]
            ,[2, 1, 4, 3] ,[3, 1, 2, 4]
           ]:
Points:=[[4, 41],[7, 40],[10, 40],[13, 39],[16, 38],[19, 36],[22, 35]
       ,[24, 33],[27, 31],[29, 29],[31, 26],[33, 24],[35, 21],[37, 19]
       ,[38, 16],[39, 13],[40, 10],[40, 7],[41, 4],[41, 1],[41, -3]
       ,[41, -6],[40, -9],[39, -12],[38, -15],[37, -18],[36, -21],[34, -23]
       ,[32, -26],[30, -28],[28, -30],[25, -32],[23, -34],[20, -36],[17, -37]
       ,[14, -38],[11, -39],[8, -40],[5, -41],[2, -41] ]:
PointSelection := "QuasiUniformPointsAss(40,41)":
Machine := "Pieri":
##############################################################################
Instance:=10000:
PreTime:=   4684.88:
GroebnerTime:=   1783.84:
RealTime:=    866.43:
Table:=[ [1276, 8724]
        ,[4912, 5088]
        ,[0, 10000]
        ,[2015, 7985]
        ,[1451, 8549]
        ,[0, 10000]]:
CoefficientHeight:=   13.6:
