##############################################################################
#
#  Data for the enumerative problem
#  A3215 W2 Z11 A2135 Y2 A1325  = 7 on rcf1537-10
#
##############################################################################
FlagVariety:=[1, 2, 4, 5, 6]:
Label := "A3215 W2 Z11 A2135 Y2 A1325 ":
EnumerativeProblem:=[ [3, 2, 1, 5, 4, 6] ,[1, 4, 2, 3, 5, 6]
                     ,[1, 2, 3, 5, 6, 4] ,[2, 1, 3, 5, 4, 6]
                     ,[1, 2, 3, 6, 4, 5] ,[1, 3, 2, 5, 4, 6]
                    ]:
NumberOfSolutions := 7:
Necklaces:=[ [5, 4, 2, 1, 3] ,[2, 3, 1, 4, 5]
            ,[1, 2, 5, 3, 4] ,[5, 1, 3, 2, 4]
            ,[2, 1, 4, 3, 5] ,[1, 2, 3, 4, 5]
            ,[1, 2, 3, 5, 4] ,[1, 2, 4, 3, 5]
            ,[1, 2, 5, 4, 3] ,[1, 3, 2, 4, 5]
            ,[1, 3, 2, 5, 4] ,[1, 4, 2, 3, 5]
            ,[1, 5, 2, 3, 4] ,[1, 4, 2, 5, 3]
            ,[1, 5, 2, 4, 3] ,[1, 3, 4, 2, 5]
            ,[1, 3, 5, 2, 4] ,[1, 4, 3, 2, 5]
            ,[1, 5, 3, 2, 4] ,[1, 4, 5, 2, 3]
            ,[1, 5, 4, 2, 3] ,[1, 3, 4, 5, 2]
            ,[1, 3, 5, 4, 2] ,[1, 4, 3, 5, 2]
            ,[1, 4, 5, 3, 2] ,[1, 5, 4, 3, 2]
            ,[2, 1, 3, 4, 5] ,[2, 1, 3, 5, 4]
            ,[2, 1, 5, 3, 4] ,[2, 1, 4, 5, 3]
            ,[2, 1, 5, 4, 3] ,[3, 1, 2, 4, 5]
            ,[3, 1, 2, 5, 4] ,[4, 1, 2, 3, 5]
            ,[4, 1, 2, 5, 3] ,[3, 1, 4, 2, 5]
            ,[3, 1, 5, 2, 4] ,[4, 1, 3, 2, 5]
            ,[4, 1, 5, 2, 3] ,[3, 1, 4, 5, 2]
            ,[3, 1, 5, 4, 2] ,[4, 1, 3, 5, 2]
            ,[4, 1, 5, 3, 2] ,[2, 3, 1, 5, 4]
            ,[2, 4, 1, 3, 5] ,[2, 4, 1, 5, 3]
            ,[3, 2, 1, 4, 5] ,[3, 2, 1, 5, 4]
            ,[4, 2, 1, 3, 5] ,[4, 2, 1, 5, 3]
            ,[3, 4, 1, 2, 5] ,[4, 3, 1, 2, 5]
            ,[3, 4, 1, 5, 2] ,[4, 3, 1, 5, 2]
            ,[2, 3, 4, 1, 5] ,[2, 4, 3, 1, 5]
            ,[3, 2, 4, 1, 5] ,[4, 2, 3, 1, 5]
            ,[3, 4, 2, 1, 5] ,[4, 3, 2, 1, 5]
           ]:
Points:=[[3, 31],[6, 31],[8, 30],[10, 29],[12, 28],[14, 27],[17, 26]
       ,[18, 25],[20, 23],[22, 22],[24, 20],[25, 18],[26, 16],[28, 14]
       ,[29, 12],[29, 10],[30, 7],[31, 5],[31, 3],[31, 0],[31, -2]
       ,[31, -4],[30, -7],[30, -9],[29, -11],[28, -13],[27, -16],[26, -18]
       ,[24, -19],[23, -21],[21, -23],[19, -24],[17, -26],[15, -27],[13, -28]
       ,[11, -29],[9, -30],[6, -30],[4, -31],[2, -31] ]:
PointSelection := "QuasiUniformPointsAss(40,31)":
Machine := "rcf1537-10":
##############################################################################
Instance:=15000:
PreTime:=  10585.43:
GroebnerTime:= 660344.61:
RealTime:=  19551.72:
Table:=[[4,3041,4978,6978]
       ,[0,3979,8267,2755]
       ,[90,1320,8691,4900]
       ,[0,644,5256,9101]
       ,[414,2491,6826,5270]
       ,[0,1758,5271,7972]
       ,[78,1594,4646,8683]
       ,[0,1957,5909,7135]
       ,[63,1320,9001,4617]
       ,[0,1127,7000,6874]
       ,[169,2281,3772,8779]
       ,[0,994,7872,6135]
       ,[0,1686,6627,6688]
       ,[0,125,7284,7592]
       ,[0,181,7736,7084]
       ,[0,3184,5355,6462]
       ,[114,2550,6063,6274]
       ,[0,3470,5467,6064]
       ,[1,1091,6346,7563]
       ,[0,561,8319,6121]
       ,[67,985,7599,6350]
       ,[0,2944,6715,5342]
       ,[0,2330,8863,3808]
       ,[0,2120,7002,5879]
       ,[0,9,9869,5123]
       ,[0,142,7395,7464]
       ,[655,3547,6441,4358]
       ,[10,887,8120,5984]
       ,[760,3816,7231,3194]
       ,[60,1707,6700,6534]
       ,[538,3549,6512,4402]
       ,[780,3859,7431,2931]
       ,[172,3228,7969,3632]
       ,[0,3882,8036,3083]
       ,[4,5604,6546,2847]
       ,[952,4608,6870,2571]
       ,[232,2611,8431,3727]
       ,[0,3214,7083,4704]
       ,[0,2036,10609,2356]
       ,[0,2618,6323,6060]
       ,[1,2312,9725,2963]
       ,[6,1513,8170,5312]
       ,[3,1584,10105,3309]
       ,[35,1285,10122,3559]
       ,[0,2467,8919,3615]
       ,[0,633,6600,7768]
       ,[1323,6386,5835,1457]
       ,[258,5026,6476,3241]
       ,[1014,5902,5680,2405]
       ,[0,6064,6497,2440]
       ,[3545,5847,3960,1649]
       ,[970,9311,3597,1123]
       ,[821,4030,6683,3467]
       ,[516,5992,5480,3013]
       ,[13,2586,6474,5928]
       ,[0,2398,7898,4705]
       ,[1469,4736,6741,2055]
       ,[0,1927,7742,5332]
       ,[2133,3562,5609,3697]
       ,[0,4054,8035,2912]]:
CoefficientHeight:=   84.3:
