##############################################################################
#
#  Data for the enumerative problem
#  A21564 W2 A2135 A1325 A13246  = 6 on rcf1422-3
#
##############################################################################
FlagVariety:=[1, 2, 4, 5, 6]:
Label := "A21564 W2 A2135 A1325 A13246 ":
EnumerativeProblem:=[ [2, 1, 5, 6, 4, 3] ,[1, 4, 2, 3, 5, 6]
                     ,[2, 1, 3, 5, 4, 6] ,[1, 3, 2, 5, 4, 6]
                     ,[1, 3, 2, 4, 6, 5]]:
NumberOfSolutions := 6:
Necklaces:=[ [1, 2, 3, 4] ,[1, 2, 4, 3]
            ,[1, 3, 2, 4] ,[1, 4, 2, 3]
            ,[1, 3, 4, 2] ,[1, 4, 3, 2]
            ,[2, 1, 3, 4] ,[2, 1, 4, 3]
            ,[3, 1, 2, 4] ,[3, 1, 4, 2]
            ,[2, 3, 1, 4] ,[3, 2, 1, 4]
           ]:
Points:=[[3, 23],[5, 22],[8, 22],[10, 21],[12, 20],[14, 18],[16, 17]
       ,[17, 15],[19, 13],[20, 12],[21, 9],[22, 7],[22, 5],[23, 3]
       ,[23, 0],[23, -2],[23, -4],[22, -7],[21, -9],[20, -11],[19, -13]
       ,[18, -15],[16, -16],[14, -18],[12, -19],[10, -20],[8, -21],[6, -22]
       ,[4, -23],[2, -23] ]:
PointSelection := "QuasiUniformPointsAss(30,23)":
Machine := "rcf1422-3":
##############################################################################
Instance:=15000:
PreTime:=   3693.50:
GroebnerTime:=  13059.65:
RealTime:=   3004.31:
Table:=[[0,194,8555,6252]
       ,[2498,2756,4615,5132]
       ,[0,300,7206,7495]
       ,[37,3613,5787,5564]
       ,[1105,2847,7810,3239]
       ,[1213,2488,6082,5218]
       ,[0,486,9380,5135]
       ,[0,3728,5582,5691]
       ,[0,0,8160,6841]
       ,[0,2352,5072,7577]
       ,[0,3415,6546,5040]
       ,[0,387,9444,5170]]:
CoefficientHeight:=   41.5:
