##############################################################################
#
#  Data for the enumerative problem
#  A3215 Z11 A2135 Y11 A13246e2  = 6 on Witherlin
#
##############################################################################
FlagVariety:=[1, 2, 4, 5, 6]:
Label := "A3215 Z11 A2135 Y11 A13246e2 ":
EnumerativeProblem:=[ [3, 2, 1, 5, 4, 6] ,[1, 2, 3, 5, 6, 4]
                     ,[2, 1, 3, 5, 4, 6] ,[1, 2, 4, 5, 3, 6]
                     ,[1, 3, 2, 4, 6, 5] ,[1, 3, 2, 4, 6, 5]
                    ]:
NumberOfSolutions := 6:
Necklaces:=[ [1, 2, 3, 4, 5] ,[1, 2, 4, 3, 5]
            ,[1, 2, 5, 3, 4] ,[1, 3, 2, 4, 5]
            ,[1, 4, 2, 3, 5] ,[1, 5, 2, 3, 4]
            ,[1, 3, 4, 2, 5] ,[1, 3, 5, 2, 4]
            ,[1, 4, 3, 2, 5] ,[1, 5, 3, 2, 4]
            ,[1, 4, 5, 2, 3] ,[1, 5, 4, 2, 3]
            ,[2, 1, 3, 4, 5] ,[2, 1, 4, 3, 5]
            ,[2, 1, 5, 3, 4] ,[3, 1, 2, 4, 5]
            ,[4, 1, 2, 3, 5] ,[3, 1, 4, 2, 5]
            ,[3, 1, 5, 2, 4] ,[4, 1, 3, 2, 5]
            ,[4, 1, 5, 2, 3] ,[2, 3, 1, 4, 5]
            ,[2, 4, 1, 3, 5] ,[3, 2, 1, 4, 5]
            ,[4, 2, 1, 3, 5] ,[3, 4, 1, 2, 5]
            ,[4, 3, 1, 2, 5] ,[2, 3, 4, 1, 5]
            ,[2, 4, 3, 1, 5] ,[3, 2, 4, 1, 5]
           ]:
Points:=[[4, 41],[7, 40],[10, 40],[13, 39],[16, 38],[19, 36],[22, 35]
       ,[24, 33],[27, 31],[29, 29],[31, 26],[33, 24],[35, 21],[37, 19]
       ,[38, 16],[39, 13],[40, 10],[40, 7],[41, 4],[41, 1],[41, -3]
       ,[41, -6],[40, -9],[39, -12],[38, -15],[37, -18],[36, -21],[34, -23]
       ,[32, -26],[30, -28],[28, -30],[25, -32],[23, -34],[20, -36],[17, -37]
       ,[14, -38],[11, -39],[8, -40],[5, -41],[2, -41] ]:
PointSelection := "QuasiUniformPointsAss(40,41)":
Machine := "Witherlin":
##############################################################################
Instance:=15000:
PreTime:=  12970.32:
GroebnerTime:= 224477.76:
RealTime:=  10800.12:
Table:=[[0,609,8162,6229]
       ,[164,3023,8979,2834]
       ,[17,2438,8901,3644]
       ,[1072,3600,5042,5286]
       ,[232,3713,8685,2370]
       ,[253,3446,8241,3060]
       ,[0,357,7287,7356]
       ,[86,2494,8976,3444]
       ,[0,2393,6972,5635]
       ,[48,7236,6618,1098]
       ,[13,753,3245,10989]
       ,[5,1018,7834,6143]
       ,[632,5106,5889,3373]
       ,[114,1769,9596,3521]
       ,[0,1800,7467,5733]
       ,[413,4322,6300,3965]
       ,[0,3061,5844,6095]
       ,[0,3308,7089,4603]
       ,[0,1213,5783,8004]
       ,[0,4541,6630,3829]
       ,[156,1746,3838,9260]
       ,[441,4423,6484,3652]
       ,[17,1955,8599,4429]
       ,[51,2540,5438,6971]
       ,[0,542,3311,11147]
       ,[1,1237,8021,5741]
       ,[1,1448,9956,3595]
       ,[0,283,6348,8369]
       ,[0,1880,7567,5553]
       ,[16,2595,7383,5006]]:
CoefficientHeight:=  101.1:
