##############################################################################
#
#  Data for the enumerative problem
#  A1426 Z11 A2135 A1325e2 W11  = 7 on rcf1422-3
#
##############################################################################
FlagVariety:=[1, 2, 4, 5, 6]:
Label := "A1426 Z11 A2135 A1325e2 W11 ":
EnumerativeProblem:=[ [1, 4, 2, 6, 3, 5] ,[1, 2, 3, 5, 6, 4]
                     ,[2, 1, 3, 5, 4, 6] ,[1, 3, 2, 5, 4, 6]
                     ,[1, 3, 2, 5, 4, 6] ,[2, 3, 1, 4, 5, 6]
                    ]:
NumberOfSolutions := 7:
Necklaces:=[ [1, 2, 3, 4, 5] ,[1, 2, 3, 5, 4]
            ,[1, 2, 4, 5, 3] ,[1, 3, 2, 4, 5]
            ,[1, 3, 2, 5, 4] ,[1, 4, 2, 3, 5]
            ,[1, 5, 2, 3, 4] ,[1, 4, 2, 5, 3]
            ,[1, 5, 2, 4, 3] ,[1, 3, 4, 5, 2]
            ,[1, 4, 3, 5, 2] ,[1, 5, 3, 4, 2]
            ,[2, 1, 3, 4, 5] ,[2, 1, 3, 5, 4]
            ,[2, 1, 4, 5, 3] ,[3, 1, 2, 4, 5]
            ,[3, 1, 2, 5, 4] ,[4, 1, 2, 3, 5]
            ,[4, 1, 2, 5, 3] ,[3, 1, 4, 5, 2]
            ,[4, 1, 3, 5, 2] ,[2, 3, 1, 4, 5]
            ,[2, 3, 1, 5, 4] ,[2, 4, 1, 3, 5]
            ,[2, 4, 1, 5, 3] ,[3, 2, 1, 4, 5]
            ,[3, 2, 1, 5, 4] ,[4, 2, 1, 3, 5]
            ,[3, 4, 1, 2, 5] ,[4, 3, 1, 2, 5]
           ]:
Points:=[[3, 31],[6, 31],[8, 30],[10, 29],[12, 28],[14, 27],[17, 26]
       ,[18, 25],[20, 23],[22, 22],[24, 20],[25, 18],[26, 16],[28, 14]
       ,[29, 12],[29, 10],[30, 7],[31, 5],[31, 3],[31, 0],[31, -2]
       ,[31, -4],[30, -7],[30, -9],[29, -11],[28, -13],[27, -16],[26, -18]
       ,[24, -19],[23, -21],[21, -23],[19, -24],[17, -26],[15, -27],[13, -28]
       ,[11, -29],[9, -30],[6, -30],[4, -31],[2, -31] ]:
PointSelection := "QuasiUniformPointsAss(40,31)":
Machine := "rcf1422-3":
##############################################################################
Instance:=10000:
PreTime:=   5937.49:
GroebnerTime:= 152633.30:
RealTime:=   6437.80:
Table:=[[3864,2845,2935,356]
       ,[0,3719,2721,3560]
       ,[0,3826,2031,4143]
       ,[366,2823,4200,2611]
       ,[26,1270,5713,2991]
       ,[163,874,6197,2766]
       ,[804,4256,3548,1392]
       ,[0,271,7048,2681]
       ,[0,0,696,9304]
       ,[36,1535,5627,2802]
       ,[330,1103,5121,3446]
       ,[1053,3918,3791,1238]
       ,[3864,2845,2935,356]
       ,[0,3719,2721,3560]
       ,[0,3826,2031,4143]
       ,[366,2823,4200,2611]
       ,[26,1270,5713,2991]
       ,[163,874,6197,2766]
       ,[0,271,7048,2681]
       ,[36,1535,5627,2802]
       ,[330,1103,5121,3446]
       ,[0,2486,4577,2937]
       ,[0,1046,5492,3462]
       ,[0,966,4727,4307]
       ,[0,279,7359,2362]
       ,[0,2486,4577,2937]
       ,[0,1046,5492,3462]
       ,[0,966,4727,4307]
       ,[0,702,5513,3785]
       ,[0,702,5513,3785]]:
CoefficientHeight:=   73.3:
