##############################################################################
#
#  Data for the enumerative problem
#  A2415 W2 Z11 A2135e2 Y11  = 6 on Witherlin
#
##############################################################################
FlagVariety:=[1, 2, 4, 5, 6]:
Label := "A2415 W2 Z11 A2135e2 Y11 ":
EnumerativeProblem:=[ [2, 4, 1, 5, 3, 6] ,[1, 4, 2, 3, 5, 6]
                     ,[1, 2, 3, 5, 6, 4] ,[2, 1, 3, 5, 4, 6]
                     ,[2, 1, 3, 5, 4, 6] ,[1, 2, 4, 5, 3, 6]
                    ]:
NumberOfSolutions := 6:
Necklaces:=[ [1, 2, 3, 4, 5] ,[1, 2, 3, 5, 4]
            ,[1, 2, 4, 5, 3] ,[1, 3, 2, 4, 5]
            ,[1, 3, 2, 5, 4] ,[1, 4, 2, 3, 5]
            ,[1, 5, 2, 3, 4] ,[1, 4, 2, 5, 3]
            ,[1, 5, 2, 4, 3] ,[1, 3, 4, 5, 2]
            ,[1, 4, 3, 5, 2] ,[1, 5, 3, 4, 2]
            ,[2, 1, 3, 4, 5] ,[2, 1, 3, 5, 4]
            ,[2, 1, 4, 5, 3] ,[3, 1, 2, 4, 5]
            ,[3, 1, 2, 5, 4] ,[4, 1, 2, 3, 5]
            ,[4, 1, 2, 5, 3] ,[3, 1, 4, 5, 2]
            ,[4, 1, 3, 5, 2] ,[2, 3, 1, 4, 5]
            ,[2, 3, 1, 5, 4] ,[2, 4, 1, 3, 5]
            ,[2, 4, 1, 5, 3] ,[3, 2, 1, 4, 5]
            ,[3, 2, 1, 5, 4] ,[4, 2, 1, 3, 5]
            ,[3, 4, 1, 2, 5] ,[4, 3, 1, 2, 5]
           ]:
Points:=[[3, 23],[5, 22],[8, 22],[10, 21],[12, 20],[14, 18],[16, 17]
       ,[17, 15],[19, 13],[20, 12],[21, 9],[22, 7],[22, 5],[23, 3]
       ,[23, 0],[23, -2],[23, -4],[22, -7],[21, -9],[20, -11],[19, -13]
       ,[18, -15],[16, -16],[14, -18],[12, -19],[10, -20],[8, -21],[6, -22]
       ,[4, -23],[2, -23] ]:
PointSelection := "QuasiUniformPointsAss(30,23)":
Machine := "Witherlin":
##############################################################################
Instance:=15000:
PreTime:=  12900.37:
GroebnerTime:= 243438.78:
RealTime:=   8481.24:
Table:=[[0,0,0,15000]
       ,[0,0,0,15000]
       ,[0,0,0,15000]
       ,[0,0,0,15000]
       ,[0,0,0,15000]
       ,[0,0,0,15000]
       ,[0,0,0,15000]
       ,[0,0,0,15000]
       ,[0,0,0,15000]
       ,[0,0,0,15000]
       ,[0,0,0,15000]
       ,[0,0,0,15000]
       ,[0,3088,3702,8210]
       ,[0,2689,3607,8704]
       ,[0,2612,3731,8657]
       ,[0,634,8077,6289]
       ,[0,470,7674,6856]
       ,[0,2579,3526,8895]
       ,[0,2586,3935,8479]
       ,[0,527,7616,6857]
       ,[0,2789,3701,8510]
       ,[0,3088,3702,8210]
       ,[0,2689,3607,8704]
       ,[0,3088,3702,8210]
       ,[0,2612,3731,8657]
       ,[0,634,8077,6289]
       ,[0,470,7674,6856]
       ,[0,2579,3526,8895]
       ,[0,634,8077,6289]
       ,[0,2579,3526,8895]]:
CoefficientHeight:=   25.8:
