##############################################################################
#
#  Data for the enumerative problem
#  A4136 A2135 A1325 A13246e2  = 7 on Schubert
#
##############################################################################
FlagVariety:=[1, 2, 4, 5, 6]:
Label := "A4136 A2135 A1325 A13246e2 ":
EnumerativeProblem:=[ [4, 1, 3, 6, 2, 5] ,[2, 1, 3, 5, 4, 6]
                     ,[1, 3, 2, 5, 4, 6] ,[1, 3, 2, 4, 6, 5]
                     ,[1, 3, 2, 4, 6, 5]]:
NumberOfSolutions := 7:
Necklaces:=[ [1, 2, 3, 4] ,[1, 3, 2, 4]
            ,[1, 4, 2, 3] ,[2, 1, 3, 4]
            ,[3, 1, 2, 4] ,[2, 3, 1, 4]
           ]:
Points:=[[3, 23],[5, 22],[8, 22],[10, 21],[12, 20],[14, 18],[16, 17]
       ,[17, 15],[19, 13],[20, 12],[21, 9],[22, 7],[22, 5],[23, 3]
       ,[23, 0],[23, -2],[23, -4],[22, -7],[21, -9],[20, -11],[19, -13]
       ,[18, -15],[16, -16],[14, -18],[12, -19],[10, -20],[8, -21],[6, -22]
       ,[4, -23],[2, -23] ]:
PointSelection := "QuasiUniformPointsAss(30,23)":
Machine := "Schubert":
##############################################################################
Instance:=25000:
PreTime:=   9067.25:
GroebnerTime:=  26861.45:
RealTime:=   5473.39:
Table:=[ [0, 2760, 11575, 10665]
        ,[0, 2729, 10772, 11499]
        ,[0, 0, 14157, 10843]
        ,[257, 10589, 11789, 2365]
        ,[1432, 6653, 11275, 5640]
        ,[5077, 7960, 7747, 4216]]:
CoefficientHeight:=   51.5:
