##############################################################################
#
#  Data for the enumerative problem
#  A4316 Y^2 V Z^2 W^2 = 4 on Schubert
#
##############################################################################
FlagVariety:=[1, 2, 4, 5, 6]:
Label := "A4316 Y^2 V Z^2 W^2":
EnumerativeProblem:=[ [4, 3, 1, 6, 2, 5] ,[2, 1, 3, 4, 5, 6]
                     ,[1, 3, 2, 4, 5, 6] ,[1, 3, 2, 4, 5, 6]
                     ,[1, 2, 3, 5, 4, 6] ,[1, 2, 3, 5, 4, 6]
                     ,[1, 2, 3, 4, 6, 5] ,[1, 2, 3, 4, 6, 5]
                    ]:
NumberOfSolutions := 4:
Necklaces:=[ [1, 2, 3, 4, 5, 6, 7] ,[1, 4, 5, 6, 7, 2, 3]
            ,[1, 6, 7, 2, 3, 4, 5] ,[1, 4, 5, 2, 3, 6, 7]
            ,[1, 6, 7, 4, 5, 2, 3] ,[1, 2, 3, 6, 7, 4, 5]
            ,[2, 3, 1, 4, 5, 6, 7] ,[2, 3, 1, 6, 7, 4, 5]
            ,[2, 3, 4, 5, 1, 6, 7] ,[2, 3, 6, 7, 1, 4, 5]
            ,[4, 5, 1, 2, 3, 6, 7] ,[4, 5, 2, 3, 1, 6, 7]
           ]:
Points:=[[4, 32],[7, 31],[11, 30],[14, 29],[16, 27],[19, 26],[22, 24]
       ,[24, 21],[26, 19],[28, 16],[29, 13],[30, 10],[31, 7],[32, 4]
       ,[32, 1],[32, -3],[31, -6],[31, -9],[30, -12],[28, -15],[27, -18]
       ,[25, -20],[22, -23],[20, -25],[17, -27],[15, -28],[12, -30],[9, -31]
       ,[5, -32],[2, -32] ]:
PointSelection := "QuasiUniformPointsAss(30,32)":
Machine := "Schubert":
##############################################################################
Instance:=25000:
PreTime:=   9418.24:
GroebnerTime:=   6609.87:
RealTime:=   5654.73:
Table:=[[0,0,25000]
       ,[0,3218,21782]
       ,[3674,2664,18662]
       ,[0,1067,23933]
       ,[2755,2234,20011]
       ,[0,0,25000]
       ,[4567,6630,13803]
       ,[5336,6233,13431]
       ,[0,3774,21226]
       ,[0,8689,16311]
       ,[677,6221,18102]
       ,[2880,9607,12513]]:
CoefficientHeight:=   30.3:
