##############################################################################
#
#  Data for the enumerative problem
#  Ve2 We2W21 Ye2Y21 Ze2 = 12 on Schubert
#
##############################################################################
FlagVariety:=[1, 2, 4, 5, 6]:
Label := "Ve2 We2W21 Ye2Y21 Ze2":
EnumerativeProblem:=[ [2, 4, 1, 3, 5, 6] ,[1, 3, 2, 4, 5, 6]
                     ,[1, 3, 2, 4, 5, 6] ,[1, 2, 3, 5, 4, 6]
                     ,[1, 2, 3, 5, 4, 6] ,[1, 2, 4, 6, 3, 5]
                     ,[1, 2, 3, 4, 6, 5] ,[1, 2, 3, 4, 6, 5]
                     ,[2, 1, 3, 4, 5, 6] ,[2, 1, 3, 4, 5, 6]
                    ]:
NumberOfSolutions := 12:
Necklaces:=[ [1, 2, 3, 4, 5, 6, 7, 8, 9] ,[1, 2, 3, 4, 5, 8, 9, 6, 7]
            ,[1, 2, 6, 7, 8, 9, 3, 4, 5] ,[1, 2, 6, 7, 3, 4, 5, 8, 9]
            ,[1, 2, 8, 9, 3, 4, 5, 6, 7] ,[1, 2, 8, 9, 6, 7, 3, 4, 5]
           ]:
Points:=[[4, 32],[7, 31],[11, 30],[14, 29],[16, 27],[19, 26],[22, 24]
       ,[24, 21],[26, 19],[28, 16],[29, 13],[30, 10],[31, 7],[32, 4]
       ,[32, 1],[32, -3],[31, -6],[31, -9],[30, -12],[28, -15],[27, -18]
       ,[25, -20],[22, -23],[20, -25],[17, -27],[15, -28],[12, -30],[9, -31]
       ,[5, -32],[2, -32] ]:
PointSelection := "QuasiUniformPointsAss(30,32)":
Machine := "Schubert":
##############################################################################
Instance:=2500:
PreTime:=   1777.43:
GroebnerTime:= 586342.97:
RealTime:=   2545.03:
Table:=[[0,0,0,0,0,0,2500]
       ,[0,75,414,577,674,465,295]
       ,[0,0,249,461,809,539,442]
       ,[0,0,0,0,0,0,2500]
       ,[0,0,49,481,828,742,400]
       ,[0,129,286,476,628,439,542]]:
CoefficientHeight:=  179.8:
