##############################################################################
#
#  Data for the enumerative problem
#  Ve2 We2W3 YY111 ZZ2 = 5 on Noether
#
##############################################################################
FlagVariety:=[1, 2, 4, 5, 6]:
Label := "Ve2 We2W3 YY111 ZZ2":
EnumerativeProblem:=[ [1, 5, 2, 3, 4, 6] ,[1, 3, 2, 4, 5, 6]
                     ,[1, 3, 2, 4, 5, 6] ,[1, 3, 4, 5, 2, 6]
                     ,[1, 2, 3, 5, 4, 6] ,[1, 2, 3, 4, 6, 5]
                     ,[1, 2, 3, 5, 6, 4] ,[2, 1, 3, 4, 5, 6]
                     ,[2, 1, 3, 4, 5, 6]]:
NumberOfSolutions := 5:
Necklaces:=[ [1, 2, 3, 4, 5, 6, 7, 8] ,[1, 2, 3, 4, 7, 8, 5, 6]
            ,[1, 2, 5, 6, 7, 8, 3, 4] ,[1, 2, 5, 6, 3, 4, 7, 8]
            ,[1, 2, 7, 8, 3, 4, 5, 6] ,[1, 2, 7, 8, 5, 6, 3, 4]
           ]:
Points:=[[4, 32],[7, 31],[11, 30],[14, 29],[16, 27],[19, 26],[22, 24]
       ,[24, 21],[26, 19],[28, 16],[29, 13],[30, 10],[31, 7],[32, 4]
       ,[32, 1],[32, -3],[31, -6],[31, -9],[30, -12],[28, -15],[27, -18]
       ,[25, -20],[22, -23],[20, -25],[17, -27],[15, -28],[12, -30],[9, -31]
       ,[5, -32],[2, -32] ]:
PointSelection := "QuasiUniformPointsAss(30,32)":
Machine := "Noether":
##############################################################################
Instance:=15000:
PreTime:=  15401.34:
GroebnerTime:= 115801.12:
RealTime:=   2130.37:
Table:=[[0,0,15000]
       ,[123,1729,13148]
       ,[0,0,15000]
       ,[0,0,15000]
       ,[49,9624,5327]
       ,[0,0,15000]]:
CoefficientHeight:=  111.4:
