##############################################################################
#
#  Data for the enumerative problem
#  Ve2 WW22 YY22 Ze2 = 2 on Rota
#
##############################################################################
FlagVariety:=[1, 2, 4, 5, 6]:
Label := "Ve2 WW22 YY22 Ze2":
EnumerativeProblem:=[ [3, 4, 1, 2, 5, 6] ,[1, 3, 2, 4, 5, 6]
                     ,[2, 1, 3, 4, 5, 6] ,[2, 1, 3, 4, 5, 6]
                     ,[1, 2, 3, 5, 4, 6] ,[1, 2, 5, 6, 3, 4]
                     ,[1, 2, 3, 4, 6, 5] ,[1, 2, 3, 4, 6, 5]
                    ]:
NumberOfSolutions := 2:
Necklaces:=[ [1, 2, 3, 4, 5, 6, 7] ,[1, 4, 5, 6, 7, 2, 3]
            ,[1, 6, 7, 2, 3, 4, 5]]:
Points:=[[8, 60],[14, 59],[20, 58],[26, 55],[31, 52],[37, 49],[41, 45]
       ,[46, 41],[49, 36],[53, 31],[56, 25],[58, 19],[60, 13],[61, 7]
       ,[61, 1],[61, -5],[60, -11],[59, -17],[56, -23],[54, -29],[51, -34]
       ,[47, -39],[43, -43],[38, -48],[33, -51],[28, -54],[22, -57],[16, -59]
       ,[10, -60],[4, -61] ]:
PointSelection := "QuasiUniformPointsAss(30,61)":
Machine := "Rota":
##############################################################################
Instance:=2000:
PreTime:=   3207.54:
GroebnerTime:=    388.16:
RealTime:=   1208.96:
Table:=[[0,2000]
       ,[759,1241]
       ,[0,2000]]:
CoefficientHeight:=   37.2:
