##############################################################################
#
#  Data for the enumerative problem
#  Ve2 We2W3 Y111Ye2 Ze2 = 6 on Rcf1422-1
#
##############################################################################
FlagVariety:=[1, 2, 4, 5, 6]:
Label := "Ve2 We2W3 Y111Ye2 Ze2":
EnumerativeProblem:=[ [1, 5, 2, 3, 4, 6] ,[1, 3, 2, 4, 5, 6]
                     ,[1, 3, 2, 4, 5, 6] ,[1, 3, 4, 5, 2, 6]
                     ,[1, 2, 3, 5, 4, 6] ,[1, 2, 3, 5, 4, 6]
                     ,[1, 2, 3, 4, 6, 5] ,[1, 2, 3, 4, 6, 5]
                     ,[2, 1, 3, 4, 5, 6] ,[2, 1, 3, 4, 5, 6]
                    ]:
NumberOfSolutions := 6:
Necklaces:=[ [1, 2, 3, 4, 5, 6, 7, 8, 9] ,[1, 2, 3, 4, 5, 8, 9, 6, 7]
            ,[1, 2, 6, 7, 3, 4, 5, 8, 9] ,[1, 2, 6, 7, 8, 9, 3, 4, 5]
            ,[1, 2, 8, 9, 6, 7, 3, 4, 5] ,[1, 2, 8, 9, 3, 4, 5, 6, 7]
           ]:
Points:=[[4, 32],[7, 31],[11, 30],[14, 29],[16, 27],[19, 26],[22, 24]
       ,[24, 21],[26, 19],[28, 16],[29, 13],[30, 10],[31, 7],[32, 4]
       ,[32, 1],[32, -3],[31, -6],[31, -9],[30, -12],[28, -15],[27, -18]
       ,[25, -20],[22, -23],[20, -25],[17, -27],[15, -28],[12, -30],[9, -31]
       ,[5, -32],[2, -32] ]:
PointSelection := "QuasiUniformPointsAss(30,32)":
Machine := "Rcf1422-1":
##############################################################################
Instance:=10000:
PreTime:=  16710.51:
GroebnerTime:= 389571.35:
RealTime:=   2978.33:
Table:=[[0,0,0,10000]
       ,[0,19,6723,3258]
       ,[0,0,0,10000]
       ,[0,1,5463,4536]
       ,[0,49,2396,7555]
       ,[0,840,4237,4923]]:
CoefficientHeight:=  146.5:
