##############################################################################
#
#  Data for the enumerative problem
#  VV2 WW21 YY111 ZZ11 = 4 on Praxis
#
##############################################################################
FlagVariety:=[1, 2, 4, 5, 6]:
Label := "VV2 WW21 YY111 ZZ11":
EnumerativeProblem:=[ [2, 4, 1, 3, 5, 6] ,[1, 3, 2, 4, 5, 6]
                     ,[3, 1, 2, 4, 5, 6] ,[2, 1, 3, 4, 5, 6]
                     ,[1, 2, 3, 5, 4, 6] ,[1, 3, 4, 5, 2, 6]
                     ,[1, 2, 3, 4, 6, 5] ,[1, 2, 3, 5, 6, 4]
                    ]:
NumberOfSolutions := 4:
Necklaces:=[ [1, 2, 3, 4, 5, 6, 7] ,[1, 4, 5, 6, 7, 2, 3]
            ,[1, 6, 7, 2, 3, 4, 5]]:
Points:=[[4, 32],[7, 31],[11, 30],[14, 29],[16, 27],[19, 26],[22, 24]
       ,[24, 21],[26, 19],[28, 16],[29, 13],[30, 10],[31, 7],[32, 4]
       ,[32, 1],[32, -3],[31, -6],[31, -9],[30, -12],[28, -15],[27, -18]
       ,[25, -20],[22, -23],[20, -25],[17, -27],[15, -28],[12, -30],[9, -31]
       ,[5, -32],[2, -32] ]:
PointSelection := "QuasiUniformPointsAss(30,32)":
Machine := "Praxis":
##############################################################################
Instance:=5000:
PreTime:=   5264.23:
GroebnerTime:=   3797.66:
RealTime:=    307.90:
Table:=[[0,0,5000]
       ,[0,1342,3658]
       ,[0,0,5000]]:
CoefficientHeight:=   39.8:
