##############################################################################
#
#  Data for the enumerative problem
#  Ve2 We2W3 Y11e2 Ze2 = 10 on rcf1422-2
#
##############################################################################
FlagVariety:=[1, 2, 4, 5, 6]:
Label := "Ve2 We2W3 Y11e2 Ze2":
EnumerativeProblem:=[ [1, 4, 2, 3, 5, 6] ,[1, 3, 2, 4, 5, 6]
                     ,[1, 3, 2, 4, 5, 6] ,[1, 2, 4, 5, 3, 6]
                     ,[1, 2, 4, 5, 3, 6] ,[1, 2, 3, 4, 6, 5]
                     ,[1, 2, 3, 5, 6, 4] ,[2, 1, 3, 4, 5, 6]
                     ,[3, 1, 2, 4, 5, 6]]:
NumberOfSolutions := 10:
Necklaces:=[ [1, 2, 3, 4, 5, 6, 7, 8] ,[1, 2, 5, 6, 7, 8, 3, 4]
            ,[1, 2, 7, 8, 3, 4, 5, 6]]:
Points:=[[4, 32],[7, 31],[11, 30],[14, 29],[16, 27],[19, 26],[22, 24]
       ,[24, 21],[26, 19],[28, 16],[29, 13],[30, 10],[31, 7],[32, 4]
       ,[32, 1],[32, -3],[31, -6],[31, -9],[30, -12],[28, -15],[27, -18]
       ,[25, -20],[22, -23],[20, -25],[17, -27],[15, -28],[12, -30],[9, -31]
       ,[5, -32],[2, -32] ]:
PointSelection := "QuasiUniformPointsAss(30,32)":
Machine := "rcf1422-2":
##############################################################################
Instance:=1000:
PreTime:=   1397.50:
GroebnerTime:= 683600.21:
RealTime:=    445.22:
Table:=[[0,0,0,0,0,1000]
       ,[0,0,0,0,0,1000]
       ,[0,18,174,322,257,229]]:
CoefficientHeight:=  216.9:
