# G48_2^8.0c = 126
 0 0 0 0 0 0 0 0 0 0 0 0 0 0 0 0 0 0 0 0 0 0 0 0 0 0 0 0 0 0 0 0 0 0 0 0 0 0 0 0 0 0 0 0 0 0 0 0 0 0 0 0 0 0 0 0 0 0 0 0 0 0 0 0 0 0 0 0 0 0 0 0 0 0 0 0 0 0 0 0 0 0 0 0 0 0 0 0 0 0 0 0 0 0 0 0 0 0 0 0 0 0 0 0 0 0 0 0 0 0 0 0 0 0 0 0 0 0 0 0 0 0 0 0 0 1000
# G48_2^8.1c = 126
 0 0 0 0 0 6 0 3 0 7 0 58 0 439 0 602 0 391 0 1341 0 1302 0 1252 0 2083 0 1956 0 2968 0 2294 0 2542 0 1979 0 1673 0 1291 0 2201 0 991 0 3708 0 876 0 641 0 587 0 474 0 454 0 506 0 689 0 609 0 1485 0 474 0 435 0 736 0 154 0 297 0 511 0 180 0 267 0 243 0 152 0 115 0 203 0 107 0 70 0 294 0 65 0 56 0 129 0 50 0 51 0 70 0 43 0 39 0 33 0 94 0 37 0 33 0 123 0 52 0 45 0 1434
# G48_2^8.2c = 126
 0 0 0 0 0 0 0 0 0 2614 0 3771 0 2497 0 1512 0 3285 0 1579 0 1378 0 1074 0 974 0 567 0 848 0 523 0 650 0 338 0 268 0 235 0 377 0 183 0 239 0 105 0 89 0 72 0 74 0 83 0 64 0 69 0 55 0 64 0 46 0 41 0 44 0 23 0 23 0 31 0 13 0 14 0 20 0 7 0 11 0 14 0 3 0 10 0 15 0 4 0 3 0 8 0 6 0 5 0 6 0 3 0 2 0 1 0 9 0 4 0 1 0 3 0 4 0 1 0 38
# G48_2^8.3c = 126
 0 0 0 0 0 0 0 0 0 8896 0 4479 0 1667 0 1620 0 1079 0 721 0 2586 0 595 0 478 0 215 0 292 0 188 0 163 0 106 0 63 0 56 0 62 0 27 0 55 0 29 0 16 0 16 0 11 0 15 0 3 0 4 0 7 0 6 0 7 0 7 0 6 0 2 0 3 0 5 0 1 0 1 0 2 0 2 0 1 0 1 0 0 0 0 0 1 0 2 0 1 0 0 0 0 0 0 0 0 0 1 0 0 0 0 0 1 0 0 0 0 0 1 0 0 0 0 0 0
# G48_2^8.4c = 126
 0 0 0 0 0 0 0 0 0 0 0 0 0 0 0 0 0 0 0 0 0 19134 0 1585 0 606 0 287 0 361 0 158 0 123 0 32 0 35 0 28 0 40 0 28 0 20 0 7 0 4 0 12 0 2 0 8 0 1 0 6 0 2 0 4 0 1 0 1 0 1 0 1 0 2 0 3 0 2 0 1 0 1 0 0 0 1 0 0 0 0 0 0 0 0 0 0 0 0 0 0 0 1 0 0 0 1 0 0 0 0 0 0 0 0 0 0 0 0 0 0 0 0 0 0 0 1
