solve: 80.95s
cert:  4.00s

[ 0 0 0 0 0 6 0 3 0 7 0 58 0 439 0 602 0 391 0 1341 0 1302 0 1252 0 2083 0 1956 0 2968 0 2294 0 2542 0 1979 0 1673 0 1291 0 2201 0 991 0 3708 0 876 0 641 0 587 0 474 0 454 0 506 0 689 0 609 0 1485 0 474 0 435 0 736 0 154 0 297 0 511 0 180 0 267 0 243 0 152 0 115 0 203 0 107 0 70 0 294 0 65 0 56 0 129 0 50 0 51 0 70 0 43 0 39 0 33 0 94 0 37 0 33 0 123 0 52 0 45 0 1434];

2: 0
4: 0
6: 6
8: 3
10: 7
12: 58
14: 439
16: 602
18: 391
20: 1341
22: 1302
24: 1252
26: 2083
28: 1956
30: 2968
32: 2294
34: 2542
36: 1979
38: 1673
40: 1291
42: 2201
44: 991
46: 3708
48: 876
50: 641
52: 587
54: 474
56: 454
58: 506
60: 689
62: 609
64: 1485
66: 474
68: 435
70: 736
72: 154
74: 297
76: 511
78: 180
80: 267
82: 243
84: 152
86: 115
88: 203
90: 107
92: 70
94: 294
96: 65
98: 56
100: 129
102: 50
104: 51
106: 70
108: 43
110: 39
112: 33
114: 94
116: 37
118: 33
120: 123
122: 52
124: 45
126: 1434

