##############################################################################
#
#  Data for the enumerative problem
#  Y11Ye3Ze2 = 3 on Schubert
#
##############################################################################
FlagVariety:=[3, 4, 5]:
Label := "Y11Ye3Ze2":
EnumerativeProblem:=[ [1, 3, 4, 2, 5] ,[1, 2, 4, 3, 5]
                     ,[1, 2, 4, 3, 5] ,[1, 2, 4, 3, 5]
                     ,[1, 2, 3, 5, 4] ,[1, 2, 3, 5, 4]
                    ]:
NumberOfSolutions := 3:
Necklaces:=[ [1, 2, 3, 4, 5] ,[1, 2, 4, 3, 5]
            ,[1, 2, 5, 3, 4] ,[1, 3, 4, 2, 5]
            ,[1, 3, 5, 2, 4] ,[2, 3, 4, 1, 5]
           ]:
Points:=[[8, 101],[14, 100],[21, 99],[27, 97],[33, 96],[38, 93],[44, 91]
       ,[50, 88],[55, 85],[60, 81],[65, 77],[70, 73],[74, 69],[78, 64]
       ,[82, 59],[85, 54],[88, 49],[91, 43],[94, 37],[96, 32],[98, 26]
       ,[99, 20],[100, 13],[101, 7],[101, 1],[101, -5],[100, -11],[99, -18]
       ,[98, -24],[97, -30],[95, -36],[92, -41],[89, -47],[86, -52],[83, -58]
       ,[79, -63],[75, -67],[71, -72],[66, -76],[62, -80],[57, -84],[51, -87]
       ,[46, -90],[40, -93],[35, -95],[29, -97],[23, -98],[17, -100],[10, -100]
       ,[4, -101] ]:
PointSelection := "QuasiUniformPointsAss(50,101)":
Machine := "Schubert":
##############################################################################
Instance:=25000:
PreTime:=   4253.11:
GroebnerTime:=   1546.12:
RealTime:=   2334.97:
Table:=[[0,25000]
       ,[7829,17171]
       ,[0,25000]
       ,[6448,18552]
       ,[8344,16656]
       ,[1706,23294]]:
CoefficientHeight:=   20.2:
