##############################################################################
#
#  Data for the enumerative problem
#  Z11 Ye4 Z  = 3 on Schur
#
##############################################################################
FlagVariety:=[3, 4, 5]:
Label := "Z11 Ye4 Z ":
EnumerativeProblem:=[ [1, 2, 4, 5, 3] ,[1, 2, 4, 3, 5]
                     ,[1, 2, 4, 3, 5] ,[1, 2, 4, 3, 5]
                     ,[1, 2, 4, 3, 5] ,[1, 2, 3, 5, 4]
                    ]:
NumberOfSolutions := 3:
Necklaces:=[ [1, 2, 3, 4, 5] ,[1, 2, 3, 5, 4]
            ,[1, 2, 4, 5, 3]]:
Points:=[[10, 100],[18, 99],[26, 98],[33, 95],[40, 93],[47, 89],[54, 85]
       ,[60, 81],[66, 76],[72, 71],[77, 65],[82, 59],[86, 53],[90, 46]
       ,[93, 39],[96, 32],[98, 24],[100, 17],[101, 9],[101, 1],[101, -6]
       ,[100, -14],[99, -22],[97, -29],[94, -37],[91, -44],[87, -51],[83, -57]
       ,[79, -63],[74, -69],[68, -75],[62, -80],[56, -84],[49, -88],[42, -92]
       ,[35, -95],[28, -97],[20, -99],[13, -100],[5, -101] ]:
PointSelection := "QuasiUniformPointsAss(40,101)":
Machine := "Schur":
##############################################################################
Instance:=25000:
PreTime:=   1669.32:
GroebnerTime:=    325.52:
RealTime:=    860.82:
Table:=[[0,25000]
       ,[4823,20177]
       ,[11295,13705]]:
CoefficientHeight:=   21.1:
