##############################################################################
#
#  Data for the enumerative problem
#  Ye4 Ze3  = 3 on Noether
#
##############################################################################
FlagVariety:=[3, 4, 5]:
Label := "Ye4 Ze3 ":
EnumerativeProblem:=[ [1, 2, 4, 3, 5] ,[1, 2, 4, 3, 5]
                     ,[1, 2, 4, 3, 5] ,[1, 2, 4, 3, 5]
                     ,[1, 2, 3, 5, 4] ,[1, 2, 3, 5, 4]
                     ,[1, 2, 3, 5, 4]]:
NumberOfSolutions := 3:
Necklaces:=[ [1, 2, 3, 4, 5, 6] ,[1, 2, 4, 3, 5, 6]
            ,[1, 3, 4, 2, 5, 6] ,[1, 3, 5, 2, 4, 6]
           ]:
Points:=[[4, 41],[7, 40],[10, 40],[13, 39],[16, 38],[19, 36],[22, 35]
       ,[24, 33],[27, 31],[29, 29],[31, 26],[33, 24],[35, 21],[37, 19]
       ,[38, 16],[39, 13],[40, 10],[40, 7],[41, 4],[41, 1],[41, -3]
       ,[41, -6],[40, -9],[39, -12],[38, -15],[37, -18],[36, -21],[34, -23]
       ,[32, -26],[30, -28],[28, -30],[25, -32],[23, -34],[20, -36],[17, -37]
       ,[14, -38],[11, -39],[8, -40],[5, -41],[2, -41] ]:
PointSelection := "QuasiUniformPointsAss(40,41)":
Machine := "Noether":
##############################################################################
Instance:=25000:
PreTime:=   3994.89:
GroebnerTime:=   1387.65:
RealTime:=   1746.88:
Table:=[[0,25000]
       ,[4252,20748]
       ,[11276,13724]
       ,[13941,11059]]:
CoefficientHeight:=   36.9:
