##############################################################################
#
#  Data for the enumerative problem
#  Ye5 Ze2  = 5 on Praxis
#
##############################################################################
FlagVariety:=[3, 4, 5]:
Label := "Ye5 Ze2 ":
EnumerativeProblem:=[ [1, 2, 4, 3, 5] ,[1, 2, 4, 3, 5]
                     ,[1, 2, 4, 3, 5] ,[1, 2, 4, 3, 5]
                     ,[1, 2, 4, 3, 5] ,[1, 2, 3, 5, 4]
                     ,[1, 2, 3, 5, 4]]:
NumberOfSolutions := 5:
Necklaces:=[ [1, 2, 3, 4, 5, 6] ,[1, 2, 3, 5, 4, 6]
            ,[1, 2, 4, 5, 3, 6]]:
Points:=[[4, 41],[7, 40],[10, 40],[13, 39],[16, 38],[19, 36],[22, 35]
       ,[24, 33],[27, 31],[29, 29],[31, 26],[33, 24],[35, 21],[37, 19]
       ,[38, 16],[39, 13],[40, 10],[40, 7],[41, 4],[41, 1],[41, -3]
       ,[41, -6],[40, -9],[39, -12],[38, -15],[37, -18],[36, -21],[34, -23]
       ,[32, -26],[30, -28],[28, -30],[25, -32],[23, -34],[20, -36],[17, -37]
       ,[14, -38],[11, -39],[8, -40],[5, -41],[2, -41] ]:
PointSelection := "QuasiUniformPointsAss(40,41)":
Machine := "Praxis":
##############################################################################
Instance:=25000:
PreTime:=   3932.32:
GroebnerTime:=   2491.45:
RealTime:=   1825.92:
Table:=[[0,0,25000]
       ,[4877,6880,13243]
       ,[1616,12020,11364]]:
CoefficientHeight:=   43.5:
