##############################################################################
#
#  Data for the enumerative problem
#  A12546 W2e2 X2 A214 V2  = 7 on rcf1422-4
#
##############################################################################
FlagVariety:=[1, 2, 3, 5, 6]:
Label := "A12546 W2e2 X2 A214 V2 ":
EnumerativeProblem:=[ [1, 2, 5, 4, 6, 3] ,[1, 4, 2, 3, 5, 6]
                     ,[1, 4, 2, 3, 5, 6] ,[1, 2, 5, 3, 4, 6]
                     ,[2, 1, 4, 3, 5, 6] ,[3, 1, 2, 4, 5, 6]
                    ]:
NumberOfSolutions := 7:
Necklaces:=[ [1, 2, 3, 4, 5] ,[1, 2, 3, 5, 4]
            ,[1, 2, 4, 3, 5] ,[1, 2, 5, 3, 4]
            ,[1, 2, 4, 5, 3] ,[1, 2, 5, 4, 3]
            ,[1, 3, 2, 4, 5] ,[1, 3, 2, 5, 4]
            ,[1, 4, 2, 3, 5] ,[1, 5, 2, 3, 4]
            ,[1, 4, 2, 5, 3] ,[1, 5, 2, 4, 3]
            ,[1, 3, 4, 2, 5] ,[1, 3, 5, 2, 4]
            ,[1, 4, 3, 2, 5] ,[1, 5, 3, 2, 4]
            ,[1, 4, 5, 2, 3] ,[1, 3, 4, 5, 2]
            ,[1, 3, 5, 4, 2] ,[1, 4, 3, 5, 2]
            ,[1, 4, 5, 3, 2] ,[2, 3, 1, 4, 5]
            ,[2, 3, 1, 5, 4] ,[2, 4, 1, 3, 5]
            ,[2, 4, 1, 5, 3] ,[3, 4, 1, 2, 5]
            ,[3, 4, 1, 5, 2] ,[2, 3, 4, 1, 5]
            ,[2, 4, 3, 1, 5] ,[3, 4, 2, 1, 5]
           ]:
Points:=[[5, 31],[9, 30],[12, 29],[16, 27],[19, 25],[21, 22],[24, 20]
       ,[26, 17],[28, 13],[29, 10],[30, 6],[31, 2],[31, -1],[31, -5]
       ,[30, -9],[29, -12],[27, -16],[25, -19],[22, -21],[20, -24],[17, -26]
       ,[13, -28],[10, -29],[6, -30],[2, -31] ]:
PointSelection := "QuasiUniformPointsAss(25,31)":
Machine := "rcf1422-4":
##############################################################################
Instance:=15000:
PreTime:=   8932.93:
GroebnerTime:= 337810.57:
RealTime:=  12283.44:
Table:=[[48,3393,6897,4662]
       ,[45,3440,7051,4464]
       ,[0,1510,9134,4356]
       ,[0,0,4331,10669]
       ,[0,684,6846,7470]
       ,[0,0,0,15000]
       ,[0,1061,8819,5120]
       ,[0,1907,8023,5070]
       ,[165,3354,8344,3137]
       ,[0,1755,7596,5649]
       ,[190,3576,8240,2994]
       ,[0,1030,8133,5837]
       ,[7,2746,5820,6427]
       ,[0,1415,6990,6595]
       ,[71,2563,7713,4653]
       ,[27,2423,8301,4249]
       ,[0,0,8053,6947]
       ,[0,529,7898,6573]
       ,[0,1093,5817,8090]
       ,[67,2751,7662,4520]
       ,[0,0,7903,7097]
       ,[0,0,4261,10739]
       ,[0,0,0,15000]
       ,[0,1617,6556,6827]
       ,[0,1364,5635,8001]
       ,[0,3341,6842,4817]
       ,[0,3384,7012,4604]
       ,[0,1500,8895,4605]
       ,[13,2537,8509,3941]
       ,[0,542,6100,8358]]:
CoefficientHeight:=  113.2:
