##############################################################################
#
#  Data for the enumerative problem
#  Ve2 W2e2 X2e2 Z2e2 = 6 on Schubert
#
##############################################################################
FlagVariety:=[1, 2, 3, 5, 6]:
Label := "Ve2 W2e2 X2e2 Z2e2":
EnumerativeProblem:=[ [1, 4, 2, 3, 5, 6] ,[1, 4, 2, 3, 5, 6]
                     ,[1, 2, 5, 3, 4, 6] ,[1, 2, 5, 3, 4, 6]
                     ,[1, 2, 3, 5, 6, 4] ,[1, 2, 3, 5, 6, 4]
                     ,[2, 1, 3, 4, 5, 6] ,[2, 1, 3, 4, 5, 6]
                    ]:
NumberOfSolutions := 6:
Necklaces:=[ [1, 2, 3, 4, 5, 6, 7] ,[1, 2, 3, 6, 7, 4, 5]
            ,[1, 4, 5, 6, 7, 2, 3] ,[1, 4, 5, 2, 3, 6, 7]
            ,[1, 6, 7, 2, 3, 4, 5] ,[1, 6, 7, 4, 5, 2, 3]
           ]:
Points:=[[4, 32],[7, 31],[11, 30],[14, 29],[16, 27],[19, 26],[22, 24]
       ,[24, 21],[26, 19],[28, 16],[29, 13],[30, 10],[31, 7],[32, 4]
       ,[32, 1],[32, -3],[31, -6],[31, -9],[30, -12],[28, -15],[27, -18]
       ,[25, -20],[22, -23],[20, -25],[17, -27],[15, -28],[12, -30],[9, -31]
       ,[5, -32],[2, -32] ]:
PointSelection := "QuasiUniformPointsAss(30,32)":
Machine := "Schubert":
##############################################################################
Instance:=5000:
PreTime:=   3899.16:
GroebnerTime:= 852665.16:
RealTime:=   1124.95:
Table:=[[0,0,0,5000]
       ,[0,0,1596,3404]
       ,[0,0,0,5000]
       ,[0,0,0,5000]
       ,[0,0,1708,3292]
       ,[0,0,0,5000]]:
CoefficientHeight:=  116.7:
