##############################################################################
#
#  Data for the enumerative problem
#  Ve2 W2e2 Xe2X2 Z2e2 = 10 on Praxis
#
##############################################################################
FlagVariety:=[1, 2, 3, 5, 6]:
Label := "Ve2 W2e2 Xe2X2 Z2e2":
EnumerativeProblem:=[ [1, 2, 5, 3, 4, 6] ,[1, 2, 4, 3, 5, 6]
                     ,[1, 2, 4, 3, 5, 6] ,[1, 2, 3, 5, 6, 4]
                     ,[1, 2, 3, 5, 6, 4] ,[2, 1, 3, 4, 5, 6]
                     ,[2, 1, 3, 4, 5, 6] ,[1, 4, 2, 3, 5, 6]
                     ,[1, 4, 2, 3, 5, 6]]:
NumberOfSolutions := 10:
Necklaces:=[ [1, 2, 3, 4, 5, 6, 7, 8] ,[1, 2, 3, 4, 7, 8, 5, 6]
            ,[1, 2, 5, 6, 7, 8, 3, 4] ,[1, 2, 5, 6, 3, 4, 7, 8]
            ,[1, 2, 7, 8, 3, 4, 5, 6] ,[1, 2, 7, 8, 5, 6, 3, 4]
           ]:
Points:=[[4, 32],[7, 31],[11, 30],[14, 29],[16, 27],[19, 26],[22, 24]
       ,[24, 21],[26, 19],[28, 16],[29, 13],[30, 10],[31, 7],[32, 4]
       ,[32, 1],[32, -3],[31, -6],[31, -9],[30, -12],[28, -15],[27, -18]
       ,[25, -20],[22, -23],[20, -25],[17, -27],[15, -28],[12, -30],[9, -31]
       ,[5, -32],[2, -32] ]:
PointSelection := "QuasiUniformPointsAss(30,32)":
Machine := "Praxis":
##############################################################################
Instance:=5000:
PreTime:=   3697.08:
GroebnerTime:= 596225.16:
RealTime:=   3918.64:
Table:=[[0,0,0,0,0,5000]
       ,[0,0,0,0,0,5000]
       ,[0,0,0,112,2477,2411]
       ,[0,0,0,956,1416,2628]
       ,[0,0,0,0,0,5000]
       ,[0,0,0,0,0,5000]]:
CoefficientHeight:=  327.7:
