##############################################################################
#
#  Data for the enumerative problem
#  Ve2 We3 X2X21 Z2e2 = 10 on rcf1422-2
#
##############################################################################
FlagVariety:=[1, 2, 3, 5, 6]:
Label := "Ve2 We3 X2X21 Z2e2":
EnumerativeProblem:=[ [1, 3, 5, 2, 4, 6] ,[1, 2, 5, 3, 4, 6]
                     ,[1, 2, 3, 5, 6, 4] ,[1, 2, 3, 5, 6, 4]
                     ,[2, 1, 3, 4, 5, 6] ,[2, 1, 3, 4, 5, 6]
                     ,[1, 3, 2, 4, 5, 6] ,[1, 3, 2, 4, 5, 6]
                     ,[1, 3, 2, 4, 5, 6]]:
NumberOfSolutions := 10:
Necklaces:=[ [1, 2, 3, 4, 5, 6, 7, 8] ,[1, 2, 3, 6, 7, 8, 4, 5]
            ,[1, 4, 5, 6, 7, 8, 2, 3] ,[1, 4, 5, 2, 3, 6, 7, 8]
            ,[1, 6, 7, 8, 2, 3, 4, 5] ,[1, 6, 7, 8, 4, 5, 2, 3]
           ]:
Points:=[[4, 32],[7, 31],[11, 30],[14, 29],[16, 27],[19, 26],[22, 24]
       ,[24, 21],[26, 19],[28, 16],[29, 13],[30, 10],[31, 7],[32, 4]
       ,[32, 1],[32, -3],[31, -6],[31, -9],[30, -12],[28, -15],[27, -18]
       ,[25, -20],[22, -23],[20, -25],[17, -27],[15, -28],[12, -30],[9, -31]
       ,[5, -32],[2, -32] ]:
PointSelection := "QuasiUniformPointsAss(30,32)":
Machine := "rcf1422-2":
##############################################################################
Instance:=5000:
PreTime:=   5197.59:
GroebnerTime:= 258986.59:
RealTime:=   4056.06:
Table:=[[0,0,0,0,0,5000]
       ,[0,0,0,0,0,5000]
       ,[0,0,0,40,2077,2883]
       ,[0,0,0,727,1245,3028]
       ,[0,218,788,1868,1349,777]
       ,[0,8,306,1283,2620,783]]:
CoefficientHeight:=  107.7:
