##############################################################################
#
#  Data for the enumerative problem
#  Ve2 We2W2 X21X2 ZZ11 = 12 on Rota
#
##############################################################################
FlagVariety:=[1, 2, 3, 5, 6]:
Label := "Ve2 We2W2 X21X2 ZZ11":
EnumerativeProblem:=[ [1, 4, 2, 3, 5, 6] ,[1, 3, 2, 4, 5, 6]
                     ,[1, 3, 2, 4, 5, 6] ,[1, 3, 5, 2, 4, 6]
                     ,[1, 2, 5, 3, 4, 6] ,[1, 2, 3, 5, 6, 4]
                     ,[1, 2, 3, 4, 6, 5] ,[2, 1, 3, 4, 5, 6]
                     ,[2, 1, 3, 4, 5, 6]]:
NumberOfSolutions := 12:
Necklaces:=[ [1, 2, 3, 4, 5, 6, 7, 8] ,[1, 2, 5, 6, 7, 8, 3, 4]
            ,[1, 2, 7, 8, 3, 4, 5, 6]]:
Points:=[[4, 32],[7, 31],[11, 30],[14, 29],[16, 27],[19, 26],[22, 24]
       ,[24, 21],[26, 19],[28, 16],[29, 13],[30, 10],[31, 7],[32, 4]
       ,[32, 1],[32, -3],[31, -6],[31, -9],[30, -12],[28, -15],[27, -18]
       ,[25, -20],[22, -23],[20, -25],[17, -27],[15, -28],[12, -30],[9, -31]
       ,[5, -32],[2, -32] ]:
PointSelection := "QuasiUniformPointsAss(30,32)":
Machine := "Rota":
##############################################################################
Instance:=500:
PreTime:=    895.59:
GroebnerTime:=1031130.75:
RealTime:=    735.84:
Table:=[[0,0,0,0,0,0,500]
       ,[0,0,0,0,0,0,500]
       ,[0,0,5,70,201,164,60]]:
CoefficientHeight:=  250.0:
