##############################################################################
#
#  Data for the enumerative problem
#  Ve2 WW3 XX21 Z2e2 = 5 on Noether
#
##############################################################################
FlagVariety:=[1, 2, 3, 5, 6]:
Label := "Ve2 WW3 XX21 Z2e2":
EnumerativeProblem:=[ [1, 5, 2, 3, 4, 6] ,[1, 3, 2, 4, 5, 6]
                     ,[1, 3, 5, 2, 4, 6] ,[1, 2, 4, 3, 5, 6]
                     ,[1, 2, 3, 5, 6, 4] ,[1, 2, 3, 5, 6, 4]
                     ,[2, 1, 3, 4, 5, 6] ,[2, 1, 3, 4, 5, 6]
                    ]:
NumberOfSolutions := 5:
Necklaces:=[ [1, 2, 3, 4, 5, 6, 7] ,[1, 2, 3, 6, 7, 4, 5]
            ,[1, 4, 5, 6, 7, 2, 3] ,[1, 4, 5, 2, 3, 6, 7]
            ,[1, 6, 7, 2, 3, 4, 5] ,[1, 6, 7, 4, 5, 2, 3]
           ]:
Points:=[[4, 32],[7, 31],[11, 30],[14, 29],[16, 27],[19, 26],[22, 24]
       ,[24, 21],[26, 19],[28, 16],[29, 13],[30, 10],[31, 7],[32, 4]
       ,[32, 1],[32, -3],[31, -6],[31, -9],[30, -12],[28, -15],[27, -18]
       ,[25, -20],[22, -23],[20, -25],[17, -27],[15, -28],[12, -30],[9, -31]
       ,[5, -32],[2, -32] ]:
PointSelection := "QuasiUniformPointsAss(30,32)":
Machine := "Noether":
##############################################################################
Instance:=10000:
PreTime:=   7388.62:
GroebnerTime:=  35473.39:
RealTime:=   1407.89:
Table:=[[0,0,10000]
       ,[0,2471,7529]
       ,[0,0,10000]
       ,[0,0,10000]
       ,[0,2861,7139]
       ,[0,0,10000]]:
CoefficientHeight:=  124.3:
