##############################################################################
#
#  Data for the enumerative problem
#  VV2 WW2 X2X21 ZZ2 = 8 on Schubert
#
##############################################################################
FlagVariety:=[1, 2, 3, 5, 6]:
Label := "VV2 WW2 X2X21 ZZ2":
EnumerativeProblem:=[ [1, 3, 5, 2, 4, 6] ,[1, 2, 5, 3, 4, 6]
                     ,[1, 2, 3, 5, 6, 4] ,[1, 2, 3, 4, 6, 5]
                     ,[2, 1, 3, 4, 5, 6] ,[3, 1, 2, 4, 5, 6]
                     ,[1, 4, 2, 3, 5, 6] ,[1, 3, 2, 4, 5, 6]
                    ]:
NumberOfSolutions := 8:
Necklaces:=[ [1, 2, 3, 4, 5, 6, 7] ,[1, 2, 3, 6, 7, 4, 5]
            ,[1, 4, 5, 6, 7, 2, 3] ,[1, 4, 5, 2, 3, 6, 7]
            ,[1, 6, 7, 2, 3, 4, 5] ,[1, 6, 7, 4, 5, 2, 3]
           ]:
Points:=[[4, 32],[7, 31],[11, 30],[14, 29],[16, 27],[19, 26],[22, 24]
       ,[24, 21],[26, 19],[28, 16],[29, 13],[30, 10],[31, 7],[32, 4]
       ,[32, 1],[32, -3],[31, -6],[31, -9],[30, -12],[28, -15],[27, -18]
       ,[25, -20],[22, -23],[20, -25],[17, -27],[15, -28],[12, -30],[9, -31]
       ,[5, -32],[2, -32] ]:
PointSelection := "QuasiUniformPointsAss(30,32)":
Machine := "Schubert":
##############################################################################
Instance:=10000:
PreTime:=   6497.68:
GroebnerTime:= 155246.29:
RealTime:=   3471.02:
Table:=[[0,0,0,0,10000]
       ,[0,0,0,0,10000]
       ,[0,41,2685,4447,2827]
       ,[0,0,0,5139,4861]
       ,[0,0,0,0,10000]
       ,[0,0,0,0,10000]]:
CoefficientHeight:=   75.5:
