##############################################################################
#
#  Data for the enumerative problem
#  VV2 We3 X2X21 ZZ2 = 12 on rcf1422-2
#
##############################################################################
FlagVariety:=[1, 2, 3, 5, 6]:
Label := "VV2 We3 X2X21 ZZ2":
EnumerativeProblem:=[ [1, 3, 5, 2, 4, 6] ,[1, 2, 5, 3, 4, 6]
                     ,[1, 2, 3, 5, 6, 4] ,[1, 2, 3, 4, 6, 5]
                     ,[2, 1, 3, 4, 5, 6] ,[3, 1, 2, 4, 5, 6]
                     ,[1, 3, 2, 4, 5, 6] ,[1, 3, 2, 4, 5, 6]
                     ,[1, 3, 2, 4, 5, 6]]:
NumberOfSolutions := 12:
Necklaces:=[ [1, 2, 3, 4, 5, 6, 7, 8] ,[1, 2, 3, 6, 7, 8, 4, 5]
            ,[1, 4, 5, 6, 7, 8, 2, 3] ,[1, 4, 5, 2, 3, 6, 7, 8]
            ,[1, 6, 7, 8, 2, 3, 4, 5] ,[1, 6, 7, 8, 4, 5, 2, 3]
           ]:
Points:=[[4, 32],[7, 31],[11, 30],[14, 29],[16, 27],[19, 26],[22, 24]
       ,[24, 21],[26, 19],[28, 16],[29, 13],[30, 10],[31, 7],[32, 4]
       ,[32, 1],[32, -3],[31, -6],[31, -9],[30, -12],[28, -15],[27, -18]
       ,[25, -20],[22, -23],[20, -25],[17, -27],[15, -28],[12, -30],[9, -31]
       ,[5, -32],[2, -32] ]:
PointSelection := "QuasiUniformPointsAss(30,32)":
Machine := "rcf1422-2":
##############################################################################
Instance:=5000:
PreTime:=   4831.35:
GroebnerTime:= 912642.31:
RealTime:=   6025.81:
Table:=[[0,0,0,0,0,0,5000]
       ,[0,0,0,0,0,0,5000]
       ,[0,0,0,270,1494,2360,876]
       ,[0,0,0,607,1270,777,2346]
       ,[0,0,1,615,1665,1714,1005]
       ,[0,0,37,374,1391,2009,1189]]:
CoefficientHeight:=  124.7:
