##############################################################################
#
#  Data for the enumerative problem
#  Ye3 We2  = 2 on Pieri
#
##############################################################################
FlagVariety:=[2, 3, 4]:
Label := "Ye3 We2 ":
EnumerativeProblem:=[ [1, 2, 4, 3] ,[1, 2, 4, 3]
                     ,[1, 3, 2, 4] ,[1, 3, 2, 4]
                     ,[1, 3, 2, 4]]:
NumberOfSolutions := 2:
Necklaces:=[ [1, 2, 3, 4] ,[2, 1, 3, 4]
           ]:
Points:=[[83, 1006],[145, 999],[206, 988],[266, 973],[326, 955],[384, 933],[440, 908]
       ,[496, 879],[549, 847],[600, 811],[649, 773],[695, 732],[739, 687],[780, 641]
       ,[818, 591],[852, 540],[884, 486],[912, 431],[937, 374],[958, 316],[976, 256]
       ,[990, 196],[1000, 134],[1006, 72],[1009, 10],[1008, -52],[1003, -114],[994, -175]
       ,[981, -236],[965, -296],[945, -355],[921, -412],[894, -468],[863, -522],[829, -574]
       ,[793, -624],[753, -672],[710, -717],[664, -759],[616, -799],[566, -835],[513, -869]
       ,[459, -899],[403, -925],[345, -948],[286, -968],[226, -983],[165, -995],[103, -1004]
       ,[41, -1008] ]:
PointSelection := "QuasiUniformPointsAss(50,1009)":
Machine := "Pieri":
##############################################################################
Instance:=50000:
PreTime:=   3678.64:
GroebnerTime:=    580.20:
RealTime:=   2026.44:
Table:=[[0,50000]
       ,[12052,37948]]:
CoefficientHeight:=   25.5:
