##############################################################################
#
#  Data for the enumerative problem
#  X2e3 W2 We3  = 9 on Witherlin
#  1000 iterations planned  
#
##############################################################################
FlagVariety:=[2, 3, 6]:
Label := "X2e3 W2 We3 ":
EnumerativeProblem:=[ [1, 2, 5, 3, 4, 6] ,[1, 2, 5, 3, 4, 6]
                     ,[1, 2, 5, 3, 4, 6] ,[1, 4, 2, 3, 5, 6]
                     ,[1, 3, 2, 4, 5, 6] ,[1, 3, 2, 4, 5, 6]
                     ,[1, 3, 2, 4, 5, 6]]:
NumberOfSolutions := 9:
Necklaces:=[ [1, 2, 3, 4, 5, 6] ,[1, 2, 4, 3, 5, 6]
            ,[1, 3, 2, 4, 5, 6] ,[1, 4, 2, 3, 5, 6]
            ,[1, 5, 2, 3, 4, 6] ,[1, 3, 4, 2, 5, 6]
            ,[1, 3, 5, 2, 4, 6] ,[1, 4, 3, 2, 5, 6]
            ,[2, 4, 1, 3, 5, 6] ,[3, 5, 1, 2, 4, 6]
           ]:
Points:=[[8, 60],[14, 59],[20, 58],[26, 55],[31, 52],[37, 49],[41, 45]
       ,[46, 41],[49, 36],[53, 31],[56, 25],[58, 19],[60, 13],[61, 7]
       ,[61, 1],[61, -5],[60, -11],[59, -17],[56, -23],[54, -29],[51, -34]
       ,[47, -39],[43, -43],[38, -48],[33, -51],[28, -54],[22, -57],[16, -59]
       ,[10, -60],[4, -61] ]:
PointSelection := "QuasiUniformPointsAss(30,61)":
Machine := "Witherlin":
NumberOfIterations := 1000:
##############################################################################
Instance:=5000:
PreTime:=   3414.23:
GroebnerTime:= 464956.03:
RealTime:=   6271.40:
Table:=[[0,0,0,0,5000]
       ,[0,0,0,0,5000]
       ,[0,0,733,2597,1670]
       ,[0,290,1177,2012,1521]
       ,[0,0,27,1568,3405]
       ,[0,0,663,1720,2617]
       ,[0,0,81,1787,3132]
       ,[0,127,1086,2396,1391]
       ,[0,363,969,2323,1345]
       ,[0,132,1243,1946,1679]]:
CoefficientHeight:=  221.8:
