##############################################################################
#
#  Data for the enumerative problem
#  X2 X11e2 We5  = 10 on rcf1422-4
#  1000 iterations planned  
#
##############################################################################
FlagVariety:=[2, 3, 6]:
Label := "X2 X11e2 We5 ":
EnumerativeProblem:=[ [1, 2, 5, 3, 4, 6] ,[1, 3, 4, 2, 5, 6]
                     ,[1, 3, 4, 2, 5, 6] ,[1, 3, 2, 4, 5, 6]
                     ,[1, 3, 2, 4, 5, 6] ,[1, 3, 2, 4, 5, 6]
                     ,[1, 3, 2, 4, 5, 6] ,[1, 3, 2, 4, 5, 6]
                    ]:
NumberOfSolutions := 10:
Necklaces:=[ [1, 2, 3, 4, 5, 6, 7] ,[1, 3, 2, 4, 5, 6, 7]
            ,[1, 4, 2, 3, 5, 6, 7] ,[1, 5, 2, 3, 4, 6, 7]
            ,[1, 6, 2, 3, 4, 5, 7] ,[1, 7, 2, 3, 4, 5, 6]
            ,[2, 3, 1, 4, 5, 6, 7] ,[2, 4, 1, 3, 5, 6, 7]
            ,[2, 5, 1, 3, 4, 6, 7] ,[2, 6, 1, 3, 4, 5, 7]
            ,[3, 4, 1, 2, 5, 6, 7] ,[3, 5, 1, 2, 4, 6, 7]
           ]:
Points:=[[8, 60],[14, 59],[20, 58],[26, 55],[31, 52],[37, 49],[41, 45]
       ,[46, 41],[49, 36],[53, 31],[56, 25],[58, 19],[60, 13],[61, 7]
       ,[61, 1],[61, -5],[60, -11],[59, -17],[56, -23],[54, -29],[51, -34]
       ,[47, -39],[43, -43],[38, -48],[33, -51],[28, -54],[22, -57],[16, -59]
       ,[10, -60],[4, -61] ]:
PointSelection := "QuasiUniformPointsAss(30,61)":
Machine := "rcf1422-4":
NumberOfIterations := 1000:
##############################################################################
Instance:=25002:
PreTime:=  12857.84:
GroebnerTime:= 335569.27:
RealTime:=  24275.19:
Table:=[[0,0,0,0,0,25000]
       ,[0,0,0,562,2633,21805]
       ,[0,0,0,288,4233,20479]
       ,[0,0,0,151,2327,22522]
       ,[0,0,0,318,1385,23297]
       ,[0,0,0,0,0,25000]
       ,[0,0,0,7638,3650,13712]
       ,[0,0,111,6623,6896,11370]
       ,[0,0,588,4149,10371,9892]
       ,[0,0,0,4221,6341,14438]
       ,[0,0,306,8893,11755,4046]
       ,[0,0,236,4592,14140,6032]]:
CoefficientHeight:=  198.0:
