##############################################################################
#
#  Data for the enumerative problem
#  X2e2 X11 We5  = 14 on Hermes
#  1000 iterations planned  
#
##############################################################################
FlagVariety:=[2, 3, 6]:
Label := "X2e2 X11 We5 ":
EnumerativeProblem:=[ [1, 2, 5, 3, 4, 6] ,[1, 2, 5, 3, 4, 6]
                     ,[1, 3, 4, 2, 5, 6] ,[1, 3, 2, 4, 5, 6]
                     ,[1, 3, 2, 4, 5, 6] ,[1, 3, 2, 4, 5, 6]
                     ,[1, 3, 2, 4, 5, 6] ,[1, 3, 2, 4, 5, 6]
                    ]:
NumberOfSolutions := 14:
Necklaces:=[ [1, 2, 3, 4, 5, 6, 7] ,[1, 3, 2, 4, 5, 6, 7]
            ,[1, 4, 2, 3, 5, 6, 7] ,[2, 1, 3, 4, 5, 6, 7]
            ,[3, 1, 2, 4, 5, 6, 7] ,[4, 1, 2, 3, 5, 6, 7]
            ,[5, 1, 2, 3, 4, 6, 7] ,[6, 1, 2, 3, 4, 5, 7]
            ,[2, 4, 1, 3, 5, 6, 7] ,[2, 5, 1, 3, 4, 6, 7]
            ,[4, 2, 1, 3, 5, 6, 7] ,[5, 2, 1, 3, 4, 6, 7]
           ]:
Points:=[[8, 60],[14, 59],[20, 58],[26, 55],[31, 52],[37, 49],[41, 45]
       ,[46, 41],[49, 36],[53, 31],[56, 25],[58, 19],[60, 13],[61, 7]
       ,[61, 1],[61, -5],[60, -11],[59, -17],[56, -23],[54, -29],[51, -34]
       ,[47, -39],[43, -43],[38, -48],[33, -51],[28, -54],[22, -57],[16, -59]
       ,[10, -60],[4, -61] ]:
PointSelection := "QuasiUniformPointsAss(30,61)":
Machine := "rcf1537-8":
NumberOfIterations := 1000:
##############################################################################
Instance:=5000:
PreTime:=   2055.14:
GroebnerTime:=1168180.42:
RealTime:=  18288.27:
Table:=[[0,0,0,0,0,0,0,5000]
       ,[0,0,0,0,327,664,1210,2799]
       ,[0,0,0,4,74,900,2113,1909]
       ,[0,0,0,0,0,0,0,5000]
       ,[0,0,0,0,0,538,1086,3376]
       ,[0,0,4,30,416,1707,1925,918]
       ,[0,0,178,218,656,1500,1296,1152]
       ,[0,0,0,0,0,681,639,3680]
       ,[0,0,0,0,7,974,1850,2169]
       ,[0,0,0,0,13,504,2635,1848]
       ,[0,0,0,117,498,1332,1709,1344]
       ,[0,0,184,190,747,1449,1750,680]]:
CoefficientHeight:=  328.1:
