##############################################################################
#
#  Data for the enumerative problem
#  X2e3 We5  = 14 on Schur
#
##############################################################################
FlagVariety:=[2, 3, 6]:
Label := "X2e3 We5 ":
EnumerativeProblem:=[ [1, 2, 5, 3, 4, 6] ,[1, 2, 5, 3, 4, 6]
                     ,[1, 2, 5, 3, 4, 6] ,[1, 3, 2, 4, 5, 6]
                     ,[1, 3, 2, 4, 5, 6] ,[1, 3, 2, 4, 5, 6]
                     ,[1, 3, 2, 4, 5, 6] ,[1, 3, 2, 4, 5, 6]
                    ]:
NumberOfSolutions := 14:
Necklaces:=[ [1, 2, 3, 4, 5, 6, 7] ,[1, 3, 2, 4, 5, 6, 7]
            ,[1, 4, 2, 3, 5, 6, 7] ,[2, 4, 1, 3, 5, 6, 7]
            ,[2, 5, 1, 3, 4, 6, 7]]:
Points:=[[8, 60],[14, 59],[20, 58],[26, 55],[31, 52],[37, 49],[41, 45]
       ,[46, 41],[49, 36],[53, 31],[56, 25],[58, 19],[60, 13],[61, 7]
       ,[61, 1],[61, -5],[60, -11],[59, -17],[56, -23],[54, -29],[51, -34]
       ,[47, -39],[43, -43],[38, -48],[33, -51],[28, -54],[22, -57],[16, -59]
       ,[10, -60],[4, -61] ]:
PointSelection := "QuasiUniformPointsAss(30,61)":
Machine := "Schur":
##############################################################################
Instance:=10000:
PreTime:=   3171.82:
GroebnerTime:=2122061.38:
RealTime:=  11814.22:
Table:=[[0,0,0,0,0,0,0,10000]
       ,[0,0,0,0,82,1838,2872,5208]
       ,[0,0,96,199,1174,3064,3651,1816]
       ,[0,0,11,257,1548,2582,2712,2890]
       ,[0,2,495,1137,2160,2816,2403,987]]:
CoefficientHeight:=  438.0:
