##############################################################################
#
#  Data for the enumerative problem
#  X11e3 We5  = 14 on Schur
#  1000 iterations planned  
#
##############################################################################
FlagVariety:=[2, 3, 6]:
Label := "X11e3 We5 ":
EnumerativeProblem:=[ [1, 3, 4, 2, 5, 6] ,[1, 3, 4, 2, 5, 6]
                     ,[1, 3, 4, 2, 5, 6] ,[1, 3, 2, 4, 5, 6]
                     ,[1, 3, 2, 4, 5, 6] ,[1, 3, 2, 4, 5, 6]
                     ,[1, 3, 2, 4, 5, 6] ,[1, 3, 2, 4, 5, 6]
                    ]:
NumberOfSolutions := 14:
Necklaces:=[ [1, 2, 3, 4, 5, 6, 7] ,[1, 3, 2, 4, 5, 6, 7]
            ,[1, 4, 2, 3, 5, 6, 7] ,[2, 4, 1, 3, 5, 6, 7]
            ,[2, 5, 1, 3, 4, 6, 7]]:
Points:=[[8, 60],[14, 59],[20, 58],[26, 55],[31, 52],[37, 49],[41, 45]
       ,[46, 41],[49, 36],[53, 31],[56, 25],[58, 19],[60, 13],[61, 7]
       ,[61, 1],[61, -5],[60, -11],[59, -17],[56, -23],[54, -29],[51, -34]
       ,[47, -39],[43, -43],[38, -48],[33, -51],[28, -54],[22, -57],[16, -59]
       ,[10, -60],[4, -61] ]:
PointSelection := "QuasiUniformPointsAss(30,61)":
Machine := "Schur":
NumberOfIterations := 1000:
##############################################################################
Instance:=1000:
PreTime:=    259.42:
GroebnerTime:=   3333.10:
RealTime:=    349.09:
Table:=[[0,0,0,0,0,0,0,1000]
       ,[0,0,0,0,0,0,0,1000]
       ,[0,0,0,0,0,0,0,1000]
       ,[0,0,0,0,0,0,0,1000]
       ,[0,0,0,0,0,0,0,1000]]:
CoefficientHeight:=   54.0:
