##############################################################################
#
#  Data for the enumerative problem
#  X21 X11 We6  = 14 on Hermes
#  1000 iterations planned  
#
##############################################################################
FlagVariety:=[2, 3, 6]:
Label := "X21 X11 We6 ":
EnumerativeProblem:=[ [1, 3, 5, 2, 4, 6] ,[1, 3, 4, 2, 5, 6]
                     ,[1, 3, 2, 4, 5, 6] ,[1, 3, 2, 4, 5, 6]
                     ,[1, 3, 2, 4, 5, 6] ,[1, 3, 2, 4, 5, 6]
                     ,[1, 3, 2, 4, 5, 6] ,[1, 3, 2, 4, 5, 6]
                    ]:
NumberOfSolutions := 14:
Necklaces:=[ [1, 2, 3, 4, 5, 6, 7] ,[2, 1, 3, 4, 5, 6, 7]
            ,[3, 1, 2, 4, 5, 6, 7] ,[4, 1, 2, 3, 5, 6, 7]
           ]:
Points:=[[6, 41],[10, 40],[14, 39],[17, 37],[21, 35],[25, 33],[28, 30]
       ,[31, 27],[33, 24],[36, 21],[37, 17],[39, 13],[40, 9],[41, 5]
       ,[41, 1],[41, -3],[40, -8],[39, -12],[38, -16],[36, -19],[34, -23]
       ,[32, -26],[29, -29],[26, -32],[22, -34],[19, -36],[15, -38],[11, -40]
       ,[7, -40],[3, -41] ]:
PointSelection := "QuasiUniformPointsAss(30,41)":
Machine := "rcf1537-8":
NumberOfIterations := 1000:
##############################################################################
Instance:=1000:
PreTime:=    349.40:
GroebnerTime:=   1062.53:
RealTime:=    437.77:
Table:=[[0,0,0,0,0,0,0,1000]
       ,[0,0,0,0,0,0,0,1000]
       ,[0,0,0,0,0,0,0,1000]
       ,[0,0,0,0,0,0,0,1000]]:
CoefficientHeight:=   46.8:
