##############################################################################
#
#  Data for the enumerative problem
#  X21 X2 We6  = 14 on Pieri
#  1000 iterations planned  
#
##############################################################################
FlagVariety:=[2, 3, 6]:
Label := "X21 X2 We6 ":
EnumerativeProblem:=[ [1, 3, 5, 2, 4, 6] ,[1, 2, 5, 3, 4, 6]
                     ,[1, 3, 2, 4, 5, 6] ,[1, 3, 2, 4, 5, 6]
                     ,[1, 3, 2, 4, 5, 6] ,[1, 3, 2, 4, 5, 6]
                     ,[1, 3, 2, 4, 5, 6] ,[1, 3, 2, 4, 5, 6]
                    ]:
NumberOfSolutions := 14:
Necklaces:=[ [1, 2, 3, 4, 5, 6, 7] ,[2, 1, 3, 4, 5, 6, 7]
            ,[3, 1, 2, 4, 5, 6, 7] ,[4, 1, 2, 3, 5, 6, 7]
           ]:
Points:=[[6, 41],[10, 40],[14, 39],[17, 37],[21, 35],[25, 33],[28, 30]
       ,[31, 27],[33, 24],[36, 21],[37, 17],[39, 13],[40, 9],[41, 5]
       ,[41, 1],[41, -3],[40, -8],[39, -12],[38, -16],[36, -19],[34, -23]
       ,[32, -26],[29, -29],[26, -32],[22, -34],[19, -36],[15, -38],[11, -40]
       ,[7, -40],[3, -41] ]:
PointSelection := "QuasiUniformPointsAss(30,41)":
Machine := "Pieri":
NumberOfIterations := 1000:
##############################################################################
Instance:=25000:
PreTime:=   7442.06:
GroebnerTime:= 412214.00:
RealTime:=  13855.06:
Table:=[[0,0,0,0,0,0,0,25000]
       ,[0,0,4114,1644,3622,2101,1592,11927]
       ,[0,0,355,450,5133,8189,6617,4256]
       ,[0,0,451,2408,4497,7250,7613,2781]]:
CoefficientHeight:=   88.6:
