##############################################################################
#
#  Data for the enumerative problem
#  X2e3 W2e2 W  = 6 on Pieri
#  1000 iterations planned  
#
##############################################################################
FlagVariety:=[2, 3, 6]:
Label := "X2e3 W2e2 W ":
EnumerativeProblem:=[ [1, 2, 5, 3, 4, 6] ,[1, 2, 5, 3, 4, 6]
                     ,[1, 2, 5, 3, 4, 6] ,[1, 4, 2, 3, 5, 6]
                     ,[1, 4, 2, 3, 5, 6] ,[1, 3, 2, 4, 5, 6]
                    ]:
NumberOfSolutions := 6:
Necklaces:=[ [1, 2, 3, 4, 5] ,[1, 2, 3, 5, 4]
            ,[1, 3, 2, 4, 5] ,[1, 3, 2, 5, 4]
            ,[1, 4, 2, 3, 5] ,[2, 4, 1, 3, 5]
           ]:
Points:=[[8, 60],[14, 59],[20, 58],[26, 55],[31, 52],[37, 49],[41, 45]
       ,[46, 41],[49, 36],[53, 31],[56, 25],[58, 19],[60, 13],[61, 7]
       ,[61, 1],[61, -5],[60, -11],[59, -17],[56, -23],[54, -29],[51, -34]
       ,[47, -39],[43, -43],[38, -48],[33, -51],[28, -54],[22, -57],[16, -59]
       ,[10, -60],[4, -61] ]:
PointSelection := "QuasiUniformPointsAss(30,61)":
Machine := "Pieri":
NumberOfIterations := 1000:
##############################################################################
Instance:=25000:
PreTime:=   8518.02:
GroebnerTime:=  79676.54:
RealTime:=   4078.86:
Table:=[[0,0,0,25000]
       ,[0,0,0,25000]
       ,[0,0,10454,14546]
       ,[0,0,13549,11451]
       ,[0,0,6993,18007]
       ,[0,1450,10253,13297]]:
CoefficientHeight:=  102.5:
