#BadIdeals here, if any
##############################################################################
#
#  Data for the enumerative problem
#  X311 A1325e3 W Y  = 12 on Calypso
#  10000 iterations planned  
#
##############################################################################
FlagVariety:=[2, 3, 4, 6]:
Label := "X311 A1325e3 W Y ":
EnumerativeProblem:=[ [2, 3, 6, 1, 4, 5] ,[1, 3, 2, 5, 4, 6]
                     ,[1, 3, 2, 5, 4, 6] ,[1, 3, 2, 5, 4, 6]
                     ,[1, 3, 2, 4, 5, 6] ,[1, 2, 3, 5, 4, 6]
                    ]:
NumberOfSolutions := 12:
Necklaces:=[ [1, 2, 3, 4, 5] ,[1, 2, 3, 5, 4]
            ,[1, 2, 4, 3, 5] ,[1, 2, 5, 3, 4]
            ,[1, 2, 4, 5, 3] ,[1, 2, 5, 4, 3]
            ,[1, 3, 4, 2, 5] ,[1, 3, 5, 2, 4]
            ,[1, 3, 4, 5, 2] ,[2, 3, 4, 1, 5]
           ]:
Points:=[[136, 1000],[236, 981],[334, 952],[429, 913],[519, 865],[604, 808],[683, 743]
       ,[754, 670],[818, 590],[874, 505],[920, 414],[957, 318],[985, 220],[1002, 119]
       ,[1009, 17],[1005, -85],[992, -186],[968, -286],[934, -382],[890, -475],[838, -562]
       ,[777, -644],[707, -719],[631, -787],[548, -847],[460, -898],[366, -940],[269, -972]
       ,[170, -995],[68, -1007] ]:
PointSelection := "QuasiUniformPointsAss(30,1009)":
Machine := "Calypso":
NumberOfIterations := 10000:
##############################################################################
Instance:=10000:
PreTime:=   1328.12:
GroebnerTime:= 596639.63:
RealTime:=   9988.26:
Table:=[[0,0,0,1262,6208,2325,205]
       ,[0,0,0,1262,6208,2325,205]
       ,[0,0,0,3622,2822,3258,298]
       ,[0,0,0,4410,2888,2404,298]
       ,[0,0,0,3622,2822,3258,298]
       ,[0,0,0,4410,2888,2404,298]
       ,[0,0,0,2148,4163,3391,298]
       ,[0,0,0,4494,2817,2391,298]
       ,[0,0,0,2148,4163,3391,298]
       ,[0,0,0,0,5730,3972,298]]:
CoefficientHeight:=  255.2:

