##############################################################################
#
#  Data for the enumerative problem
#  X21 A1425e2 W11 Y2  = 2 on Schur
#
##############################################################################
FlagVariety:=[2, 3, 4, 6]:
Label := "X21 A1425e2 W11 Y2 ":
EnumerativeProblem:=[ [1, 3, 5, 2, 4, 6] ,[1, 4, 2, 5, 3, 6]
                     ,[1, 4, 2, 5, 3, 6] ,[2, 3, 1, 4, 5, 6]
                     ,[1, 2, 3, 6, 4, 5]]:
NumberOfSolutions := 2:
Necklaces:=[ [1, 2, 3, 4] ,[1, 2, 4, 3]
            ,[1, 3, 2, 4] ,[1, 4, 2, 3]
            ,[1, 3, 4, 2] ,[2, 3, 1, 4]
           ]:
Points:=[[3, 23],[5, 22],[8, 22],[10, 21],[12, 20],[14, 18],[16, 17]
       ,[17, 15],[19, 13],[20, 12],[21, 9],[22, 7],[22, 5],[23, 3]
       ,[23, 0],[23, -2],[23, -4],[22, -7],[21, -9],[20, -11],[19, -13]
       ,[18, -15],[16, -16],[14, -18],[12, -19],[10, -20],[8, -21],[6, -22]
       ,[4, -23],[2, -23] ]:
PointSelection := "QuasiUniformPointsAss(30,23)":
Machine := "Schur":
##############################################################################
Instance:=5000:
PreTime:=   1679.82:
GroebnerTime:=    828.33:
RealTime:=    181.35:
Table:=[[1329,3671]
       ,[1329,3671]
       ,[1820,3180]
       ,[0,5000]
       ,[1820,3180]
       ,[230,4770]]:
CoefficientHeight:=   12.4:
