##############################################################################
#
#  Data for the enumerative problem
#  X21 A1425e2 W2 Y11  = 8 on Chevalley
#  1000 iterations planned  
#
##############################################################################
FlagVariety:=[2, 3, 4, 6]:
Label := "X21 A1425e2 W2 Y11 ":
EnumerativeProblem:=[ [1, 3, 5, 2, 4, 6] ,[1, 4, 2, 5, 3, 6]
                     ,[1, 4, 2, 5, 3, 6] ,[1, 4, 2, 3, 5, 6]
                     ,[1, 2, 4, 5, 3, 6]]:
NumberOfSolutions := 8:
Necklaces:=[ [1, 2, 3, 4] ,[1, 2, 4, 3]
            ,[1, 3, 2, 4] ,[1, 4, 2, 3]
            ,[1, 3, 4, 2] ,[2, 3, 1, 4]
           ]:
Points:=[[6, 41],[10, 40],[14, 39],[17, 37],[21, 35],[25, 33],[28, 30]
       ,[31, 27],[33, 24],[36, 21],[37, 17],[39, 13],[40, 9],[41, 5]
       ,[41, 1],[41, -3],[40, -8],[39, -12],[38, -16],[36, -19],[34, -23]
       ,[32, -26],[29, -29],[26, -32],[22, -34],[19, -36],[15, -38],[11, -40]
       ,[7, -40],[3, -41] ]:
PointSelection := "QuasiUniformPointsAss(30,41)":
Machine := "Chevalley":
NumberOfIterations := 1000:
##############################################################################
Instance:=25000:
PreTime:=   7791.74:
GroebnerTime:=  88917.65:
RealTime:=   3001.94:
Table:=[[0,0,0,6984,18016]
       ,[0,0,0,6984,18016]
       ,[0,0,0,7244,17756]
       ,[0,0,0,1750,23250]
       ,[0,0,0,7244,17756]
       ,[0,0,0,1115,23885]]:
CoefficientHeight:=   27.3:
