##############################################################################
#
#  Data for the enumerative problem
#  A1432 A1254 W2 X21 Y11  = 4 on Noether
#  1000 iterations planned  
#
##############################################################################
FlagVariety:=[2, 3, 4, 6]:
Label := "A1432 A1254 W2 X21 Y11 ":
EnumerativeProblem:=[ [1, 4, 3, 2, 5, 6] ,[1, 2, 5, 4, 3, 6]
                     ,[1, 4, 2, 3, 5, 6] ,[1, 3, 5, 2, 4, 6]
                     ,[1, 2, 4, 5, 3, 6]]:
NumberOfSolutions := 4:
Necklaces:=[ [1, 2, 3, 4] ,[1, 2, 4, 3]
            ,[1, 3, 2, 4] ,[1, 4, 2, 3]
            ,[1, 3, 4, 2] ,[1, 4, 3, 2]
            ,[2, 1, 3, 4] ,[2, 1, 4, 3]
            ,[3, 1, 2, 4] ,[3, 1, 4, 2]
            ,[2, 3, 1, 4] ,[3, 2, 1, 4]
           ]:
Points:=[[3, 21],[5, 20],[7, 20],[9, 19],[11, 18],[13, 17],[14, 15]
       ,[16, 14],[17, 12],[18, 11],[19, 9],[20, 7],[20, 5],[21, 2]
       ,[21, 0],[21, -2],[21, -4],[20, -6],[19, -8],[19, -10],[17, -12]
       ,[16, -13],[15, -15],[13, -16],[11, -18],[10, -19],[8, -20],[6, -20]
       ,[4, -21],[1, -21] ]:
PointSelection := "QuasiUniformPointsAss(30,21)":
Machine := "Noether":
NumberOfIterations := 1000:
##############################################################################
Instance:=2000:
PreTime:=   1834.00:
GroebnerTime:=   9197.06:
RealTime:=    282.99:
Table:=[[0,0,2000]
       ,[0,0,2000]
       ,[0,0,2000]
       ,[0,0,2000]
       ,[0,0,2000]
       ,[0,0,2000]
       ,[0,0,2000]
       ,[0,0,2000]
       ,[0,0,2000]
       ,[0,0,2000]
       ,[0,0,2000]
       ,[0,0,2000]]:
CoefficientHeight:=    8.1:
