##############################################################################
#
#  Data for the enumerative problem
#  A1432X21A1254Ye2We2 = 12 on Schur
#
##############################################################################
FlagVariety:=[2, 3, 4, 6]:
Label := "A1432X21A1254Ye2We2":
EnumerativeProblem:=[ [1, 4, 3, 2, 5, 6] ,[1, 3, 5, 2, 4, 6]
                     ,[1, 2, 5, 4, 3, 6] ,[1, 2, 3, 5, 4, 6]
                     ,[1, 2, 3, 5, 4, 6] ,[1, 3, 2, 4, 5, 6]
                     ,[1, 3, 2, 4, 5, 6]]:
NumberOfSolutions := 12:
Necklaces:=[ [1, 2, 3, 4, 5, 6] ,[1, 2, 5, 6, 3, 4]
            ,[1, 4, 2, 3, 5, 6] ,[1, 6, 2, 3, 4, 5]
            ,[1, 4, 5, 6, 2, 3] ,[1, 6, 4, 5, 2, 3]
            ,[4, 1, 5, 6, 2, 3] ,[2, 1, 5, 6, 3, 4]
            ,[2, 1, 3, 4, 5, 6] ,[4, 1, 2, 3, 5, 6]
            ,[4, 3, 5, 6, 1, 2] ,[3, 4, 5, 6, 1, 2]
           ]:
Points:=[[5, 31],[9, 30],[12, 29],[16, 27],[19, 25],[21, 22],[24, 20]
       ,[26, 17],[28, 13],[29, 10],[30, 6],[31, 2],[31, -1],[31, -5]
       ,[30, -9],[29, -12],[27, -16],[25, -19],[22, -21],[20, -24],[17, -26]
       ,[13, -28],[10, -29],[6, -30],[2, -31] ]:
PointSelection := "QuasiUniformPointsAss(25,31)":
Machine := "Schur":
##############################################################################
Instance:=7500:
PreTime:=   3340.35:
GroebnerTime:=2968059.25:
RealTime:=   8017.40:
Table:=[[0,0,0,0,0,0,7500]
       ,[0,0,0,12,1359,3446,2683]
       ,[0,0,0,0,0,0,7500]
       ,[0,0,0,78,1961,3281,2180]
       ,[0,0,0,8,2257,2021,3214]
       ,[0,0,0,0,289,3026,4185]
       ,[0,0,0,1213,2129,1771,2387]
       ,[0,0,0,68,1782,3534,2116]
       ,[0,0,0,0,306,3776,3418]
       ,[0,0,0,0,0,0,7500]
       ,[0,0,0,14,2498,2415,2573]
       ,[0,0,0,0,0,0,7500]]:
CoefficientHeight:=   84.0:
