##############################################################################
#
#  Data for the enumerative problem
#  X21 Y11e2 W2e3  = 8 on Witherlin
#  1000 iterations planned  
#
##############################################################################
FlagVariety:=[2, 3, 4, 6]:
Label := "X21 Y11e2 W2e3 ":
EnumerativeProblem:=[ [1, 3, 5, 2, 4, 6] ,[1, 2, 4, 5, 3, 6]
                     ,[1, 2, 4, 5, 3, 6] ,[1, 4, 2, 3, 5, 6]
                     ,[1, 4, 2, 3, 5, 6] ,[1, 4, 2, 3, 5, 6]
                    ]:
NumberOfSolutions := 8:
Necklaces:=[ [1, 2, 3, 4, 5] ,[1, 3, 2, 4, 5]
            ,[1, 4, 2, 3, 5] ,[1, 5, 2, 3, 4]
            ,[2, 3, 1, 4, 5] ,[2, 4, 1, 3, 5]
           ]:
Points:=[[6, 41],[10, 40],[14, 39],[17, 37],[21, 35],[25, 33],[28, 30]
       ,[31, 27],[33, 24],[36, 21],[37, 17],[39, 13],[40, 9],[41, 5]
       ,[41, 1],[41, -3],[40, -8],[39, -12],[38, -16],[36, -19],[34, -23]
       ,[32, -26],[29, -29],[26, -32],[22, -34],[19, -36],[15, -38],[11, -40]
       ,[7, -40],[3, -41] ]:
PointSelection := "QuasiUniformPointsAss(30,41)":
Machine := "Witherlin":
NumberOfIterations := 1000:
##############################################################################
Instance:=25000:
PreTime:=  20341.12:
GroebnerTime:= 121527.45:
RealTime:=   7376.04:
Table:=[[0,0,0,0,25000]
       ,[0,0,481,8817,15702]
       ,[0,0,646,10929,13425]
       ,[0,0,0,0,25000]
       ,[0,0,446,14439,10115]
       ,[0,0,5707,12284,7009]]:
CoefficientHeight:=   25.9:
