#BadIdeals here, if any
##############################################################################
#
#  Data for the enumerative problem
#  X311 W2 We2 Y11 Ye2  = 4 on rcf1422-3
#  1000 iterations planned  
#
##############################################################################
FlagVariety:=[2, 3, 4, 6]:
Label := "X311 W2 We2 Y11 Ye2 ":
EnumerativeProblem:=[ [2, 3, 6, 1, 4, 5] ,[1, 4, 2, 3, 5, 6]
                     ,[1, 3, 2, 4, 5, 6] ,[1, 3, 2, 4, 5, 6]
                     ,[1, 2, 4, 5, 3, 6] ,[1, 2, 3, 5, 4, 6]
                     ,[1, 2, 3, 5, 4, 6]]:
NumberOfSolutions := 4:
Necklaces:=[ [3, 2, 5, 6, 1, 4] ,[2, 3, 5, 6, 1, 4]
            ,[3, 1, 5, 6, 2, 4] ,[2, 1, 5, 6, 3, 4]
            ,[1, 3, 5, 6, 2, 4] ,[6, 1, 4, 5, 2, 3]
            ,[4, 1, 2, 3, 5, 6] ,[1, 2, 4, 3, 5, 6]
            ,[4, 2, 6, 3, 1, 5] ,[5, 1, 3, 4, 2, 6]
            ,[4, 2, 5, 3, 1, 6] ,[5, 3, 6, 4, 1, 2]
            ,[6, 2, 4, 5, 1, 3] ,[5, 1, 2, 6, 3, 4]
            ,[5, 2, 6, 3, 1, 4] ,[6, 1, 3, 4, 2, 5]
            ,[2, 1, 4, 5, 3, 6] ,[1, 2, 4, 5, 3, 6]
            ,[6, 2, 4, 3, 1, 5] ,[5, 2, 4, 3, 1, 6]
            ,[2, 4, 6, 5, 1, 3] ,[1, 4, 6, 5, 2, 3]
            ,[1, 2, 3, 4, 5, 6] ,[6, 3, 5, 1, 2, 4]
            ,[2, 4, 6, 1, 3, 5] ,[1, 4, 6, 2, 3, 5]
            ,[4, 2, 6, 5, 1, 3] ,[4, 2, 5, 6, 1, 3]
            ,[5, 3, 6, 1, 2, 4] ,[6, 1, 4, 2, 3, 5]
            ,[2, 3, 5, 1, 4, 6] ,[6, 3, 4, 2, 1, 5]
            ,[2, 1, 5, 3, 4, 6] ,[5, 1, 6, 2, 3, 4]
            ,[1, 2, 5, 3, 4, 6] ,[6, 2, 5, 3, 1, 4]
            ,[1, 3, 6, 4, 2, 5] ,[1, 5, 6, 4, 2, 3]
            ,[5, 4, 6, 3, 1, 2] ,[6, 1, 5, 4, 2, 3]
            ,[1, 2, 6, 5, 3, 4] ,[4, 5, 6, 3, 1, 2]
            ,[5, 1, 6, 4, 2, 3] ,[6, 1, 2, 5, 3, 4]
            ,[3, 1, 2, 6, 4, 5] ,[2, 1, 3, 6, 4, 5]
            ,[1, 2, 3, 6, 4, 5] ,[1, 2, 5, 6, 3, 4]
            ,[6, 3, 4, 5, 1, 2] ,[1, 4, 5, 6, 2, 3]
            ,[5, 3, 4, 6, 1, 2] ,[4, 3, 6, 5, 1, 2]
            ,[5, 1, 4, 6, 2, 3] ,[4, 3, 5, 6, 1, 2]
            ,[3, 2, 6, 1, 4, 5] ,[3, 1, 6, 2, 4, 5]
            ,[3, 4, 6, 5, 1, 2] ,[6, 3, 4, 1, 2, 5]
            ,[6, 2, 3, 4, 1, 5] ,[3, 4, 5, 6, 1, 2]
            ,[6, 4, 5, 2, 1, 3] ,[1, 5, 6, 3, 2, 4]
            ,[5, 4, 6, 2, 1, 3] ,[6, 1, 5, 3, 2, 4]
            ,[2, 1, 6, 4, 3, 5] ,[4, 5, 6, 2, 1, 3]
            ,[5, 3, 4, 2, 1, 6] ,[2, 5, 6, 4, 1, 3]
            ,[4, 3, 6, 2, 1, 5] ,[5, 1, 4, 3, 2, 6]
            ,[4, 3, 5, 2, 1, 6] ,[3, 2, 6, 5, 1, 4]
            ,[2, 3, 6, 5, 1, 4] ,[3, 1, 6, 5, 2, 4]
            ,[3, 5, 6, 2, 1, 4] ,[4, 1, 6, 3, 2, 5]
            ,[5, 1, 2, 4, 3, 6] ,[3, 4, 6, 2, 1, 5]
            ,[4, 1, 5, 3, 2, 6] ,[3, 4, 5, 2, 1, 6]
            ,[6, 2, 3, 5, 1, 4] ,[4, 2, 3, 6, 1, 5]
            ,[3, 2, 4, 6, 1, 5] ,[2, 3, 4, 6, 1, 5]
            ,[4, 1, 3, 6, 2, 5] ,[3, 1, 4, 6, 2, 5]
            ,[4, 1, 2, 6, 3, 5] ,[2, 4, 5, 1, 3, 6]
            ,[5, 2, 3, 1, 4, 6] ,[2, 4, 5, 3, 1, 6]
           ]:
Points:=[[11, 82],[19, 81],[28, 78],[35, 75],[43, 71],[50, 66],[56, 61]
       ,[62, 55],[67, 49],[72, 42],[76, 34],[79, 26],[81, 18],[82, 10]
       ,[83, 1],[83, -7],[82, -15],[80, -24],[77, -31],[73, -39],[69, -46]
       ,[64, -53],[58, -59],[52, -65],[45, -70],[38, -74],[30, -77],[22, -80]
       ,[14, -82],[6, -83] ]:
PointSelection := "QuasiUniformPointsAss(30,83)":
Machine := "rcf1422-3":
NumberOfIterations := 1000:
##############################################################################
Instance:=15000:
PreTime:=  11124.20:
GroebnerTime:=  49710.37:
RealTime:=  12614.86:
Table:=[[2,5073,9925]
       ,[2,5652,9346]
       ,[44,10185,4771]
       ,[0,4100,10900]
       ,[3756,6732,4512]
       ,[278,5177,9545]
       ,[795,3814,10391]
       ,[0,7978,7022]
       ,[82,5451,9467]
       ,[34,6917,8049]
       ,[0,7353,7647]
       ,[0,4709,10291]
       ,[1,7496,7503]
       ,[0,5155,9845]
       ,[0,4241,10759]
       ,[102,5629,9269]
       ,[0,333,14667]
       ,[0,1963,13037]
       ,[44,10185,4771]
       ,[3,7275,7722]
       ,[750,6824,7426]
       ,[5,5981,9014]
       ,[0,0,15000]
       ,[0,3469,11531]
       ,[2,7642,7356]
       ,[65,5796,9139]
       ,[34,6917,8049]
       ,[102,5629,9269]
       ,[0,1963,13037]
       ,[2,5652,9346]
       ,[65,5796,9139]
       ,[0,4100,10900]
       ,[0,2692,12308]
       ,[0,143,14857]
       ,[0,9105,5895]
       ,[0,8389,6611]
       ,[4,6150,8846]
       ,[0,4675,10325]
       ,[0,0,15000]
       ,[0,4043,10957]
       ,[0,4392,10608]
       ,[0,0,15000]
       ,[0,47,14953]
       ,[0,5587,9413]
       ,[0,0,15000]
       ,[0,0,15000]
       ,[0,0,15000]
       ,[1382,9163,4455]
       ,[0,5155,9845]
       ,[270,3983,10747]
       ,[0,5587,9413]
       ,[5,5193,9802]
       ,[100,4419,10481]
       ,[0,5824,9176]
       ,[302,6555,8143]
       ,[0,3897,11103]
       ,[596,6191,8213]
       ,[1382,9163,4455]
       ,[256,6351,8393]
       ,[0,4948,10052]
       ,[0,0,15000]
       ,[0,5575,9425]
       ,[0,0,15000]
       ,[0,2216,12784]
       ,[0,0,15000]
       ,[0,0,15000]
       ,[0,127,14873]
       ,[573,6217,8210]
       ,[0,3451,11549]
       ,[0,5652,9348]
       ,[0,0,15000]
       ,[0,5652,9348]
       ,[19,5282,9699]
       ,[3,7275,7722]
       ,[0,3986,11014]
       ,[0,7472,7528]
       ,[5,5193,9802]
       ,[0,2692,12308]
       ,[0,4750,10250]
       ,[0,49,14951]
       ,[100,4419,10481]
       ,[0,4043,10957]
       ,[0,2216,12784]
       ,[0,3569,11431]
       ,[0,8811,6189]
       ,[0,8389,6611]
       ,[0,7988,7012]
       ,[444,6430,8126]
       ,[5,5981,9014]
       ,[0,3897,11103]]:
CoefficientHeight:=   81.3:

