##############################################################################
#
#  Data for the enumerative problem
#  X32 We3 Ye5  = 10 on rcf1422-2
#
##############################################################################
FlagVariety:=[2, 3, 4, 6]:
Label := "X32 We3 Ye5 ":
EnumerativeProblem:=[ [1, 4, 6, 2, 3, 5] ,[1, 3, 2, 4, 5, 6]
                     ,[1, 3, 2, 4, 5, 6] ,[1, 3, 2, 4, 5, 6]
                     ,[1, 2, 3, 5, 4, 6] ,[1, 2, 3, 5, 4, 6]
                     ,[1, 2, 3, 5, 4, 6] ,[1, 2, 3, 5, 4, 6]
                     ,[1, 2, 3, 5, 4, 6]]:
NumberOfSolutions := 10:
Necklaces:=[ [1, 2, 3, 4, 5, 6, 7, 8] ,[1, 2, 4, 3, 5, 6, 7, 8]
            ,[1, 2, 5, 3, 4, 6, 7, 8] ,[1, 2, 6, 3, 4, 5, 7, 8]
            ,[1, 2, 7, 3, 4, 5, 6, 8] ,[1, 2, 8, 3, 4, 5, 6, 7]
            ,[1, 3, 4, 2, 5, 6, 7, 8] ,[1, 3, 5, 2, 4, 6, 7, 8]
            ,[1, 3, 6, 2, 4, 5, 7, 8] ,[1, 3, 7, 2, 4, 5, 6, 8]
            ,[1, 3, 8, 2, 4, 5, 6, 7] ,[1, 4, 5, 2, 3, 6, 7, 8]
            ,[1, 4, 6, 2, 3, 5, 7, 8] ,[1, 4, 7, 2, 3, 5, 6, 8]
            ,[1, 4, 8, 2, 3, 5, 6, 7] ,[1, 5, 6, 2, 3, 4, 7, 8]
            ,[1, 5, 7, 2, 3, 4, 6, 8] ,[1, 6, 7, 2, 3, 4, 5, 8]
            ,[2, 3, 4, 1, 5, 6, 7, 8] ,[2, 3, 5, 1, 4, 6, 7, 8]
            ,[2, 3, 6, 1, 4, 5, 7, 8] ,[2, 3, 7, 1, 4, 5, 6, 8]
            ,[2, 4, 5, 1, 3, 6, 7, 8] ,[2, 4, 6, 1, 3, 5, 7, 8]
            ,[2, 4, 7, 1, 3, 5, 6, 8] ,[2, 5, 6, 1, 3, 4, 7, 8]
            ,[3, 4, 5, 1, 2, 6, 7, 8] ,[3, 4, 6, 1, 2, 5, 7, 8]
           ]:
Points:=[[3, 21],[5, 20],[7, 20],[9, 19],[11, 18],[13, 17],[14, 15]
       ,[16, 14],[17, 12],[18, 11],[19, 9],[20, 7],[20, 5],[21, 2]
       ,[21, 0],[21, -2],[21, -4],[20, -6],[19, -8],[19, -10],[17, -12]
       ,[16, -13],[15, -15],[13, -16],[11, -18],[10, -19],[8, -20],[6, -20]
       ,[4, -21],[1, -21] ]:
PointSelection := "QuasiUniformPointsAss(30,21)":
Machine := "rcf1422-2":
##############################################################################
Instance:=10000:
PreTime:=   7068.05:
GroebnerTime:=1571061.99:
RealTime:=  36895.39:
Table:=[[0,0,0,0,0,10000]
       ,[0,0,0,0,0,10000]
       ,[0,0,0,0,0,10000]
       ,[0,0,0,0,160,9840]
       ,[0,0,1,56,635,9308]
       ,[0,0,4,271,1154,8571]
       ,[0,0,0,0,0,10000]
       ,[0,0,0,20,228,9752]
       ,[0,0,0,17,467,9516]
       ,[0,0,0,21,753,9226]
       ,[0,0,1,89,551,9359]
       ,[0,0,0,25,1021,8954]
       ,[0,0,0,25,1294,8681]
       ,[0,0,2,156,1866,7976]
       ,[0,0,1,27,1072,8900]
       ,[0,0,0,28,897,9075]
       ,[0,0,4,152,1622,8222]
       ,[0,0,28,151,1424,8397]
       ,[0,0,0,0,0,10000]
       ,[0,0,0,137,521,9342]
       ,[0,0,0,24,812,9164]
       ,[0,0,0,14,930,9056]
       ,[0,0,0,29,554,9417]
       ,[0,0,0,19,548,9433]
       ,[0,0,2,45,1482,8471]
       ,[0,0,0,13,1321,8666]
       ,[0,0,0,0,0,10000]
       ,[0,0,0,2,732,9266]]:
CoefficientHeight:=  103.6:
