##############################################################################
#
#  Data for the enumerative problem
#  X21 WW3 Xe2 YY111  = 4 on rcf1422-2
#
##############################################################################
FlagVariety:=[2, 3, 4, 6]:
Label := "X21 WW3 Xe2 YY111 ":
EnumerativeProblem:=[ [1, 3, 5, 2, 4, 6] ,[1, 5, 2, 3, 4, 6]
                     ,[1, 3, 2, 4, 5, 6] ,[1, 2, 4, 3, 5, 6]
                     ,[1, 2, 4, 3, 5, 6] ,[1, 2, 3, 5, 4, 6]
                     ,[1, 3, 4, 5, 2, 6]]:
NumberOfSolutions := 4:
Necklaces:=[ [1, 2, 3, 4, 5, 6] ,[1, 2, 3, 5, 4, 6]
            ,[1, 2, 3, 6, 4, 5] ,[1, 2, 4, 5, 3, 6]
            ,[1, 2, 4, 6, 3, 5] ,[1, 2, 5, 6, 3, 4]
            ,[1, 3, 2, 4, 5, 6] ,[1, 3, 2, 5, 4, 6]
            ,[1, 3, 2, 6, 4, 5] ,[1, 4, 2, 3, 5, 6]
            ,[1, 5, 2, 3, 4, 6] ,[1, 6, 2, 3, 4, 5]
            ,[1, 4, 2, 5, 3, 6] ,[1, 4, 2, 6, 3, 5]
            ,[1, 5, 2, 4, 3, 6] ,[1, 6, 2, 4, 3, 5]
            ,[1, 5, 2, 6, 3, 4] ,[1, 6, 2, 5, 3, 4]
            ,[1, 3, 4, 5, 2, 6] ,[1, 3, 4, 6, 2, 5]
            ,[1, 3, 5, 6, 2, 4] ,[1, 4, 3, 5, 2, 6]
            ,[1, 4, 3, 6, 2, 5] ,[1, 5, 3, 4, 2, 6]
            ,[1, 6, 3, 4, 2, 5] ,[1, 5, 3, 6, 2, 4]
            ,[1, 4, 5, 6, 2, 3] ,[1, 5, 4, 6, 2, 3]
            ,[2, 3, 1, 4, 5, 6] ,[2, 3, 1, 5, 4, 6]
            ,[2, 3, 1, 6, 4, 5] ,[2, 4, 1, 3, 5, 6]
            ,[2, 5, 1, 3, 4, 6] ,[2, 4, 1, 5, 3, 6]
            ,[2, 4, 1, 6, 3, 5] ,[2, 5, 1, 4, 3, 6]
            ,[2, 5, 1, 6, 3, 4] ,[3, 4, 1, 2, 5, 6]
            ,[3, 5, 1, 2, 4, 6] ,[4, 5, 1, 2, 3, 6]
            ,[3, 4, 1, 5, 2, 6] ,[3, 4, 1, 6, 2, 5]
            ,[3, 5, 1, 4, 2, 6] ,[4, 5, 1, 3, 2, 6]
            ,[2, 3, 4, 5, 1, 6] ,[2, 4, 3, 5, 1, 6]
            ,[2, 5, 3, 4, 1, 6] ,[3, 4, 2, 5, 1, 6]
           ]:
Points:=[[3, 23],[5, 22],[8, 22],[10, 21],[12, 20],[14, 18],[16, 17]
       ,[17, 15],[19, 13],[20, 12],[21, 9],[22, 7],[22, 5],[23, 3]
       ,[23, 0],[23, -2],[23, -4],[22, -7],[21, -9],[20, -11],[19, -13]
       ,[18, -15],[16, -16],[14, -18],[12, -19],[10, -20],[8, -21],[6, -22]
       ,[4, -23],[2, -23] ]:
PointSelection := "QuasiUniformPointsAss(30,23)":
Machine := "rcf1422-2":
##############################################################################
Instance:=1000:
PreTime:=   3332.41:
GroebnerTime:=   9096.93:
RealTime:=    753.24:
Table:=[[0,0,1000]
       ,[0,0,1000]
       ,[0,0,1000]
       ,[0,0,1000]
       ,[0,0,1000]
       ,[0,0,1000]
       ,[0,0,1000]
       ,[0,0,1000]
       ,[0,0,1000]
       ,[0,0,1000]
       ,[0,0,1000]
       ,[0,0,1000]
       ,[0,0,1000]
       ,[0,0,1000]
       ,[0,0,1000]
       ,[0,0,1000]
       ,[0,0,1000]
       ,[0,0,1000]
       ,[0,0,1000]
       ,[0,0,1000]
       ,[0,0,1000]
       ,[0,0,1000]
       ,[0,0,1000]
       ,[0,0,1000]
       ,[0,0,1000]
       ,[0,0,1000]
       ,[0,0,1000]
       ,[0,0,1000]
       ,[0,0,1000]
       ,[0,0,1000]
       ,[0,0,1000]
       ,[0,0,1000]
       ,[0,0,1000]
       ,[0,0,1000]
       ,[0,0,1000]
       ,[0,0,1000]
       ,[0,0,1000]
       ,[0,0,1000]
       ,[0,0,1000]
       ,[0,0,1000]
       ,[0,0,1000]
       ,[0,0,1000]
       ,[0,0,1000]
       ,[0,0,1000]
       ,[0,0,1000]
       ,[0,0,1000]
       ,[0,0,1000]
       ,[0,0,1000]]:
CoefficientHeight:=    8.6:
