##############################################################################
#
#  Data for the enumerative problem
#  U2e2Ve7 = 14 on Rcf1537-3.Math.Umass.Edu
#
##############################################################################
FlagVariety:=[1, 2, 7]:
Label := "U2e2Ve7":
EnumerativeProblem:=[ [3, 1, 2, 4, 5, 6, 7] ,[3, 1, 2, 4, 5, 6, 7]
                     ,[1, 3, 2, 4, 5, 6, 7] ,[1, 3, 2, 4, 5, 6, 7]
                     ,[1, 3, 2, 4, 5, 6, 7] ,[1, 3, 2, 4, 5, 6, 7]
                     ,[1, 3, 2, 4, 5, 6, 7] ,[1, 3, 2, 4, 5, 6, 7]
                     ,[1, 3, 2, 4, 5, 6, 7]]:
NumberOfSolutions := 14:
Necklaces:=[ [1, 2, 3, 4, 5, 6, 7, 8] ,[2, 1, 3, 4, 5, 6, 7, 8]
            ,[3, 1, 2, 4, 5, 6, 7, 8] ,[4, 1, 2, 3, 5, 6, 7, 8]
           ]:
Points:=[[9, 66],[16, 65],[22, 63],[28, 61],[34, 57],[40, 54],[45, 49]
       ,[50, 44],[54, 39],[58, 34],[61, 27],[64, 21],[65, 15],[67, 8]
       ,[67, 1],[67, -6],[66, -12],[64, -19],[62, -25],[59, -32],[56, -37]
       ,[52, -43],[47, -48],[42, -52],[36, -56],[31, -60],[24, -62],[18, -65]
       ,[11, -66],[5, -67] ]:
PointSelection := "QuasiUniformPointsAss(30,67)":
Machine := "Rcf1537-3.Math.Umass.Edu":
##############################################################################
Instance:=10000:
PreTime:=   7206.92:
GroebnerTime:= 394504.16:
RealTime:=   7522.36:
Table:=[[0,0,0,0,0,0,0,10000]
       ,[0,0,0,33,902,1564,1011,6490]
       ,[0,0,0,1195,2189,2932,1813,1871]
       ,[0,0,0,562,1965,3926,2690,857]]:
CoefficientHeight:=  145.7:
