##############################################################################
#
#  Data for the enumerative problem
#  V2Ve5U2e2 = 10 on Pieri
#
##############################################################################
FlagVariety:=[1, 2, 7]:
Label := "V2Ve5U2e2":
EnumerativeProblem:=[ [1, 4, 2, 3, 5, 6, 7] ,[1, 3, 2, 4, 5, 6, 7]
                     ,[1, 3, 2, 4, 5, 6, 7] ,[1, 3, 2, 4, 5, 6, 7]
                     ,[1, 3, 2, 4, 5, 6, 7] ,[1, 3, 2, 4, 5, 6, 7]
                     ,[3, 1, 2, 4, 5, 6, 7] ,[3, 1, 2, 4, 5, 6, 7]
                    ]:
NumberOfSolutions := 10:
Necklaces:=[ [1, 2, 3, 4, 5, 6, 7] ,[1, 2, 3, 4, 6, 5, 7]
            ,[1, 2, 3, 4, 7, 5, 6] ,[1, 2, 3, 5, 6, 4, 7]
            ,[1, 2, 3, 5, 7, 4, 6] ,[1, 2, 3, 6, 7, 4, 5]
            ,[1, 2, 4, 5, 6, 3, 7] ,[1, 2, 4, 5, 7, 3, 6]
            ,[1, 2, 4, 6, 7, 3, 5] ,[1, 3, 4, 5, 6, 2, 7]
            ,[1, 3, 4, 5, 7, 2, 6] ,[2, 3, 4, 5, 6, 1, 7]
           ]:
Points:=[[9, 66],[16, 65],[22, 63],[28, 61],[34, 57],[40, 54],[45, 49]
       ,[50, 44],[54, 39],[58, 34],[61, 27],[64, 21],[65, 15],[67, 8]
       ,[67, 1],[67, -6],[66, -12],[64, -19],[62, -25],[59, -32],[56, -37]
       ,[52, -43],[47, -48],[42, -52],[36, -56],[31, -60],[24, -62],[18, -65]
       ,[11, -66],[5, -67] ]:
PointSelection := "QuasiUniformPointsAss(30,67)":
Machine := "Pieri":
##############################################################################
Instance:=25000:
PreTime:=  15642.13:
GroebnerTime:= 191209.78:
RealTime:=  16683.16:
Table:=[[0,0,0,0,0,24999]
       ,[0,0,879,4238,4569,15313]
       ,[0,0,0,0,0,24999]
       ,[0,0,4133,7703,8057,5106]
       ,[0,0,313,3710,4815,16161]
       ,[0,0,0,0,0,24999]
       ,[0,0,1334,7395,11416,4854]
       ,[0,0,3124,7552,8680,5643]
       ,[0,0,139,3671,4464,16725]
       ,[0,50,2221,7020,10513,5195]
       ,[0,0,2715,7718,9329,5237]
       ,[0,3,1613,6571,6222,10590]]:
CoefficientHeight:=  115.3:
