##############################################################################
#
#  Data for the enumerative problem
#  V3Ve4U2e2 = 6 on Noether
#
##############################################################################
FlagVariety:=[1, 2, 7]:
Label := "V3Ve4U2e2":
EnumerativeProblem:=[ [1, 5, 2, 3, 4, 6, 7] ,[1, 3, 2, 4, 5, 6, 7]
                     ,[1, 3, 2, 4, 5, 6, 7] ,[1, 3, 2, 4, 5, 6, 7]
                     ,[1, 3, 2, 4, 5, 6, 7] ,[3, 1, 2, 4, 5, 6, 7]
                     ,[3, 1, 2, 4, 5, 6, 7]]:
NumberOfSolutions := 6:
Necklaces:=[ [1, 2, 3, 4, 5, 6] ,[1, 2, 3, 5, 4, 6]
            ,[1, 2, 3, 6, 4, 5] ,[1, 2, 4, 5, 3, 6]
            ,[1, 2, 4, 6, 3, 5] ,[1, 2, 5, 6, 3, 4]
            ,[1, 3, 4, 5, 2, 6] ,[1, 3, 4, 6, 2, 5]
            ,[2, 3, 4, 5, 1, 6]]:
Points:=[[5, 31],[9, 30],[12, 29],[16, 27],[19, 25],[21, 22],[24, 20]
       ,[26, 17],[28, 13],[29, 10],[30, 6],[31, 2],[31, -1],[31, -5]
       ,[30, -9],[29, -12],[27, -16],[25, -19],[22, -21],[20, -24],[17, -26]
       ,[13, -28],[10, -29],[6, -30],[2, -31] ]:
PointSelection := "QuasiUniformPointsAss(25,31)":
Machine := "Noether":
##############################################################################
Instance:=25000:
PreTime:=  17602.82:
GroebnerTime:=  17453.61:
RealTime:=   6154.43:
Table:=[[0,0,0,25000]
       ,[0,658,6979,17363]
       ,[0,0,0,25000]
       ,[0,4217,10735,10048]
       ,[0,718,4565,19717]
       ,[0,0,0,25000]
       ,[0,2136,9183,13681]
       ,[0,3255,11517,10228]
       ,[0,3483,6692,14825]]:
CoefficientHeight:=   60.8:
