##############################################################################
#
#  Data for the enumerative problem
#  V2e4VUe2 = 9 on rcf1537-9
#
##############################################################################
FlagVariety:=[1, 2, 7]:
Label := "V2e4VUe2":
EnumerativeProblem:=[ [1, 4, 2, 3, 5, 6, 7] ,[1, 4, 2, 3, 5, 6, 7]
                     ,[1, 4, 2, 3, 5, 6, 7] ,[1, 4, 2, 3, 5, 6, 7]
                     ,[1, 3, 2, 4, 5, 6, 7] ,[2, 1, 3, 4, 5, 6, 7]
                     ,[2, 1, 3, 4, 5, 6, 7]]:
NumberOfSolutions := 9:
Necklaces:=[ [1, 2, 3, 4, 5, 6] ,[1, 2, 3, 5, 4, 6]
            ,[1, 2, 4, 3, 5, 6] ,[1, 2, 5, 3, 4, 6]
            ,[1, 2, 4, 5, 3, 6] ,[1, 3, 4, 2, 5, 6]
            ,[1, 3, 5, 2, 4, 6] ,[1, 4, 5, 2, 3, 6]
            ,[1, 3, 5, 4, 2, 6]]:
Points:=[[6, 41],[10, 40],[14, 39],[17, 37],[21, 35],[25, 33],[28, 30]
       ,[31, 27],[33, 24],[36, 21],[37, 17],[39, 13],[40, 9],[41, 5]
       ,[41, 1],[41, -3],[40, -8],[39, -12],[38, -16],[36, -19],[34, -23]
       ,[32, -26],[29, -29],[26, -32],[22, -34],[19, -36],[15, -38],[11, -40]
       ,[7, -40],[3, -41] ]:
PointSelection := "QuasiUniformPointsAss(30,41)":
Machine := "rcf1537-9":
##############################################################################
Instance:=25000:
PreTime:=  14517.99:
GroebnerTime:= 398990.56:
RealTime:=   9671.82:
Table:=[[0,0,0,0,25000]
       ,[0,3186,5414,7095,9305]
       ,[0,0,0,0,25000]
       ,[0,0,0,3604,21396]
       ,[0,0,4896,10028,10076]
       ,[0,0,0,0,25000]
       ,[0,0,0,5256,19744]
       ,[20,530,2240,12601,9609]
       ,[32,318,1134,11908,11608]]:
CoefficientHeight:=   99.9:
