##############################################################################
#
#  Data for the enumerative problem
#  Ve9Ue2 = 42 on MSRI 1.2G
#
##############################################################################
FlagVariety:=[1, 2, 7]:
Label := "Ve9Ue2":
EnumerativeProblem:=[ [1, 3, 2, 4, 5, 6, 7] ,[1, 3, 2, 4, 5, 6, 7]
                     ,[1, 3, 2, 4, 5, 6, 7] ,[1, 3, 2, 4, 5, 6, 7]
                     ,[1, 3, 2, 4, 5, 6, 7] ,[1, 3, 2, 4, 5, 6, 7]
                     ,[1, 3, 2, 4, 5, 6, 7] ,[1, 3, 2, 4, 5, 6, 7]
                     ,[1, 3, 2, 4, 5, 6, 7] ,[2, 1, 3, 4, 5, 6, 7]
                     ,[2, 1, 3, 4, 5, 6, 7]]:
NumberOfSolutions := 42:
Necklaces:=[ [1, 3, 4, 5, 6, 7, 8, 9, 2, 10] ,[1, 2, 4, 5, 7, 8, 9, 10, 3, 6]
            ,[1, 2, 4, 5, 6, 7, 8, 9, 3, 10] ,[1, 2, 4, 5, 6, 8, 9, 10, 3, 7]
            ,[1, 2, 3, 5, 6, 7, 8, 9, 4, 10] ,[1, 2, 4, 5, 6, 7, 9, 10, 3, 8]
           ]:
Points:=[[1, -31],[1, -26],[1, -23],[1, -17],[1, -13],[1, -11],[1, -6]
       ,[1, -1],[2, -1],[8, 1],[3, 1],[5, 3],[1, 5],[1, 7]
       ,[1, 13],[1, 16],[1, 19],[1, 22],[1, 25],[1, 29],[1, 33]
        ]:
PointSelection := "adhoc":
Machine := "MSRI 1.2G":
##############################################################################
Instance:=1000:
PreTime:=    331.55:
GroebnerTime:=2438310.42:
RealTime:=   8255.54:
Table:=[[0,0,0,0,0,0,0,0,0,0,0,2,46,39,166,148,210,195,104,58,21,11]
       ,[0,0,0,0,0,0,0,22,0,2,3,6,24,35,80,79,128,96,122,86,52,265]
       ,[0,0,0,0,0,0,0,0,0,2,9,12,28,54,80,121,142,155,189,116,73,19]
       ,[0,0,0,0,0,0,0,0,1,5,9,40,58,77,91,122,135,139,112,77,42,92]
       ,[0,0,0,0,0,0,0,0,1,1,2,6,25,43,85,119,167,206,170,107,51,17]
       ,[0,0,0,0,0,0,0,0,0,1,2,8,26,39,105,159,162,192,139,113,37,17]]:
CoefficientHeight:=    0.0:
