##############################################################################
#
#  Data for the enumerative problem
#  V31Ve5Ue2 = 9 on Noether
#
##############################################################################
FlagVariety:=[1, 2, 7]:
Label := "V31Ve5Ue2":
EnumerativeProblem:=[ [2, 5, 1, 3, 4, 6, 7] ,[1, 3, 2, 4, 5, 6, 7]
                     ,[1, 3, 2, 4, 5, 6, 7] ,[1, 3, 2, 4, 5, 6, 7]
                     ,[1, 3, 2, 4, 5, 6, 7] ,[1, 3, 2, 4, 5, 6, 7]
                     ,[2, 1, 3, 4, 5, 6, 7] ,[2, 1, 3, 4, 5, 6, 7]
                    ]:
NumberOfSolutions := 9:
Necklaces:=[ [1, 2, 3, 4, 5, 6, 7] ,[1, 2, 3, 4, 6, 5, 7]
            ,[1, 2, 3, 4, 7, 5, 6] ,[1, 2, 3, 5, 6, 4, 7]
            ,[1, 2, 3, 5, 7, 4, 6] ,[1, 2, 3, 6, 7, 4, 5]
            ,[1, 2, 4, 5, 6, 3, 7] ,[1, 2, 4, 5, 7, 3, 6]
            ,[1, 2, 4, 6, 7, 3, 5] ,[1, 3, 4, 5, 6, 2, 7]
            ,[1, 3, 4, 5, 7, 2, 6] ,[2, 3, 4, 5, 6, 1, 7]
           ]:
Points:=[[9, 66],[16, 65],[22, 63],[28, 61],[34, 57],[40, 54],[45, 49]
       ,[50, 44],[54, 39],[58, 34],[61, 27],[64, 21],[65, 15],[67, 8]
       ,[67, 1],[67, -6],[66, -12],[64, -19],[62, -25],[59, -32],[56, -37]
       ,[52, -43],[47, -48],[42, -52],[36, -56],[31, -60],[24, -62],[18, -65]
       ,[11, -66],[5, -67] ]:
PointSelection := "QuasiUniformPointsAss(30,67)":
Machine := "Noether":
##############################################################################
Instance:=50000:
PreTime:=  18002.95:
GroebnerTime:= 324820.17:
RealTime:=  31385.57:
Table:=[[0,0,0,0,50000]
       ,[0,8677,11619,11412,18292]
       ,[0,0,0,0,50000]
       ,[51,1472,8316,22550,17611]
       ,[0,8576,13892,10240,17292]
       ,[0,0,0,0,50000]
       ,[0,3639,8538,26416,11407]
       ,[95,2208,12400,22307,12990]
       ,[0,9748,14105,9545,16602]
       ,[0,4438,12660,14591,18311]
       ,[0,4729,12210,20145,12916]
       ,[0,0,3281,4972,41747]]:
CoefficientHeight:=  122.7:
