##############################################################################
#
#  Data for the enumerative problem
#  Ue2Ve9 = 42 on MSRI 1.2G
#
##############################################################################
FlagVariety:=[1, 2, 7]:
Label := "Ue2Ve9":
EnumerativeProblem:=[ [2, 1, 3, 4, 5, 6, 7] ,[2, 1, 3, 4, 5, 6, 7]
                     ,[1, 3, 2, 4, 5, 6, 7] ,[1, 3, 2, 4, 5, 6, 7]
                     ,[1, 3, 2, 4, 5, 6, 7] ,[1, 3, 2, 4, 5, 6, 7]
                     ,[1, 3, 2, 4, 5, 6, 7] ,[1, 3, 2, 4, 5, 6, 7]
                     ,[1, 3, 2, 4, 5, 6, 7] ,[1, 3, 2, 4, 5, 6, 7]
                     ,[1, 3, 2, 4, 5, 6, 7]]:
NumberOfSolutions := 42:
Necklaces:=[ [1, 2, 3, 4, 5, 6, 7, 8, 9, 10] ,[2, 1, 3, 4, 5, 6, 7, 8, 9, 10]
            ,[3, 1, 2, 4, 5, 6, 7, 8, 9, 10] ,[4, 1, 2, 3, 5, 6, 7, 8, 9, 10]
            ,[5, 1, 2, 3, 4, 6, 7, 8, 9, 10]
            ,[8, 1, 2, 3, 4, 5, 6, 7, 9, 10] ,[7, 1, 2, 3, 4, 5, 6, 8, 9, 10]
            ,[6, 1, 2, 3, 4, 5, 7, 8, 9, 10]
            ,[9, 1, 2, 3, 4, 5, 6, 7, 8, 10] ,[10, 1, 2, 3, 4, 5, 6, 7, 8, 9]
]:
Points:=[[1, -31],[1, -26],[1, -23],[1, -17],[1, -13],[1, -11],[1, -6]
       ,[1, -1],[2, -1],[8, 1],[3, 1],[5, 3],[1, 5],[1, 7]
       ,[1, 13],[1, 16],[1, 19],[1, 22],[1, 25],[1, 29],[1, 33]
        ]:
PointSelection := "adhoc":
Machine := "MSRI 1.2G":
##############################################################################
Instance:=1000:
PreTime:=    342.04+306.48+379.53:
GroebnerTime:=6206961.46+2699129.22+3649146.71:
RealTime:=   9328.93+5034.76+20094.39:
Table:=[[0,0,0,0,0,0,0,0,0,0,0,0,0,0,0,0,0,0,0,0,0,1000]
       ,[0,0,0,0,0,0,0,71,30,37,59,53,85,70,58,37,41,29,29,23,15,363]
       ,[0,0,0,0,0,0,0,0,0,0,0,0,6,4,45,47,188,98,132,154,139,187]
       ,[0,0,0,0,0,0,0,0,11,18,27,58,69,79,77,94,135,143,170,70,25,24]
       ,[0,0,0,0,0,0,0,0,0,3,5,24,21,54,67,105,136,206,167,154,46,12]
       ,[0,0,0,0,0,0,0,0,0,0,0,0,2,8,37,54,184,76,125,138,87,289]
       ,[0,0,0,0,0,0,0,1,9,21,31,68,64,95,89,86,173,137,139,51,23,13]
       ,[0,0,0,0,0,0,0,0,2,2,10,15,41,43,71,123,155,184,162,127,42,23]
       ,[0,0,0,0,0,0,0,145,40,51,54,39,70,44,33,40,27,40,52,41,19,305]
       ,[0,0,0,0,0,0,0,0,0,0,0,0,0,0,0,0,0,0,0,0,0,1000]]:
CoefficientHeight:= (293.0+281.8+265.4)/3:
