##############################################################################
#
#  Data for the enumerative problem
#  V2e2Ve4Ue3 = 13 on rcf1422-4
#
##############################################################################
FlagVariety:=[1, 2, 7]:
Label := "V2e2Ve4Ue3":
EnumerativeProblem:=[ [1, 4, 2, 3, 5, 6, 7] ,[1, 4, 2, 3, 5, 6, 7]
                     ,[1, 3, 2, 4, 5, 6, 7] ,[1, 3, 2, 4, 5, 6, 7]
                     ,[1, 3, 2, 4, 5, 6, 7] ,[1, 3, 2, 4, 5, 6, 7]
                     ,[2, 1, 3, 4, 5, 6, 7] ,[2, 1, 3, 4, 5, 6, 7]
                     ,[2, 1, 3, 4, 5, 6, 7]]:
NumberOfSolutions := 13:
Necklaces:=[ [1, 4, 5, 6, 7, 2, 3, 8] ,[2, 1, 3, 4, 5, 6, 7, 8]
            ,[1, 2, 3, 4, 5, 6, 7, 8] ,[1, 2, 3, 5, 8, 4, 6, 7]
            ,[6, 3, 4, 5, 7, 1, 2, 8] ,[6, 2, 3, 4, 7, 1, 5, 8]
            ,[7, 2, 3, 4, 5, 1, 6, 8] ,[6, 2, 3, 4, 5, 1, 7, 8]
            ,[5, 2, 3, 4, 7, 1, 6, 8] ,[5, 2, 3, 4, 6, 1, 7, 8]
            ,[4, 2, 3, 6, 7, 1, 5, 8] ,[4, 2, 3, 5, 7, 1, 6, 8]
            ,[4, 2, 3, 5, 6, 1, 7, 8] ,[3, 2, 4, 6, 7, 1, 5, 8]
            ,[3, 2, 4, 5, 7, 1, 6, 8] ,[2, 3, 5, 6, 7, 1, 4, 8]
            ,[2, 3, 4, 6, 7, 1, 5, 8] ,[2, 3, 4, 5, 7, 1, 6, 8]
            ,[2, 3, 4, 5, 6, 1, 7, 8] ,[7, 1, 4, 5, 6, 2, 3, 8]
            ,[6, 1, 4, 5, 7, 2, 3, 8] ,[5, 1, 4, 6, 7, 2, 3, 8]
            ,[4, 1, 5, 6, 7, 2, 3, 8] ,[7, 1, 3, 5, 6, 2, 4, 8]
            ,[6, 1, 3, 5, 7, 2, 4, 8] ,[5, 1, 3, 6, 7, 2, 4, 8]
            ,[7, 1, 3, 4, 6, 2, 5, 8] ,[6, 1, 3, 4, 7, 2, 5, 8]
            ,[6, 1, 3, 4, 5, 2, 7, 8] ,[5, 1, 3, 4, 7, 2, 6, 8]
            ,[5, 1, 3, 4, 6, 2, 7, 8] ,[4, 1, 3, 6, 7, 2, 5, 8]
            ,[4, 1, 3, 5, 7, 2, 6, 8] ,[4, 1, 3, 5, 6, 2, 7, 8]
            ,[3, 1, 4, 5, 7, 2, 6, 8] ,[3, 1, 4, 5, 6, 2, 7, 8]
            ,[7, 1, 2, 5, 6, 3, 4, 8] ,[6, 1, 2, 5, 7, 3, 4, 8]
            ,[5, 1, 2, 6, 7, 3, 4, 8] ,[6, 1, 2, 4, 5, 3, 7, 8]
            ,[5, 1, 2, 4, 6, 3, 7, 8] ,[5, 1, 2, 3, 4, 6, 7, 8]
            ,[4, 1, 2, 3, 7, 5, 6, 8] ,[4, 1, 2, 3, 5, 6, 7, 8]
            ,[3, 1, 2, 6, 7, 4, 5, 8] ,[3, 1, 2, 5, 7, 4, 6, 8]
            ,[3, 1, 2, 4, 7, 5, 6, 8] ,[3, 1, 2, 4, 6, 5, 7, 8]
            ,[3, 1, 2, 4, 5, 6, 7, 8] ,[2, 1, 5, 6, 7, 3, 4, 8]
            ,[2, 1, 4, 6, 7, 3, 5, 8] ,[2, 1, 3, 6, 7, 4, 5, 8]
            ,[2, 1, 3, 5, 7, 4, 6, 8] ,[2, 1, 3, 5, 6, 4, 7, 8]
            ,[2, 1, 3, 4, 7, 5, 6, 8] ,[2, 1, 3, 4, 6, 5, 7, 8]
            ,[1, 3, 5, 6, 7, 2, 4, 8] ,[1, 3, 4, 6, 7, 2, 5, 8]
            ,[1, 2, 5, 6, 7, 3, 4, 8] ,[1, 2, 4, 6, 7, 3, 5, 8]
            ,[1, 2, 4, 5, 7, 3, 6, 8] ,[1, 2, 4, 5, 6, 3, 7, 8]
            ,[1, 2, 3, 6, 7, 4, 5, 8] ,[1, 2, 3, 5, 7, 4, 6, 8]
            ,[1, 2, 3, 5, 6, 4, 7, 8] ,[1, 2, 3, 4, 7, 5, 6, 8]
            ,[1, 2, 3, 4, 6, 5, 7, 8] ,[1, 2, 4, 7, 8, 3, 5, 6]
            ,[2, 1, 3, 5, 8, 4, 6, 7] ,[1, 2, 4, 6, 8, 3, 5, 7]
            ,[1, 2, 4, 5, 8, 3, 6, 7] ,[1, 2, 6, 7, 8, 3, 4, 5]
            ,[2, 1, 3, 7, 8, 4, 5, 6] ,[1, 2, 3, 7, 8, 4, 5, 6]
            ,[5, 1, 4, 6, 8, 2, 3, 7] ,[3, 1, 2, 4, 8, 5, 6, 7]
           ]:
Points:=[[1, -39],[1, -38],[1, -37],[1, -35],[1, -33],[1, -29],[1, -27]
       ,[1, -23],[1, -21],[1, -17],[1, -11],[1, -9],[1, -3],[1, 1]
       ,[1, 3],[1, 7],[1, 13],[1, 19],[1, 21],[1, 27],[1, 31]
       ,[1, 33],[1, 39],[1, 43] ]:
PointSelection := "Primes(24)":
Machine := "rcf1422-4":
##############################################################################
Instance:=15000:
PreTime:=  11063.23:
GroebnerTime:=1483735.33:
RealTime:=  96379.23:
Table:=[[0,0,752,2357,4431,5480,1980]
       ,[0,0,0,0,0,0,15000]
       ,[0,0,0,0,0,0,15000]
       ,[0,0,178,1486,3929,2073,7334]
       ,[0,0,0,744,4025,6288,3943]
       ,[0,290,1409,4592,3975,3118,1616]
       ,[0,0,252,964,3941,7092,2751]
       ,[0,0,0,340,2484,6267,5909]
       ,[1,1305,2608,2773,2910,3500,1903]
       ,[0,0,0,329,3157,6468,5046]
       ,[0,42,1126,4109,4890,3542,1291]
       ,[7,500,3396,2584,2757,3556,2200]
       ,[0,0,0,457,3147,6345,5051]
       ,[2,44,1701,5237,4285,2197,1534]
       ,[3,244,3431,2307,2708,3593,2714]
       ,[0,82,764,2622,4075,4888,2569]
       ,[0,13,1128,5003,4220,3229,1407]
       ,[3,21,3442,2406,2149,3846,3133]
       ,[0,0,0,123,916,5648,8313]
       ,[0,0,0,23,4174,6161,4642]
       ,[0,0,33,1043,4268,6184,3472]
       ,[0,0,66,1517,4922,5299,3196]
       ,[0,0,206,2134,4886,5046,2728]
       ,[8,92,3115,4243,3829,2726,987]
       ,[15,665,3312,4378,3832,2036,762]
       ,[25,726,2970,4047,4112,2432,688]
       ,[1,83,909,3729,5163,3598,1517]
       ,[3,261,1671,5118,4634,2335,978]
       ,[0,0,591,2078,4441,5215,2675]
       ,[34,2114,3094,3198,3356,2300,904]
       ,[0,6,46,1226,4723,5832,3167]
       ,[2,390,2644,4377,4181,2625,781]
       ,[35,1559,3595,3268,3230,2332,981]
       ,[0,3,118,1447,5020,5721,2691]
       ,[4,694,3900,3327,2422,2846,1807]
       ,[0,1,269,1875,2764,5217,4874]
       ,[0,0,9,977,3664,5852,4498]
       ,[0,0,1169,2681,4497,4033,2620]
       ,[0,0,411,2187,5192,4905,2305]
       ,[0,0,591,1963,4391,5547,2508]
       ,[0,0,723,2781,4339,4707,2450]
       ,[0,0,0,0,0,0,15000]
       ,[0,0,37,3644,1367,827,9125]
       ,[0,0,0,0,0,0,15000]
       ,[0,6,1303,4448,2586,3133,3524]
       ,[0,1,2499,4105,3031,1969,3395]
       ,[0,0,148,3142,1335,727,9648]
       ,[0,0,261,1990,1556,1060,10133]
       ,[0,0,0,0,0,0,15000]
       ,[0,0,393,1918,4103,6343,2243]
       ,[0,57,2363,5014,3950,2448,1168]
       ,[0,8,1537,4487,2407,2988,3573]
       ,[0,2,2558,3784,3621,1951,3084]
       ,[0,20,702,1992,5309,4637,2340]
       ,[0,0,140,2849,1358,825,9828]
       ,[0,0,353,1883,1724,864,10176]
       ,[0,219,1703,3854,3998,3835,1391]
       ,[0,142,1564,4453,4042,3361,1438]
       ,[0,0,321,1747,4114,6489,2329]
       ,[1,107,2440,4874,4115,2434,1029]
       ,[3,154,2885,3399,3769,3580,1210]
       ,[0,0,170,1313,2960,7414,3143]
       ,[0,6,1554,4364,2626,3033,3417]
       ,[0,0,2589,3924,3580,1826,3081]
       ,[0,16,788,2164,5827,4214,1991]
       ,[0,0,118,2627,1500,874,9881]
       ,[0,0,429,1822,1740,876,10133]
       ,[0,0,73,1222,3960,3586,6159]
       ,[0,0,122,1280,4096,2206,7296]
       ,[0,55,3284,4105,3645,2553,1358]
       ,[0,17,231,1600,5363,5251,2538]
       ,[0,0,0,0,0,0,15000]
       ,[0,0,0,0,0,0,15000]
       ,[0,0,0,0,0,0,15000]
       ,[0,0,1269,3319,5311,3723,1378]
       ,[0,0,0,0,0,0,15000]]:
CoefficientHeight:=   69.2:
