##############################################################################
#
#  Data for the enumerative problem
#  Ue3Ve8 = 28 on Ananke
#
##############################################################################
FlagVariety:=[1, 2, 7]:
Label := "Ue3Ve8":
EnumerativeProblem:=[ [2, 1, 3, 4, 5, 6, 7] ,[2, 1, 3, 4, 5, 6, 7]
                     ,[2, 1, 3, 4, 5, 6, 7] ,[1, 3, 2, 4, 5, 6, 7]
                     ,[1, 3, 2, 4, 5, 6, 7] ,[1, 3, 2, 4, 5, 6, 7]
                     ,[1, 3, 2, 4, 5, 6, 7] ,[1, 3, 2, 4, 5, 6, 7]
                     ,[1, 3, 2, 4, 5, 6, 7] ,[1, 3, 2, 4, 5, 6, 7]
                     ,[1, 3, 2, 4, 5, 6, 7]]:
NumberOfSolutions := 28:
Necklaces:=[ [1, 2, 3, 4, 5, 6, 7, 8, 9, 10] ,[1, 3, 2, 4, 5, 6, 7, 8, 9, 10]
            ,[1, 4, 2, 3, 5, 6, 7, 8, 9, 10] ,[1, 5, 2, 3, 4, 6, 7, 8, 9, 10]
            ,[1, 6, 2, 3, 4, 5, 7, 8, 9, 10] ,[2, 4, 1, 3, 5, 6, 7, 8, 9, 10]
            ,[2, 5, 1, 3, 4, 6, 7, 8, 9, 10] ,[2, 6, 1, 3, 4, 5, 7, 8, 9, 10]
            ,[3, 6, 1, 2, 4, 5, 7, 8, 9, 10] ,[3, 7, 1, 2, 4, 5, 6, 8, 9, 10]
           ]:
Points:=[[1, -31],[1, -26],[1, -23],[1, -17],[1, -13],[1, -11],[1, -6]
       ,[1, -1],[2, -1],[8, 1],[3, 1],[5, 3],[1, 5],[1, 7]
       ,[1, 13],[1, 16],[1, 19],[1, 22],[1, 25],[1, 29],[1, 33]
        ]:
PointSelection := "adhoc":
Machine := "Ananke":
##############################################################################
Instance:=2000:
PreTime:=    437.77:
GroebnerTime:=5878054.86:
RealTime:=  33639.92:
Table:=[ [0, 0, 0, 0, 0, 0, 0, 0, 0, 0, 0, 0, 0, 0, 2000]
        ,[0, 0, 0, 0, 0, 68, 26, 80, 61, 98, 164, 120, 128, 111, 1144]
        ,[0, 0, 0, 0, 0, 61, 45, 142, 132, 195, 274, 278, 303, 226, 344]
        ,[0, 0, 0, 0, 0, 0, 0, 28, 101, 166, 262, 335, 387, 349, 372]
        ,[0, 0, 0, 0, 0, 9, 63, 89, 178, 277, 347, 353, 337, 245, 102]
        ,[0, 0, 0, 0, 0, 531, 162, 169, 162, 199, 201, 190, 96, 62, 228]
        ,[0, 0, 0, 0, 25, 184, 153, 152, 215, 334, 258, 270, 165, 112, 132]
        ,[0, 0, 2, 9, 77, 189, 203, 263, 264, 245, 234, 233, 170, 67, 44]
        ,[0, 0, 0, 0, 6, 35, 51, 159, 233, 329, 328, 284, 295, 175, 105]
        ,[0, 0, 0, 0, 2, 37, 127, 247, 393, 377, 343, 249, 132, 76, 17]]:
CoefficientHeight:=  219.9:
