##############################################################################
#
#  Data for the enumerative problem
#  V2e4Ue3 = 6 on Schubert
#
##############################################################################
FlagVariety:=[1, 2, 7]:
Label := "V2e4Ue3":
EnumerativeProblem:=[ [1, 4, 2, 3, 5, 6, 7] ,[1, 4, 2, 3, 5, 6, 7]
                     ,[1, 4, 2, 3, 5, 6, 7] ,[1, 4, 2, 3, 5, 6, 7]
                     ,[2, 1, 3, 4, 5, 6, 7] ,[2, 1, 3, 4, 5, 6, 7]
                     ,[2, 1, 3, 4, 5, 6, 7]]:
NumberOfSolutions := 6:
Necklaces:=[ [1, 2, 3, 4, 5, 6] ,[1, 2, 4, 3, 5, 6]
            ,[1, 3, 4, 2, 5, 6] ,[1, 3, 5, 2, 4, 6]
           ]:
Points:=[[5, 31],[9, 30],[12, 29],[16, 27],[19, 25],[21, 22],[24, 20]
       ,[26, 17],[28, 13],[29, 10],[30, 6],[31, 2],[31, -1],[31, -5]
       ,[30, -9],[29, -12],[27, -16],[25, -19],[22, -21],[20, -24],[17, -26]
       ,[13, -28],[10, -29],[6, -30],[2, -31] ]:
PointSelection := "QuasiUniformPointsAss(25,31)":
Machine := "Schubert":
##############################################################################
Instance:=25000:
PreTime:=  19913.42:
GroebnerTime:=  42198.93:
RealTime:=   3816.25:
Table:=[[0,0,0,25000]
       ,[0,0,7198,17802]
       ,[0,1459,10302,13239]
       ,[0,756,7933,16311]]:
CoefficientHeight:=   95.5:
