##############################################################################
#
#  Data for the enumerative problem
#  U2UVe8 = 28 on TAMU
#
##############################################################################
FlagVariety:=[1, 2, 7]:
Label := "U2UVe8":
EnumerativeProblem:=[ [3, 1, 2, 4, 5, 6, 7] ,[2, 1, 3, 4, 5, 6, 7]
                     ,[1, 3, 2, 4, 5, 6, 7] ,[1, 3, 2, 4, 5, 6, 7]
                     ,[1, 3, 2, 4, 5, 6, 7] ,[1, 3, 2, 4, 5, 6, 7]
                     ,[1, 3, 2, 4, 5, 6, 7] ,[1, 3, 2, 4, 5, 6, 7]
                     ,[1, 3, 2, 4, 5, 6, 7] ,[1, 3, 2, 4, 5, 6, 7]
                    ]:
NumberOfSolutions := 28:
Necklaces:=[ [1, 2, 3, 4, 5, 6, 7, 8, 9] ,[2, 1, 3, 4, 5, 6, 7, 8, 9]
            ,[3, 1, 2, 4, 5, 6, 7, 8, 9] ,[4, 1, 2, 3, 5, 6, 7, 8, 9]
            ,[5, 1, 2, 3, 4, 6, 7, 8, 9]]:
Points:=[[1, -31],[1, -30],[1, -29],[1, -27],[1, -24],[1, -21],[1, -19]
       ,[1, -15],[1, -13],[1, -9],[1, -3],[1, -1],[1, 5],[1, 9]
       ,[1, 11],[1, 15],[1, 21],[1, 27],[1, 29],[1, 34] ]:
PointSelection := "Primes(20)":
Machine := "TAMU":
##############################################################################
Instance:=20000:
PreTime:=   2998.17:
GroebnerTime:=9771360.64:
RealTime:=  19105.96:
Table:=[[0,0,0,0,0,0,0,0,0,0,0,0,0,0,20000]
       ,[0,0,0,0,0,3442,1486,942,888,1178,1038,697,625,224,9480]
       ,[0,0,0,0,0,15,56,425,747,4038,1791,2810,2691,1254,6173]
       ,[0,0,0,0,0,19,256,899,1822,2226,2293,4104,3843,2598,1940]
       ,[0,0,0,0,0,381,1615,2184,2978,3363,3871,3024,1527,698,359]]:
CoefficientHeight:=  96.8:
