##############################################################################
#
#  Data for the enumerative problem
#  U3UVe7 = 14 on Croix
#
##############################################################################
FlagVariety:=[1, 2, 7]:
Label := "U3UVe7":
EnumerativeProblem:=[ [4, 1, 2, 3, 5, 6, 7] ,[2, 1, 3, 4, 5, 6, 7]
                     ,[1, 3, 2, 4, 5, 6, 7] ,[1, 3, 2, 4, 5, 6, 7]
                     ,[1, 3, 2, 4, 5, 6, 7] ,[1, 3, 2, 4, 5, 6, 7]
                     ,[1, 3, 2, 4, 5, 6, 7] ,[1, 3, 2, 4, 5, 6, 7]
                     ,[1, 3, 2, 4, 5, 6, 7]]:
NumberOfSolutions := 14:
Necklaces:=[ [1, 2, 3, 4, 5, 6, 7, 8] ,[2, 1, 3, 4, 5, 6, 7, 8]
            ,[3, 1, 2, 4, 5, 6, 7, 8] ,[4, 1, 2, 3, 5, 6, 7, 8]
           ]:
Points:=[[9, 66],[16, 65],[22, 63],[28, 61],[34, 57],[40, 54],[45, 49]
       ,[50, 44],[54, 39],[58, 34],[61, 27],[64, 21],[65, 15],[67, 8]
       ,[67, 1],[67, -6],[66, -12],[64, -19],[62, -25],[59, -32],[56, -37]
       ,[52, -43],[47, -48],[42, -52],[36, -56],[31, -60],[24, -62],[18, -65]
       ,[11, -66],[5, -67] ]:
PointSelection := "QuasiUniformPointsAss(30,67)":
Machine := "Croix":
##############################################################################
Instance:=25000:
PreTime:=   4300.89:
GroebnerTime:= 284507.70:
RealTime:=   5227.68:
Table:=[[0,0,0,0,0,0,0,25000]
       ,[0,0,0,683,1009,2518,2002,18788]
       ,[0,0,0,2771,4216,6859,5593,5561]
       ,[0,0,0,901,5571,8192,7417,2919]]:
CoefficientHeight:=  153.7:
